,2024-06-10 09:00:00,2024-06-10 10:00:00,2024-06-10 11:00:00,2024-06-10 12:00:00,2024-06-10 13:00:00,2024-06-10 14:00:00,2024-06-10 15:00:00,2024-06-10 16:00:00,2024-06-10 17:00:00,2024-06-10 18:00:00,2024-06-10 19:00:00,2024-06-10 20:00:00,2024-06-10 21:00:00,2024-06-10 22:00:00,2024-06-10 23:00:00,2024-06-11 00:00:00,2024-06-11 01:00:00,2024-06-11 02:00:00,2024-06-11 03:00:00,2024-06-11 04:00:00,2024-06-11 05:00:00,2024-06-11 06:00:00,2024-06-11 07:00:00,2024-06-11 08:00:00,2024-06-11 09:00:00,2024-06-11 10:00:00,2024-06-11 11:00:00,2024-06-11 12:00:00,2024-06-11 13:00:00,2024-06-11 14:00:00,2024-06-11 15:00:00,2024-06-11 16:00:00,2024-06-11 17:00:00,2024-06-11 18:00:00,2024-06-11 19:00:00,2024-06-11 20:00:00,2024-06-11 21:00:00,2024-06-11 22:00:00,2024-06-11 23:00:00,2024-06-12 00:00:00,2024-06-12 01:00:00,2024-06-12 02:00:00,2024-06-12 03:00:00,2024-06-12 04:00:00,2024-06-12 05:00:00,2024-06-12 06:00:00,2024-06-12 07:00:00,2024-06-12 08:00:00,2024-06-12 09:00:00,2024-06-12 10:00:00,2024-06-12 11:00:00,2024-06-12 12:00:00,2024-06-12 13:00:00,2024-06-12 14:00:00,2024-06-12 15:00:00,2024-06-12 16:00:00,2024-06-12 17:00:00,2024-06-12 18:00:00,2024-06-12 19:00:00,2024-06-12 20:00:00,2024-06-12 21:00:00,2024-06-12 22:00:00,2024-06-12 23:00:00,2024-06-13 00:00:00,2024-06-13 01:00:00,2024-06-13 02:00:00,2024-06-13 03:00:00,2024-06-13 04:00:00,2024-06-13 05:00:00,2024-06-13 06:00:00,2024-06-13 07:00:00,2024-06-13 08:00:00,2024-06-13 09:00:00,2024-06-13 10:00:00,2024-06-13 11:00:00,2024-06-13 12:00:00,2024-06-13 13:00:00,2024-06-13 14:00:00,2024-06-13 15:00:00,2024-06-13 16:00:00,2024-06-13 17:00:00,2024-06-13 18:00:00,2024-06-13 19:00:00,2024-06-13 20:00:00,2024-06-13 21:00:00,2024-06-13 22:00:00,2024-06-13 23:00:00,2024-06-14 00:00:00,2024-06-14 01:00:00,2024-06-14 02:00:00,2024-06-14 03:00:00,2024-06-14 04:00:00,2024-06-14 05:00:00,2024-06-14 06:00:00,2024-06-14 07:00:00,2024-06-14 08:00:00,2024-06-14 09:00:00,2024-06-14 10:00:00,2024-06-14 11:00:00,2024-06-14 12:00:00,2024-06-14 13:00:00,2024-06-14 14:00:00,2024-06-14 15:00:00,2024-06-14 16:00:00,2024-06-14 17:00:00,2024-06-14 18:00:00,2024-06-14 19:00:00,2024-06-14 20:00:00,2024-06-14 21:00:00,2024-06-14 22:00:00,2024-06-14 23:00:00,2024-06-15 00:00:00,2024-06-15 01:00:00,2024-06-15 02:00:00,2024-06-15 03:00:00,2024-06-15 04:00:00,2024-06-15 05:00:00,2024-06-15 06:00:00,2024-06-15 07:00:00,2024-06-15 08:00:00,2024-06-15 09:00:00,2024-06-15 10:00:00,2024-06-15 11:00:00,2024-06-15 12:00:00,2024-06-15 13:00:00,2024-06-15 14:00:00,2024-06-15 15:00:00,2024-06-15 16:00:00,2024-06-15 17:00:00,2024-06-15 18:00:00,2024-06-15 19:00:00,2024-06-15 20:00:00,2024-06-15 21:00:00,2024-06-15 22:00:00,2024-06-15 23:00:00,2024-06-16 00:00:00,2024-06-16 01:00:00,2024-06-16 02:00:00,2024-06-16 03:00:00,2024-06-16 04:00:00,2024-06-16 05:00:00,2024-06-16 06:00:00,2024-06-16 07:00:00,2024-06-16 08:00:00,2024-06-16 09:00:00,2024-06-16 10:00:00,2024-06-16 11:00:00,2024-06-16 12:00:00,2024-06-16 13:00:00,2024-06-16 14:00:00,2024-06-16 15:00:00,2024-06-16 16:00:00,2024-06-16 17:00:00,2024-06-16 18:00:00,2024-06-16 19:00:00,2024-06-16 20:00:00,2024-06-16 21:00:00,2024-06-16 22:00:00,2024-06-16 23:00:00,2024-06-17 00:00:00,2024-06-17 01:00:00,2024-06-17 02:00:00,2024-06-17 03:00:00,2024-06-17 04:00:00,2024-06-17 05:00:00,2024-06-17 06:00:00,2024-06-17 07:00:00,2024-06-17 08:00:00,2024-06-17 09:00:00,2024-06-17 10:00:00,2024-06-17 11:00:00,2024-06-17 12:00:00,2024-06-17 13:00:00,2024-06-17 14:00:00,2024-06-17 15:00:00,2024-06-17 16:00:00,2024-06-17 17:00:00,2024-06-17 18:00:00,2024-06-17 19:00:00,2024-06-17 20:00:00,2024-06-17 21:00:00,2024-06-17 22:00:00,2024-06-17 23:00:00,2024-06-18 00:00:00,2024-06-18 01:00:00,2024-06-18 02:00:00,2024-06-18 03:00:00,2024-06-18 04:00:00,2024-06-18 05:00:00,2024-06-18 06:00:00,2024-06-18 07:00:00,2024-06-18 08:00:00,2024-06-18 09:00:00,2024-06-18 10:00:00,2024-06-18 11:00:00,2024-06-18 12:00:00,2024-06-18 13:00:00,2024-06-18 14:00:00,2024-06-18 15:00:00,2024-06-18 16:00:00,2024-06-18 17:00:00,2024-06-18 18:00:00,2024-06-18 19:00:00,2024-06-18 20:00:00,2024-06-18 21:00:00,2024-06-18 22:00:00,2024-06-18 23:00:00,2024-06-19 00:00:00,2024-06-19 01:00:00,2024-06-19 02:00:00,2024-06-19 03:00:00,2024-06-19 04:00:00,2024-06-19 05:00:00,2024-06-19 06:00:00,2024-06-19 07:00:00,2024-06-19 08:00:00,2024-06-19 09:00:00,2024-06-19 10:00:00,2024-06-19 11:00:00,2024-06-19 12:00:00,2024-06-19 13:00:00,2024-06-19 14:00:00,2024-06-19 15:00:00,2024-06-19 16:00:00,2024-06-19 17:00:00,2024-06-19 18:00:00,2024-06-19 19:00:00,2024-06-19 20:00:00,2024-06-19 21:00:00,2024-06-19 22:00:00,2024-06-19 23:00:00,2024-06-20 00:00:00,2024-06-20 01:00:00,2024-06-20 02:00:00,2024-06-20 03:00:00,2024-06-20 04:00:00,2024-06-20 05:00:00,2024-06-20 06:00:00,2024-06-20 07:00:00,2024-06-20 08:00:00,2024-06-20 09:00:00,2024-06-20 10:00:00,2024-06-20 11:00:00,2024-06-20 12:00:00,2024-06-20 13:00:00,2024-06-20 14:00:00,2024-06-20 15:00:00,2024-06-20 16:00:00,2024-06-20 17:00:00,2024-06-20 18:00:00,2024-06-20 19:00:00,2024-06-20 20:00:00,2024-06-20 21:00:00,2024-06-20 22:00:00,2024-06-20 23:00:00,2024-06-21 00:00:00,2024-06-21 01:00:00,2024-06-21 02:00:00,2024-06-21 03:00:00,2024-06-21 04:00:00,2024-06-21 05:00:00,2024-06-21 06:00:00,2024-06-21 07:00:00,2024-06-21 08:00:00,2024-06-21 09:00:00,2024-06-21 10:00:00,2024-06-21 11:00:00,2024-06-21 12:00:00,2024-06-21 13:00:00,2024-06-21 14:00:00,2024-06-21 15:00:00,2024-06-21 16:00:00,2024-06-21 17:00:00,2024-06-21 18:00:00,2024-06-21 19:00:00,2024-06-21 20:00:00,2024-06-21 21:00:00,2024-06-21 22:00:00,2024-06-21 23:00:00,2024-06-22 00:00:00,2024-06-22 01:00:00,2024-06-22 02:00:00,2024-06-22 03:00:00,2024-06-22 04:00:00,2024-06-22 05:00:00,2024-06-22 06:00:00,2024-06-22 07:00:00,2024-06-22 08:00:00,2024-06-22 09:00:00,2024-06-22 10:00:00,2024-06-22 11:00:00,2024-06-22 12:00:00,2024-06-22 13:00:00,2024-06-22 14:00:00,2024-06-22 15:00:00,2024-06-22 16:00:00,2024-06-22 17:00:00,2024-06-22 18:00:00,2024-06-22 19:00:00,2024-06-22 20:00:00,2024-06-22 21:00:00,2024-06-22 22:00:00,2024-06-22 23:00:00,2024-06-23 00:00:00,2024-06-23 01:00:00,2024-06-23 02:00:00,2024-06-23 03:00:00,2024-06-23 04:00:00,2024-06-23 05:00:00,2024-06-23 06:00:00,2024-06-23 07:00:00,2024-06-23 08:00:00,2024-06-23 09:00:00,2024-06-23 10:00:00,2024-06-23 11:00:00,2024-06-23 12:00:00,2024-06-23 13:00:00,2024-06-23 14:00:00,2024-06-23 15:00:00,2024-06-23 16:00:00,2024-06-23 17:00:00,2024-06-23 18:00:00,2024-06-23 19:00:00,2024-06-23 20:00:00,2024-06-23 21:00:00,2024-06-23 22:00:00,2024-06-23 23:00:00,2024-06-24 00:00:00,2024-06-24 01:00:00,2024-06-24 02:00:00,2024-06-24 03:00:00,2024-06-24 04:00:00,2024-06-24 05:00:00,2024-06-24 06:00:00,2024-06-24 07:00:00,2024-06-24 08:00:00,2024-06-24 09:00:00,2024-06-24 10:00:00,2024-06-24 11:00:00,2024-06-24 12:00:00,2024-06-24 13:00:00,2024-06-24 14:00:00,2024-06-24 15:00:00,2024-06-24 16:00:00,2024-06-24 17:00:00,2024-06-24 18:00:00,2024-06-24 19:00:00,2024-06-24 20:00:00,2024-06-24 21:00:00,2024-06-24 22:00:00,2024-06-24 23:00:00,2024-06-25 00:00:00,2024-06-25 01:00:00,2024-06-25 02:00:00,2024-06-25 03:00:00,2024-06-25 04:00:00,2024-06-25 05:00:00,2024-06-25 06:00:00,2024-06-25 07:00:00,2024-06-25 08:00:00,2024-06-25 09:00:00,2024-06-25 10:00:00,2024-06-25 11:00:00,2024-06-25 12:00:00,2024-06-25 13:00:00,2024-06-25 14:00:00,2024-06-25 15:00:00,2024-06-25 16:00:00,2024-06-25 17:00:00,2024-06-25 18:00:00,2024-06-25 19:00:00,2024-06-25 20:00:00,2024-06-25 21:00:00,2024-06-25 22:00:00,2024-06-25 23:00:00,2024-06-26 00:00:00,2024-06-26 01:00:00,2024-06-26 02:00:00,2024-06-26 03:00:00,2024-06-26 04:00:00,2024-06-26 05:00:00,2024-06-26 06:00:00,2024-06-26 07:00:00,2024-06-26 08:00:00,2024-06-26 09:00:00,2024-06-26 10:00:00,2024-06-26 11:00:00,2024-06-26 12:00:00,2024-06-26 13:00:00,2024-06-26 14:00:00,2024-06-26 15:00:00,2024-06-26 16:00:00,2024-06-26 17:00:00,2024-06-26 18:00:00,2024-06-26 19:00:00,2024-06-26 20:00:00,2024-06-26 21:00:00,2024-06-26 22:00:00,2024-06-26 23:00:00,2024-06-27 00:00:00,2024-06-27 01:00:00,2024-06-27 02:00:00,2024-06-27 03:00:00,2024-06-27 04:00:00,2024-06-27 05:00:00,2024-06-27 06:00:00,2024-06-27 07:00:00,2024-06-27 08:00:00,2024-06-27 09:00:00,2024-06-27 10:00:00,2024-06-27 11:00:00,2024-06-27 12:00:00,2024-06-27 13:00:00,2024-06-27 14:00:00,2024-06-27 15:00:00,2024-06-27 16:00:00,2024-06-27 17:00:00,2024-06-27 18:00:00,2024-06-27 19:00:00,2024-06-27 20:00:00,2024-06-27 21:00:00,2024-06-27 22:00:00,2024-06-27 23:00:00,2024-06-28 00:00:00,2024-06-28 01:00:00,2024-06-28 02:00:00,2024-06-28 03:00:00,2024-06-28 04:00:00,2024-06-28 05:00:00,2024-06-28 06:00:00,2024-06-28 07:00:00,2024-06-28 08:00:00,2024-06-28 09:00:00,2024-06-28 10:00:00,2024-06-28 11:00:00,2024-06-28 12:00:00,2024-06-28 13:00:00,2024-06-28 14:00:00,2024-06-28 15:00:00,2024-06-28 16:00:00,2024-06-28 17:00:00,2024-06-28 18:00:00,2024-06-28 19:00:00,2024-06-28 20:00:00,2024-06-28 21:00:00,2024-06-28 22:00:00,2024-06-28 23:00:00,2024-06-29 00:00:00,2024-06-29 01:00:00,2024-06-29 02:00:00,2024-06-29 03:00:00,2024-06-29 04:00:00,2024-06-29 05:00:00,2024-06-29 06:00:00,2024-06-29 07:00:00,2024-06-29 08:00:00,2024-06-29 09:00:00,2024-06-29 10:00:00,2024-06-29 11:00:00,2024-06-29 12:00:00,2024-06-29 13:00:00,2024-06-29 14:00:00,2024-06-29 15:00:00,2024-06-29 16:00:00,2024-06-29 17:00:00,2024-06-29 18:00:00,2024-06-29 19:00:00,2024-06-29 20:00:00,2024-06-29 21:00:00,2024-06-29 22:00:00,2024-06-29 23:00:00,2024-06-30 00:00:00,2024-06-30 01:00:00,2024-06-30 02:00:00,2024-06-30 03:00:00,2024-06-30 04:00:00,2024-06-30 05:00:00,2024-06-30 06:00:00,2024-06-30 07:00:00,2024-06-30 08:00:00,2024-06-30 09:00:00,2024-06-30 10:00:00,2024-06-30 11:00:00,2024-06-30 12:00:00,2024-06-30 13:00:00,2024-06-30 14:00:00,2024-06-30 15:00:00,2024-06-30 16:00:00,2024-06-30 17:00:00,2024-06-30 18:00:00,2024-06-30 19:00:00,2024-06-30 20:00:00,2024-06-30 21:00:00,2024-06-30 22:00:00,2024-06-30 23:00:00,2024-07-01 00:00:00,2024-07-01 01:00:00,2024-07-01 02:00:00,2024-07-01 03:00:00,2024-07-01 04:00:00,2024-07-01 05:00:00,2024-07-01 06:00:00,2024-07-01 07:00:00,2024-07-01 08:00:00,2024-07-01 09:00:00,2024-07-01 10:00:00,2024-07-01 11:00:00,2024-07-01 12:00:00,2024-07-01 13:00:00,2024-07-01 14:00:00,2024-07-01 15:00:00,2024-07-01 16:00:00,2024-07-01 17:00:00,2024-07-01 18:00:00,2024-07-01 19:00:00,2024-07-01 20:00:00,2024-07-01 21:00:00,2024-07-01 22:00:00,2024-07-01 23:00:00,2024-07-02 00:00:00,2024-07-02 01:00:00,2024-07-02 02:00:00,2024-07-02 03:00:00,2024-07-02 04:00:00,2024-07-02 05:00:00,2024-07-02 06:00:00,2024-07-02 07:00:00,2024-07-02 08:00:00,2024-07-02 09:00:00,2024-07-02 10:00:00,2024-07-02 11:00:00,2024-07-02 12:00:00,2024-07-02 13:00:00,2024-07-02 14:00:00,2024-07-02 15:00:00,2024-07-02 16:00:00,2024-07-02 17:00:00,2024-07-02 18:00:00,2024-07-02 19:00:00,2024-07-02 20:00:00,2024-07-02 21:00:00,2024-07-02 22:00:00,2024-07-02 23:00:00,2024-07-03 00:00:00,2024-07-03 01:00:00,2024-07-03 02:00:00,2024-07-03 03:00:00,2024-07-03 04:00:00,2024-07-03 05:00:00,2024-07-03 06:00:00,2024-07-03 07:00:00,2024-07-03 08:00:00,2024-07-03 09:00:00,2024-07-03 10:00:00,2024-07-03 11:00:00,2024-07-03 12:00:00,2024-07-03 13:00:00,2024-07-03 14:00:00,2024-07-03 15:00:00,2024-07-03 16:00:00,2024-07-03 17:00:00,2024-07-03 18:00:00,2024-07-03 19:00:00,2024-07-03 20:00:00,2024-07-03 21:00:00,2024-07-03 22:00:00,2024-07-03 23:00:00,2024-07-04 00:00:00,2024-07-04 01:00:00,2024-07-04 02:00:00,2024-07-04 03:00:00,2024-07-04 04:00:00,2024-07-04 05:00:00,2024-07-04 06:00:00,2024-07-04 07:00:00,2024-07-04 08:00:00,2024-07-04 09:00:00,2024-07-04 10:00:00,2024-07-04 11:00:00,2024-07-04 12:00:00,2024-07-04 13:00:00,2024-07-04 14:00:00,2024-07-04 15:00:00,2024-07-04 16:00:00,2024-07-04 17:00:00,2024-07-04 18:00:00,2024-07-04 19:00:00,2024-07-04 20:00:00,2024-07-04 21:00:00,2024-07-04 22:00:00,2024-07-04 23:00:00,2024-07-05 00:00:00,2024-07-05 01:00:00,2024-07-05 02:00:00,2024-07-05 03:00:00,2024-07-05 04:00:00,2024-07-05 05:00:00,2024-07-05 06:00:00,2024-07-05 07:00:00,2024-07-05 08:00:00,2024-07-05 09:00:00,2024-07-05 10:00:00,2024-07-05 11:00:00,2024-07-05 12:00:00,2024-07-05 13:00:00,2024-07-05 14:00:00,2024-07-05 15:00:00,2024-07-05 16:00:00,2024-07-05 17:00:00,2024-07-05 18:00:00,2024-07-05 19:00:00,2024-07-05 20:00:00,2024-07-05 21:00:00,2024-07-05 22:00:00,2024-07-05 23:00:00,2024-07-06 00:00:00,2024-07-06 01:00:00,2024-07-06 02:00:00,2024-07-06 03:00:00,2024-07-06 04:00:00,2024-07-06 05:00:00,2024-07-06 06:00:00,2024-07-06 07:00:00,2024-07-06 08:00:00,2024-07-06 09:00:00,2024-07-06 10:00:00,2024-07-06 11:00:00,2024-07-06 12:00:00,2024-07-06 13:00:00,2024-07-06 14:00:00,2024-07-06 15:00:00,2024-07-06 16:00:00,2024-07-06 17:00:00,2024-07-06 18:00:00,2024-07-06 19:00:00,2024-07-06 20:00:00,2024-07-06 21:00:00,2024-07-06 22:00:00,2024-07-06 23:00:00,2024-07-07 00:00:00,2024-07-07 01:00:00,2024-07-07 02:00:00,2024-07-07 03:00:00,2024-07-07 04:00:00,2024-07-07 05:00:00,2024-07-07 06:00:00,2024-07-07 07:00:00,2024-07-07 08:00:00,2024-07-07 09:00:00,2024-07-07 10:00:00,2024-07-07 11:00:00,2024-07-07 12:00:00,2024-07-07 13:00:00,2024-07-07 14:00:00,2024-07-07 15:00:00,2024-07-07 16:00:00,2024-07-07 17:00:00,2024-07-07 18:00:00,2024-07-07 19:00:00,2024-07-07 20:00:00,2024-07-07 21:00:00,2024-07-07 22:00:00,2024-07-07 23:00:00,2024-07-08 00:00:00,2024-07-08 01:00:00,2024-07-08 02:00:00,2024-07-08 03:00:00,2024-07-08 04:00:00,2024-07-08 05:00:00,2024-07-08 06:00:00,2024-07-08 07:00:00,2024-07-08 08:00:00,2024-07-08 09:00:00,2024-07-08 10:00:00,2024-07-08 11:00:00,2024-07-08 12:00:00,2024-07-08 13:00:00,2024-07-08 14:00:00,2024-07-08 15:00:00,2024-07-08 16:00:00,2024-07-08 17:00:00,2024-07-08 18:00:00,2024-07-08 19:00:00,2024-07-08 20:00:00,2024-07-08 21:00:00,2024-07-08 22:00:00,2024-07-08 23:00:00,2024-07-09 00:00:00,2024-07-09 01:00:00,2024-07-09 02:00:00,2024-07-09 03:00:00,2024-07-09 04:00:00,2024-07-09 05:00:00,2024-07-09 06:00:00,2024-07-09 07:00:00,2024-07-09 08:00:00,2024-07-09 09:00:00,2024-07-09 10:00:00,2024-07-09 11:00:00,2024-07-09 12:00:00,2024-07-09 13:00:00,2024-07-09 14:00:00,2024-07-09 15:00:00,2024-07-09 16:00:00,2024-07-09 17:00:00,2024-07-09 18:00:00,2024-07-09 19:00:00,2024-07-09 20:00:00,2024-07-09 21:00:00,2024-07-09 22:00:00,2024-07-09 23:00:00,2024-07-10 00:00:00,2024-07-10 01:00:00,2024-07-10 02:00:00,2024-07-10 03:00:00,2024-07-10 04:00:00,2024-07-10 05:00:00,2024-07-10 06:00:00,2024-07-10 07:00:00,2024-07-10 08:00:00,2024-07-10 09:00:00,2024-07-10 10:00:00,2024-07-10 11:00:00,2024-07-10 12:00:00,2024-07-10 13:00:00,2024-07-10 14:00:00,2024-07-10 15:00:00,2024-07-10 16:00:00,2024-07-10 17:00:00,2024-07-10 18:00:00,2024-07-10 19:00:00,2024-07-10 20:00:00,2024-07-10 21:00:00,2024-07-10 22:00:00,2024-07-10 23:00:00,2024-07-11 00:00:00,2024-07-11 01:00:00,2024-07-11 02:00:00,2024-07-11 03:00:00,2024-07-11 04:00:00,2024-07-11 05:00:00,2024-07-11 06:00:00,2024-07-11 07:00:00,2024-07-11 08:00:00,2024-07-11 09:00:00,2024-07-11 10:00:00,2024-07-11 11:00:00,2024-07-11 12:00:00,2024-07-11 13:00:00,2024-07-11 14:00:00,2024-07-11 15:00:00,2024-07-11 16:00:00,2024-07-11 17:00:00,2024-07-11 18:00:00,2024-07-11 19:00:00,2024-07-11 20:00:00,2024-07-11 21:00:00,2024-07-11 22:00:00,2024-07-11 23:00:00,2024-07-12 00:00:00,2024-07-12 01:00:00,2024-07-12 02:00:00,2024-07-12 03:00:00,2024-07-12 04:00:00,2024-07-12 05:00:00,2024-07-12 06:00:00,2024-07-12 07:00:00,2024-07-12 08:00:00,2024-07-12 09:00:00,2024-07-12 10:00:00,2024-07-12 11:00:00,2024-07-12 12:00:00,2024-07-12 13:00:00,2024-07-12 14:00:00,2024-07-12 15:00:00,2024-07-12 16:00:00,2024-07-12 17:00:00,2024-07-12 18:00:00,2024-07-12 19:00:00,2024-07-12 20:00:00,2024-07-12 21:00:00,2024-07-12 22:00:00,2024-07-12 23:00:00,2024-07-13 00:00:00,2024-07-13 01:00:00,2024-07-13 02:00:00,2024-07-13 03:00:00,2024-07-13 04:00:00,2024-07-13 05:00:00,2024-07-13 06:00:00,2024-07-13 07:00:00,2024-07-13 08:00:00,2024-07-13 09:00:00,2024-07-13 10:00:00,2024-07-13 11:00:00,2024-07-13 12:00:00,2024-07-13 13:00:00,2024-07-13 14:00:00,2024-07-13 15:00:00,2024-07-13 16:00:00,2024-07-13 17:00:00,2024-07-13 18:00:00,2024-07-13 19:00:00,2024-07-13 20:00:00,2024-07-13 21:00:00,2024-07-13 22:00:00,2024-07-13 23:00:00,2024-07-14 00:00:00,2024-07-14 01:00:00,2024-07-14 02:00:00,2024-07-14 03:00:00,2024-07-14 04:00:00,2024-07-14 05:00:00,2024-07-14 06:00:00,2024-07-14 07:00:00,2024-07-14 08:00:00,2024-07-14 09:00:00,2024-07-14 10:00:00,2024-07-14 11:00:00,2024-07-14 12:00:00,2024-07-14 13:00:00,2024-07-14 14:00:00,2024-07-14 15:00:00,2024-07-14 16:00:00,2024-07-14 17:00:00,2024-07-14 18:00:00,2024-07-14 19:00:00,2024-07-14 20:00:00,2024-07-14 21:00:00,2024-07-14 22:00:00,2024-07-14 23:00:00,2024-07-15 00:00:00,2024-07-15 01:00:00,2024-07-15 02:00:00,2024-07-15 03:00:00,2024-07-15 04:00:00,2024-07-15 05:00:00,2024-07-15 06:00:00,2024-07-15 07:00:00,2024-07-15 08:00:00,2024-07-15 09:00:00,2024-07-15 10:00:00,2024-07-15 11:00:00,2024-07-15 12:00:00,2024-07-15 13:00:00,2024-07-15 14:00:00,2024-07-15 15:00:00,2024-07-15 16:00:00,2024-07-15 17:00:00,2024-07-15 18:00:00,2024-07-15 19:00:00,2024-07-15 20:00:00,2024-07-15 21:00:00,2024-07-15 22:00:00,2024-07-15 23:00:00,2024-07-16 00:00:00,2024-07-16 01:00:00,2024-07-16 02:00:00,2024-07-16 03:00:00,2024-07-16 04:00:00,2024-07-16 05:00:00,2024-07-16 06:00:00,2024-07-16 07:00:00,2024-07-16 08:00:00,2024-07-16 09:00:00,2024-07-16 10:00:00,2024-07-16 11:00:00,2024-07-16 12:00:00,2024-07-16 13:00:00,2024-07-16 14:00:00,2024-07-16 15:00:00,2024-07-16 16:00:00,2024-07-16 17:00:00,2024-07-16 18:00:00,2024-07-16 19:00:00,2024-07-16 20:00:00,2024-07-16 21:00:00,2024-07-16 22:00:00,2024-07-16 23:00:00,2024-07-17 00:00:00,2024-07-17 01:00:00,2024-07-17 02:00:00,2024-07-17 03:00:00,2024-07-17 04:00:00,2024-07-17 05:00:00,2024-07-17 06:00:00,2024-07-17 07:00:00,2024-07-17 08:00:00,2024-07-17 09:00:00,2024-07-17 10:00:00,2024-07-17 11:00:00,2024-07-17 12:00:00,2024-07-17 13:00:00,2024-07-17 14:00:00,2024-07-17 15:00:00,2024-07-17 16:00:00,2024-07-17 17:00:00,2024-07-17 18:00:00,2024-07-17 19:00:00,2024-07-17 20:00:00,2024-07-17 21:00:00,2024-07-17 22:00:00,2024-07-17 23:00:00,2024-07-18 00:00:00,2024-07-18 01:00:00,2024-07-18 02:00:00,2024-07-18 03:00:00,2024-07-18 04:00:00,2024-07-18 05:00:00,2024-07-18 06:00:00,2024-07-18 07:00:00,2024-07-18 08:00:00,2024-07-18 09:00:00,2024-07-18 10:00:00,2024-07-18 11:00:00,2024-07-18 12:00:00,2024-07-18 13:00:00,2024-07-18 14:00:00,2024-07-18 15:00:00,2024-07-18 16:00:00,2024-07-18 17:00:00,2024-07-18 18:00:00,2024-07-18 19:00:00,2024-07-18 20:00:00,2024-07-18 21:00:00,2024-07-18 22:00:00,2024-07-18 23:00:00,2024-07-19 00:00:00,2024-07-19 01:00:00,2024-07-19 02:00:00,2024-07-19 03:00:00,2024-07-19 04:00:00,2024-07-19 05:00:00,2024-07-19 06:00:00,2024-07-19 07:00:00,2024-07-19 08:00:00,2024-07-19 09:00:00,2024-07-19 10:00:00,2024-07-19 11:00:00,2024-07-19 12:00:00,2024-07-19 13:00:00,2024-07-19 14:00:00,2024-07-19 15:00:00,2024-07-19 16:00:00,2024-07-19 17:00:00,2024-07-19 18:00:00,2024-07-19 19:00:00,2024-07-19 20:00:00,2024-07-19 21:00:00,2024-07-19 22:00:00,2024-07-19 23:00:00,2024-07-20 00:00:00,2024-07-20 01:00:00,2024-07-20 02:00:00,2024-07-20 03:00:00,2024-07-20 04:00:00,2024-07-20 05:00:00,2024-07-20 06:00:00,2024-07-20 07:00:00,2024-07-20 08:00:00,2024-07-20 09:00:00,2024-07-20 10:00:00,2024-07-20 11:00:00,2024-07-20 12:00:00,2024-07-20 13:00:00,2024-07-20 14:00:00,2024-07-20 15:00:00,2024-07-20 16:00:00,2024-07-20 17:00:00,2024-07-20 18:00:00,2024-07-20 19:00:00,2024-07-20 20:00:00,2024-07-20 21:00:00,2024-07-20 22:00:00,2024-07-20 23:00:00,2024-07-21 00:00:00,2024-07-21 01:00:00,2024-07-21 02:00:00,2024-07-21 03:00:00,2024-07-21 04:00:00,2024-07-21 05:00:00,2024-07-21 06:00:00,2024-07-21 07:00:00,2024-07-21 08:00:00,2024-07-21 09:00:00,2024-07-21 10:00:00,2024-07-21 11:00:00,2024-07-21 12:00:00,2024-07-21 13:00:00,2024-07-21 14:00:00,2024-07-21 15:00:00,2024-07-21 16:00:00,2024-07-21 17:00:00,2024-07-21 18:00:00,2024-07-21 19:00:00,2024-07-21 20:00:00,2024-07-21 21:00:00,2024-07-21 22:00:00,2024-07-21 23:00:00,2024-07-22 00:00:00,2024-07-22 01:00:00,2024-07-22 02:00:00,2024-07-22 03:00:00,2024-07-22 04:00:00,2024-07-22 05:00:00,2024-07-22 06:00:00,2024-07-22 07:00:00,2024-07-22 08:00:00,2024-07-22 09:00:00,2024-07-22 10:00:00,2024-07-22 11:00:00,2024-07-22 12:00:00,2024-07-22 13:00:00,2024-07-22 14:00:00,2024-07-22 15:00:00,2024-07-22 16:00:00,2024-07-22 17:00:00,2024-07-22 18:00:00,2024-07-22 19:00:00,2024-07-22 20:00:00,2024-07-22 21:00:00,2024-07-22 22:00:00,2024-07-22 23:00:00,2024-07-23 00:00:00,2024-07-23 01:00:00,2024-07-23 02:00:00,2024-07-23 03:00:00,2024-07-23 04:00:00,2024-07-23 05:00:00,2024-07-23 06:00:00,2024-07-23 07:00:00,2024-07-23 08:00:00,2024-07-23 09:00:00,2024-07-23 10:00:00,2024-07-23 11:00:00,2024-07-23 12:00:00,2024-07-23 13:00:00,2024-07-23 14:00:00,2024-07-23 15:00:00,2024-07-23 16:00:00,2024-07-23 17:00:00,2024-07-23 18:00:00,2024-07-23 19:00:00,2024-07-23 20:00:00,2024-07-23 21:00:00,2024-07-23 22:00:00,2024-07-23 23:00:00,2024-07-24 00:00:00,2024-07-24 01:00:00,2024-07-24 02:00:00,2024-07-24 03:00:00,2024-07-24 04:00:00,2024-07-24 05:00:00,2024-07-24 06:00:00,2024-07-24 07:00:00,2024-07-24 08:00:00,2024-07-24 09:00:00,2024-07-24 10:00:00,2024-07-24 11:00:00,2024-07-24 12:00:00,2024-07-24 13:00:00,2024-07-24 14:00:00,2024-07-24 15:00:00,2024-07-24 16:00:00,2024-07-24 17:00:00,2024-07-24 18:00:00,2024-07-24 19:00:00,2024-07-24 20:00:00,2024-07-24 21:00:00,2024-07-24 22:00:00,2024-07-24 23:00:00,2024-07-25 00:00:00,2024-07-25 01:00:00,2024-07-25 02:00:00,2024-07-25 03:00:00,2024-07-25 04:00:00,2024-07-25 05:00:00,2024-07-25 06:00:00,2024-07-25 07:00:00,2024-07-25 08:00:00,2024-07-25 09:00:00,2024-07-25 10:00:00,2024-07-25 11:00:00,2024-07-25 12:00:00,2024-07-25 13:00:00,2024-07-25 14:00:00,2024-07-25 15:00:00,2024-07-25 16:00:00,2024-07-25 17:00:00,2024-07-25 18:00:00,2024-07-25 19:00:00,2024-07-25 20:00:00,2024-07-25 21:00:00,2024-07-25 22:00:00,2024-07-25 23:00:00,2024-07-26 00:00:00,2024-07-26 01:00:00,2024-07-26 02:00:00,2024-07-26 03:00:00,2024-07-26 04:00:00,2024-07-26 05:00:00,2024-07-26 06:00:00,2024-07-26 07:00:00,2024-07-26 08:00:00,2024-07-26 09:00:00,2024-07-26 10:00:00,2024-07-26 11:00:00,2024-07-26 12:00:00,2024-07-26 13:00:00,2024-07-26 14:00:00,2024-07-26 15:00:00,2024-07-26 16:00:00,2024-07-26 17:00:00,2024-07-26 18:00:00,2024-07-26 19:00:00,2024-07-26 20:00:00,2024-07-26 21:00:00,2024-07-26 22:00:00,2024-07-26 23:00:00,2024-07-27 00:00:00,2024-07-27 01:00:00,2024-07-27 02:00:00,2024-07-27 03:00:00,2024-07-27 04:00:00,2024-07-27 05:00:00,2024-07-27 06:00:00,2024-07-27 07:00:00,2024-07-27 08:00:00,2024-07-27 09:00:00,2024-07-27 10:00:00,2024-07-27 11:00:00,2024-07-27 12:00:00,2024-07-27 13:00:00,2024-07-27 14:00:00,2024-07-27 15:00:00,2024-07-27 16:00:00,2024-07-27 17:00:00,2024-07-27 18:00:00,2024-07-27 19:00:00,2024-07-27 20:00:00,2024-07-27 21:00:00,2024-07-27 22:00:00,2024-07-27 23:00:00,2024-07-28 00:00:00,2024-07-28 01:00:00,2024-07-28 02:00:00,2024-07-28 03:00:00,2024-07-28 04:00:00,2024-07-28 05:00:00,2024-07-28 06:00:00,2024-07-28 07:00:00,2024-07-28 08:00:00,2024-07-28 09:00:00,2024-07-28 10:00:00,2024-07-28 11:00:00,2024-07-28 12:00:00,2024-07-28 13:00:00,2024-07-28 14:00:00,2024-07-28 15:00:00,2024-07-28 16:00:00,2024-07-28 17:00:00,2024-07-28 18:00:00,2024-07-28 19:00:00,2024-07-28 20:00:00,2024-07-28 21:00:00,2024-07-28 22:00:00,2024-07-28 23:00:00,2024-07-29 00:00:00,2024-07-29 01:00:00,2024-07-29 02:00:00,2024-07-29 03:00:00,2024-07-29 04:00:00,2024-07-29 05:00:00,2024-07-29 06:00:00,2024-07-29 07:00:00,2024-07-29 08:00:00,2024-07-29 09:00:00,2024-07-29 10:00:00,2024-07-29 11:00:00,2024-07-29 12:00:00,2024-07-29 13:00:00,2024-07-29 14:00:00,2024-07-29 15:00:00,2024-07-29 16:00:00,2024-07-29 17:00:00,2024-07-29 18:00:00,2024-07-29 19:00:00,2024-07-29 20:00:00,2024-07-29 21:00:00,2024-07-29 22:00:00,2024-07-29 23:00:00,2024-07-30 00:00:00,2024-07-30 01:00:00,2024-07-30 02:00:00,2024-07-30 03:00:00,2024-07-30 04:00:00,2024-07-30 05:00:00,2024-07-30 06:00:00,2024-07-30 07:00:00,2024-07-30 08:00:00,2024-07-30 09:00:00,2024-07-30 10:00:00,2024-07-30 11:00:00,2024-07-30 12:00:00,2024-07-30 13:00:00,2024-07-30 14:00:00,2024-07-30 15:00:00,2024-07-30 16:00:00,2024-07-30 17:00:00,2024-07-30 18:00:00,2024-07-30 19:00:00,2024-07-30 20:00:00,2024-07-30 21:00:00,2024-07-30 22:00:00,2024-07-30 23:00:00,2024-07-31 00:00:00,2024-07-31 01:00:00,2024-07-31 02:00:00,2024-07-31 03:00:00,2024-07-31 04:00:00,2024-07-31 05:00:00,2024-07-31 06:00:00,2024-07-31 07:00:00,2024-07-31 08:00:00,2024-07-31 09:00:00,2024-07-31 10:00:00,2024-07-31 11:00:00,2024-07-31 12:00:00,2024-07-31 13:00:00,2024-07-31 14:00:00,2024-07-31 15:00:00,2024-07-31 16:00:00,2024-07-31 17:00:00,2024-07-31 18:00:00,2024-07-31 19:00:00,2024-07-31 20:00:00,2024-07-31 21:00:00,2024-07-31 22:00:00,2024-07-31 23:00:00,2024-08-01 00:00:00,2024-08-01 01:00:00,2024-08-01 02:00:00,2024-08-01 03:00:00,2024-08-01 04:00:00,2024-08-01 05:00:00,2024-08-01 06:00:00,2024-08-01 07:00:00,2024-08-01 08:00:00,2024-08-01 09:00:00,2024-08-01 10:00:00,2024-08-01 11:00:00,2024-08-01 12:00:00,2024-08-01 13:00:00,2024-08-01 14:00:00,2024-08-01 15:00:00,2024-08-01 16:00:00,2024-08-01 17:00:00,2024-08-01 18:00:00,2024-08-01 19:00:00,2024-08-01 20:00:00,2024-08-01 21:00:00,2024-08-01 22:00:00,2024-08-01 23:00:00,2024-08-02 00:00:00,2024-08-02 01:00:00,2024-08-02 02:00:00,2024-08-02 03:00:00,2024-08-02 04:00:00,2024-08-02 05:00:00,2024-08-02 06:00:00,2024-08-02 07:00:00,2024-08-02 08:00:00,2024-08-02 09:00:00,2024-08-02 10:00:00,2024-08-02 11:00:00,2024-08-02 12:00:00,2024-08-02 13:00:00,2024-08-02 14:00:00,2024-08-02 15:00:00,2024-08-02 16:00:00,2024-08-02 17:00:00,2024-08-02 18:00:00,2024-08-02 19:00:00,2024-08-02 20:00:00,2024-08-02 21:00:00,2024-08-02 22:00:00,2024-08-02 23:00:00,2024-08-03 00:00:00,2024-08-03 01:00:00,2024-08-03 02:00:00,2024-08-03 03:00:00,2024-08-03 04:00:00,2024-08-03 05:00:00,2024-08-03 06:00:00,2024-08-03 07:00:00,2024-08-03 08:00:00,2024-08-03 09:00:00,2024-08-03 10:00:00,2024-08-03 11:00:00,2024-08-03 12:00:00,2024-08-03 13:00:00,2024-08-03 14:00:00,2024-08-03 15:00:00,2024-08-03 16:00:00,2024-08-03 17:00:00,2024-08-03 18:00:00,2024-08-03 19:00:00,2024-08-03 20:00:00,2024-08-03 21:00:00,2024-08-03 22:00:00,2024-08-03 23:00:00,2024-08-04 00:00:00,2024-08-04 01:00:00,2024-08-04 02:00:00,2024-08-04 03:00:00,2024-08-04 04:00:00,2024-08-04 05:00:00,2024-08-04 06:00:00,2024-08-04 07:00:00,2024-08-04 08:00:00,2024-08-04 09:00:00,2024-08-04 10:00:00,2024-08-04 11:00:00,2024-08-04 12:00:00,2024-08-04 13:00:00,2024-08-04 14:00:00,2024-08-04 15:00:00,2024-08-04 16:00:00,2024-08-04 17:00:00,2024-08-04 18:00:00,2024-08-04 19:00:00,2024-08-04 20:00:00,2024-08-04 21:00:00,2024-08-04 22:00:00,2024-08-04 23:00:00,2024-08-05 00:00:00,2024-08-05 01:00:00,2024-08-05 02:00:00,2024-08-05 03:00:00,2024-08-05 04:00:00,2024-08-05 05:00:00,2024-08-05 06:00:00,2024-08-05 07:00:00,2024-08-05 08:00:00,2024-08-05 09:00:00,2024-08-05 10:00:00,2024-08-05 11:00:00,2024-08-05 12:00:00,2024-08-05 13:00:00,2024-08-05 14:00:00,2024-08-05 15:00:00,2024-08-05 16:00:00,2024-08-05 17:00:00,2024-08-05 18:00:00,2024-08-05 19:00:00,2024-08-05 20:00:00,2024-08-05 21:00:00,2024-08-05 22:00:00,2024-08-05 23:00:00,2024-08-06 00:00:00,2024-08-06 01:00:00,2024-08-06 02:00:00,2024-08-06 03:00:00,2024-08-06 04:00:00,2024-08-06 05:00:00,2024-08-06 06:00:00,2024-08-06 07:00:00,2024-08-06 08:00:00,2024-08-06 09:00:00,2024-08-06 10:00:00,2024-08-06 11:00:00,2024-08-06 12:00:00,2024-08-06 13:00:00,2024-08-06 14:00:00,2024-08-06 15:00:00,2024-08-06 16:00:00,2024-08-06 17:00:00,2024-08-06 18:00:00,2024-08-06 19:00:00,2024-08-06 20:00:00,2024-08-06 21:00:00,2024-08-06 22:00:00,2024-08-06 23:00:00,2024-08-07 00:00:00,2024-08-07 01:00:00,2024-08-07 02:00:00,2024-08-07 03:00:00,2024-08-07 04:00:00,2024-08-07 05:00:00,2024-08-07 06:00:00,2024-08-07 07:00:00,2024-08-07 08:00:00,2024-08-07 09:00:00,2024-08-07 10:00:00,2024-08-07 11:00:00,2024-08-07 12:00:00,2024-08-07 13:00:00,2024-08-07 14:00:00,2024-08-07 15:00:00,2024-08-07 16:00:00,2024-08-07 17:00:00,2024-08-07 18:00:00,2024-08-07 19:00:00,2024-08-07 20:00:00,2024-08-07 21:00:00,2024-08-07 22:00:00,2024-08-07 23:00:00,2024-08-08 00:00:00,2024-08-08 01:00:00,2024-08-08 02:00:00,2024-08-08 03:00:00,2024-08-08 04:00:00,2024-08-08 05:00:00,2024-08-08 06:00:00,2024-08-08 07:00:00,2024-08-08 08:00:00,2024-08-08 09:00:00,2024-08-08 10:00:00,2024-08-08 11:00:00,2024-08-08 12:00:00,2024-08-08 13:00:00,2024-08-08 14:00:00,2024-08-08 15:00:00,2024-08-08 16:00:00,2024-08-08 17:00:00,2024-08-08 18:00:00,2024-08-08 19:00:00,2024-08-08 20:00:00,2024-08-08 21:00:00,2024-08-08 22:00:00,2024-08-08 23:00:00,2024-08-09 00:00:00,2024-08-09 01:00:00,2024-08-09 02:00:00,2024-08-09 03:00:00,2024-08-09 04:00:00,2024-08-09 05:00:00,2024-08-09 06:00:00,2024-08-09 07:00:00,2024-08-09 08:00:00,2024-08-09 09:00:00,2024-08-09 10:00:00,2024-08-09 11:00:00,2024-08-09 12:00:00,2024-08-09 13:00:00,2024-08-09 14:00:00,2024-08-09 15:00:00,2024-08-09 16:00:00,2024-08-09 17:00:00,2024-08-09 18:00:00,2024-08-09 19:00:00,2024-08-09 20:00:00,2024-08-09 21:00:00,2024-08-09 22:00:00,2024-08-09 23:00:00,2024-08-10 00:00:00,2024-08-10 01:00:00,2024-08-10 02:00:00,2024-08-10 03:00:00,2024-08-10 04:00:00,2024-08-10 05:00:00,2024-08-10 06:00:00,2024-08-10 07:00:00,2024-08-10 08:00:00,2024-08-10 09:00:00,2024-08-10 10:00:00,2024-08-10 11:00:00,2024-08-10 12:00:00,2024-08-10 13:00:00,2024-08-10 14:00:00,2024-08-10 15:00:00,2024-08-10 16:00:00,2024-08-10 17:00:00,2024-08-10 18:00:00,2024-08-10 19:00:00,2024-08-10 20:00:00,2024-08-10 21:00:00,2024-08-10 22:00:00,2024-08-10 23:00:00,2024-08-11 00:00:00,2024-08-11 01:00:00,2024-08-11 02:00:00,2024-08-11 03:00:00,2024-08-11 04:00:00,2024-08-11 05:00:00,2024-08-11 06:00:00,2024-08-11 07:00:00,2024-08-11 08:00:00,2024-08-11 09:00:00,2024-08-11 10:00:00,2024-08-11 11:00:00,2024-08-11 12:00:00,2024-08-11 13:00:00,2024-08-11 14:00:00,2024-08-11 15:00:00,2024-08-11 16:00:00,2024-08-11 17:00:00,2024-08-11 18:00:00,2024-08-11 19:00:00,2024-08-11 20:00:00,2024-08-11 21:00:00,2024-08-11 22:00:00,2024-08-11 23:00:00,2024-08-12 00:00:00,2024-08-12 01:00:00,2024-08-12 02:00:00,2024-08-12 03:00:00,2024-08-12 04:00:00,2024-08-12 05:00:00,2024-08-12 06:00:00,2024-08-12 07:00:00,2024-08-12 08:00:00,2024-08-12 09:00:00,2024-08-12 10:00:00,2024-08-12 11:00:00,2024-08-12 12:00:00,2024-08-12 13:00:00,2024-08-12 14:00:00,2024-08-12 15:00:00,2024-08-12 16:00:00,2024-08-12 17:00:00,2024-08-12 18:00:00,2024-08-12 19:00:00,2024-08-12 20:00:00,2024-08-12 21:00:00,2024-08-12 22:00:00,2024-08-12 23:00:00,2024-08-13 00:00:00,2024-08-13 01:00:00,2024-08-13 02:00:00,2024-08-13 03:00:00,2024-08-13 04:00:00,2024-08-13 05:00:00,2024-08-13 06:00:00,2024-08-13 07:00:00,2024-08-13 08:00:00,2024-08-13 09:00:00,2024-08-13 10:00:00,2024-08-13 11:00:00,2024-08-13 12:00:00,2024-08-13 13:00:00,2024-08-13 14:00:00,2024-08-13 15:00:00,2024-08-13 16:00:00,2024-08-13 17:00:00,2024-08-13 18:00:00,2024-08-13 19:00:00,2024-08-13 20:00:00,2024-08-13 21:00:00,2024-08-13 22:00:00,2024-08-13 23:00:00,2024-08-14 00:00:00,2024-08-14 01:00:00,2024-08-14 02:00:00,2024-08-14 03:00:00,2024-08-14 04:00:00,2024-08-14 05:00:00,2024-08-14 06:00:00,2024-08-14 07:00:00,2024-08-14 08:00:00,2024-08-14 09:00:00,2024-08-14 10:00:00,2024-08-14 11:00:00,2024-08-14 12:00:00,2024-08-14 13:00:00,2024-08-14 14:00:00,2024-08-14 15:00:00,2024-08-14 16:00:00,2024-08-14 17:00:00,2024-08-14 18:00:00,2024-08-14 19:00:00,2024-08-14 20:00:00,2024-08-14 21:00:00,2024-08-14 22:00:00,2024-08-14 23:00:00,2024-08-15 00:00:00,2024-08-15 01:00:00,2024-08-15 02:00:00,2024-08-15 03:00:00,2024-08-15 04:00:00,2024-08-15 05:00:00,2024-08-15 06:00:00,2024-08-15 07:00:00,2024-08-15 08:00:00,2024-08-15 09:00:00,2024-08-15 10:00:00,2024-08-15 11:00:00,2024-08-15 12:00:00,2024-08-15 13:00:00,2024-08-15 14:00:00,2024-08-15 15:00:00,2024-08-15 16:00:00,2024-08-15 17:00:00,2024-08-15 18:00:00,2024-08-15 19:00:00,2024-08-15 20:00:00,2024-08-15 21:00:00,2024-08-15 22:00:00,2024-08-15 23:00:00,2024-08-16 00:00:00,2024-08-16 01:00:00,2024-08-16 02:00:00,2024-08-16 03:00:00,2024-08-16 04:00:00,2024-08-16 05:00:00,2024-08-16 06:00:00,2024-08-16 07:00:00,2024-08-16 08:00:00,2024-08-16 09:00:00,2024-08-16 10:00:00,2024-08-16 11:00:00,2024-08-16 12:00:00,2024-08-16 13:00:00,2024-08-16 14:00:00,2024-08-16 15:00:00,2024-08-16 16:00:00,2024-08-16 17:00:00,2024-08-16 18:00:00,2024-08-16 19:00:00,2024-08-16 20:00:00,2024-08-16 21:00:00,2024-08-16 22:00:00,2024-08-16 23:00:00,2024-08-17 00:00:00,2024-08-17 01:00:00,2024-08-17 02:00:00,2024-08-17 03:00:00,2024-08-17 04:00:00,2024-08-17 05:00:00,2024-08-17 06:00:00,2024-08-17 07:00:00,2024-08-17 08:00:00,2024-08-17 09:00:00,2024-08-17 10:00:00,2024-08-17 11:00:00,2024-08-17 12:00:00,2024-08-17 13:00:00,2024-08-17 14:00:00,2024-08-17 15:00:00,2024-08-17 16:00:00,2024-08-17 17:00:00,2024-08-17 18:00:00,2024-08-17 19:00:00,2024-08-17 20:00:00,2024-08-17 21:00:00,2024-08-17 22:00:00,2024-08-17 23:00:00,2024-08-18 00:00:00,2024-08-18 01:00:00,2024-08-18 02:00:00,2024-08-18 03:00:00,2024-08-18 04:00:00,2024-08-18 05:00:00,2024-08-18 06:00:00,2024-08-18 07:00:00,2024-08-18 08:00:00,2024-08-18 09:00:00,2024-08-18 10:00:00,2024-08-18 11:00:00,2024-08-18 12:00:00,2024-08-18 13:00:00,2024-08-18 14:00:00,2024-08-18 15:00:00,2024-08-18 16:00:00,2024-08-18 17:00:00,2024-08-18 18:00:00,2024-08-18 19:00:00,2024-08-18 20:00:00,2024-08-18 21:00:00,2024-08-18 22:00:00,2024-08-18 23:00:00,2024-08-19 00:00:00,2024-08-19 01:00:00,2024-08-19 02:00:00,2024-08-19 03:00:00,2024-08-19 04:00:00,2024-08-19 05:00:00,2024-08-19 06:00:00,2024-08-19 07:00:00,2024-08-19 08:00:00,2024-08-19 09:00:00,2024-08-19 10:00:00,2024-08-19 11:00:00,2024-08-19 12:00:00,2024-08-19 13:00:00,2024-08-19 14:00:00,2024-08-19 15:00:00,2024-08-19 16:00:00,2024-08-19 17:00:00,2024-08-19 18:00:00,2024-08-19 19:00:00,2024-08-19 20:00:00,2024-08-19 21:00:00,2024-08-19 22:00:00,2024-08-19 23:00:00,2024-08-20 00:00:00,2024-08-20 01:00:00,2024-08-20 02:00:00,2024-08-20 03:00:00,2024-08-20 04:00:00,2024-08-20 05:00:00,2024-08-20 06:00:00,2024-08-20 07:00:00,2024-08-20 08:00:00,2024-08-20 09:00:00,2024-08-20 10:00:00,2024-08-20 11:00:00,2024-08-20 12:00:00,2024-08-20 13:00:00,2024-08-20 14:00:00,2024-08-20 15:00:00,2024-08-20 16:00:00,2024-08-20 17:00:00,2024-08-20 18:00:00,2024-08-20 19:00:00,2024-08-20 20:00:00,2024-08-20 21:00:00,2024-08-20 22:00:00,2024-08-20 23:00:00,2024-08-21 00:00:00,2024-08-21 01:00:00,2024-08-21 02:00:00,2024-08-21 03:00:00,2024-08-21 04:00:00,2024-08-21 05:00:00,2024-08-21 06:00:00,2024-08-21 07:00:00,2024-08-21 08:00:00,2024-08-21 09:00:00,2024-08-21 10:00:00,2024-08-21 11:00:00,2024-08-21 12:00:00,2024-08-21 13:00:00,2024-08-21 14:00:00,2024-08-21 15:00:00,2024-08-21 16:00:00,2024-08-21 17:00:00,2024-08-21 18:00:00,2024-08-21 19:00:00,2024-08-21 20:00:00,2024-08-21 21:00:00,2024-08-21 22:00:00,2024-08-21 23:00:00,2024-08-22 00:00:00,2024-08-22 01:00:00,2024-08-22 02:00:00,2024-08-22 03:00:00,2024-08-22 04:00:00,2024-08-22 05:00:00,2024-08-22 06:00:00,2024-08-22 07:00:00,2024-08-22 08:00:00,2024-08-22 09:00:00,2024-08-22 10:00:00,2024-08-22 11:00:00,2024-08-22 12:00:00,2024-08-22 13:00:00,2024-08-22 14:00:00,2024-08-22 15:00:00,2024-08-22 16:00:00,2024-08-22 17:00:00,2024-08-22 18:00:00,2024-08-22 19:00:00,2024-08-22 20:00:00,2024-08-22 21:00:00,2024-08-22 22:00:00,2024-08-22 23:00:00,2024-08-23 00:00:00,2024-08-23 01:00:00,2024-08-23 02:00:00,2024-08-23 03:00:00,2024-08-23 04:00:00,2024-08-23 05:00:00,2024-08-23 06:00:00,2024-08-23 07:00:00,2024-08-23 08:00:00,2024-08-23 09:00:00,2024-08-23 10:00:00,2024-08-23 11:00:00,2024-08-23 12:00:00,2024-08-23 13:00:00,2024-08-23 14:00:00,2024-08-23 15:00:00,2024-08-23 16:00:00,2024-08-23 17:00:00,2024-08-23 18:00:00,2024-08-23 19:00:00,2024-08-23 20:00:00,2024-08-23 21:00:00,2024-08-23 22:00:00,2024-08-23 23:00:00,2024-08-24 00:00:00,2024-08-24 01:00:00,2024-08-24 02:00:00,2024-08-24 03:00:00,2024-08-24 04:00:00,2024-08-24 05:00:00,2024-08-24 06:00:00,2024-08-24 07:00:00,2024-08-24 08:00:00,2024-08-24 09:00:00,2024-08-24 10:00:00,2024-08-24 11:00:00,2024-08-24 12:00:00,2024-08-24 13:00:00,2024-08-24 14:00:00,2024-08-24 15:00:00,2024-08-24 16:00:00,2024-08-24 17:00:00,2024-08-24 18:00:00,2024-08-24 19:00:00,2024-08-24 20:00:00,2024-08-24 21:00:00,2024-08-24 22:00:00,2024-08-24 23:00:00,2024-08-25 00:00:00,2024-08-25 01:00:00,2024-08-25 02:00:00,2024-08-25 03:00:00,2024-08-25 04:00:00,2024-08-25 05:00:00,2024-08-25 06:00:00,2024-08-25 07:00:00,2024-08-25 08:00:00,2024-08-25 09:00:00,2024-08-25 10:00:00,2024-08-25 11:00:00,2024-08-25 12:00:00,2024-08-25 13:00:00,2024-08-25 14:00:00,2024-08-25 15:00:00,2024-08-25 16:00:00,2024-08-25 17:00:00,2024-08-25 18:00:00,2024-08-25 19:00:00,2024-08-25 20:00:00,2024-08-25 21:00:00,2024-08-25 22:00:00,2024-08-25 23:00:00,2024-08-26 00:00:00,2024-08-26 01:00:00,2024-08-26 02:00:00,2024-08-26 03:00:00,2024-08-26 04:00:00,2024-08-26 05:00:00,2024-08-26 06:00:00,2024-08-26 07:00:00,2024-08-26 08:00:00,2024-08-26 09:00:00,2024-08-26 10:00:00,2024-08-26 11:00:00,2024-08-26 12:00:00,2024-08-26 13:00:00,2024-08-26 14:00:00,2024-08-26 15:00:00,2024-08-26 16:00:00,2024-08-26 17:00:00,2024-08-26 18:00:00,2024-08-26 19:00:00,2024-08-26 20:00:00,2024-08-26 21:00:00,2024-08-26 22:00:00,2024-08-26 23:00:00,2024-08-27 00:00:00,2024-08-27 01:00:00,2024-08-27 02:00:00,2024-08-27 03:00:00,2024-08-27 04:00:00,2024-08-27 05:00:00,2024-08-27 06:00:00,2024-08-27 07:00:00,2024-08-27 08:00:00,2024-08-27 09:00:00,2024-08-27 10:00:00,2024-08-27 11:00:00,2024-08-27 12:00:00,2024-08-27 13:00:00,2024-08-27 14:00:00,2024-08-27 15:00:00,2024-08-27 16:00:00,2024-08-27 17:00:00,2024-08-27 18:00:00,2024-08-27 19:00:00,2024-08-27 20:00:00,2024-08-27 21:00:00,2024-08-27 22:00:00,2024-08-27 23:00:00,2024-08-28 00:00:00,2024-08-28 01:00:00,2024-08-28 02:00:00,2024-08-28 03:00:00,2024-08-28 04:00:00,2024-08-28 05:00:00,2024-08-28 06:00:00,2024-08-28 07:00:00,2024-08-28 08:00:00,2024-08-28 09:00:00,2024-08-28 10:00:00,2024-08-28 11:00:00,2024-08-28 12:00:00,2024-08-28 13:00:00,2024-08-28 14:00:00,2024-08-28 15:00:00,2024-08-28 16:00:00,2024-08-28 17:00:00,2024-08-28 18:00:00,2024-08-28 19:00:00,2024-08-28 20:00:00,2024-08-28 21:00:00,2024-08-28 22:00:00,2024-08-28 23:00:00,2024-08-29 00:00:00,2024-08-29 01:00:00,2024-08-29 02:00:00,2024-08-29 03:00:00,2024-08-29 04:00:00,2024-08-29 05:00:00,2024-08-29 06:00:00,2024-08-29 07:00:00,2024-08-29 08:00:00,2024-08-29 09:00:00,2024-08-29 10:00:00,2024-08-29 11:00:00,2024-08-29 12:00:00,2024-08-29 13:00:00,2024-08-29 14:00:00,2024-08-29 15:00:00,2024-08-29 16:00:00,2024-08-29 17:00:00,2024-08-29 18:00:00,2024-08-29 19:00:00,2024-08-29 20:00:00,2024-08-29 21:00:00,2024-08-29 22:00:00,2024-08-29 23:00:00,2024-08-30 00:00:00,2024-08-30 01:00:00,2024-08-30 02:00:00,2024-08-30 03:00:00,2024-08-30 04:00:00,2024-08-30 05:00:00,2024-08-30 06:00:00,2024-08-30 07:00:00,2024-08-30 08:00:00,2024-08-30 09:00:00,2024-08-30 10:00:00,2024-08-30 11:00:00,2024-08-30 12:00:00,2024-08-30 13:00:00,2024-08-30 14:00:00,2024-08-30 15:00:00,2024-08-30 16:00:00,2024-08-30 17:00:00,2024-08-30 18:00:00,2024-08-30 19:00:00,2024-08-30 20:00:00,2024-08-30 21:00:00,2024-08-30 22:00:00,2024-08-30 23:00:00,2024-08-31 00:00:00,2024-08-31 01:00:00,2024-08-31 02:00:00,2024-08-31 03:00:00,2024-08-31 04:00:00,2024-08-31 05:00:00,2024-08-31 06:00:00,2024-08-31 07:00:00,2024-08-31 08:00:00,2024-08-31 09:00:00,2024-08-31 10:00:00,2024-08-31 11:00:00,2024-08-31 12:00:00,2024-08-31 13:00:00,2024-08-31 14:00:00,2024-08-31 15:00:00,2024-08-31 16:00:00,2024-08-31 17:00:00,2024-08-31 18:00:00,2024-08-31 19:00:00,2024-08-31 20:00:00,2024-08-31 21:00:00,2024-08-31 22:00:00,2024-08-31 23:00:00,2024-09-01 00:00:00,2024-09-01 01:00:00,2024-09-01 02:00:00,2024-09-01 03:00:00,2024-09-01 04:00:00,2024-09-01 05:00:00,2024-09-01 06:00:00,2024-09-01 07:00:00,2024-09-01 08:00:00,2024-09-01 09:00:00,2024-09-01 10:00:00,2024-09-01 11:00:00,2024-09-01 12:00:00,2024-09-01 13:00:00,2024-09-01 14:00:00,2024-09-01 15:00:00,2024-09-01 16:00:00,2024-09-01 17:00:00,2024-09-01 18:00:00,2024-09-01 19:00:00,2024-09-01 20:00:00,2024-09-01 21:00:00,2024-09-01 22:00:00,2024-09-01 23:00:00,2024-09-02 00:00:00,2024-09-02 01:00:00,2024-09-02 02:00:00,2024-09-02 03:00:00,2024-09-02 04:00:00,2024-09-02 05:00:00,2024-09-02 06:00:00,2024-09-02 07:00:00,2024-09-02 08:00:00,2024-09-02 09:00:00,2024-09-02 10:00:00,2024-09-02 11:00:00,2024-09-02 12:00:00,2024-09-02 13:00:00,2024-09-02 14:00:00,2024-09-02 15:00:00,2024-09-02 16:00:00,2024-09-02 17:00:00,2024-09-02 18:00:00,2024-09-02 19:00:00,2024-09-02 20:00:00,2024-09-02 21:00:00,2024-09-02 22:00:00,2024-09-02 23:00:00,2024-09-03 00:00:00,2024-09-03 01:00:00,2024-09-03 02:00:00,2024-09-03 03:00:00,2024-09-03 04:00:00,2024-09-03 05:00:00,2024-09-03 06:00:00,2024-09-03 07:00:00,2024-09-03 08:00:00,2024-09-03 09:00:00,2024-09-03 10:00:00,2024-09-03 11:00:00,2024-09-03 12:00:00,2024-09-03 13:00:00,2024-09-03 14:00:00,2024-09-03 15:00:00,2024-09-03 16:00:00,2024-09-03 17:00:00,2024-09-03 18:00:00,2024-09-03 19:00:00,2024-09-03 20:00:00,2024-09-03 21:00:00,2024-09-03 22:00:00,2024-09-03 23:00:00,2024-09-04 00:00:00,2024-09-04 01:00:00,2024-09-04 02:00:00,2024-09-04 03:00:00,2024-09-04 04:00:00,2024-09-04 05:00:00,2024-09-04 06:00:00,2024-09-04 07:00:00,2024-09-04 08:00:00,2024-09-04 09:00:00,2024-09-04 10:00:00,2024-09-04 11:00:00,2024-09-04 12:00:00,2024-09-04 13:00:00,2024-09-04 14:00:00,2024-09-04 15:00:00,2024-09-04 16:00:00,2024-09-04 17:00:00,2024-09-04 18:00:00,2024-09-04 19:00:00,2024-09-04 20:00:00,2024-09-04 21:00:00,2024-09-04 22:00:00,2024-09-04 23:00:00,2024-09-05 00:00:00,2024-09-05 01:00:00,2024-09-05 02:00:00,2024-09-05 03:00:00,2024-09-05 04:00:00,2024-09-05 05:00:00,2024-09-05 06:00:00,2024-09-05 07:00:00,2024-09-05 08:00:00,2024-09-05 09:00:00,2024-09-05 10:00:00,2024-09-05 11:00:00,2024-09-05 12:00:00,2024-09-05 13:00:00,2024-09-05 14:00:00,2024-09-05 15:00:00,2024-09-05 16:00:00,2024-09-05 17:00:00,2024-09-05 18:00:00,2024-09-05 19:00:00,2024-09-05 20:00:00,2024-09-05 21:00:00,2024-09-05 22:00:00,2024-09-05 23:00:00,2024-09-06 00:00:00,2024-09-06 01:00:00,2024-09-06 02:00:00,2024-09-06 03:00:00,2024-09-06 04:00:00,2024-09-06 05:00:00,2024-09-06 06:00:00,2024-09-06 07:00:00,2024-09-06 08:00:00,2024-09-06 09:00:00,2024-09-06 10:00:00,2024-09-06 11:00:00,2024-09-06 12:00:00,2024-09-06 13:00:00,2024-09-06 14:00:00,2024-09-06 15:00:00,2024-09-06 16:00:00,2024-09-06 17:00:00,2024-09-06 18:00:00,2024-09-06 19:00:00,2024-09-06 20:00:00,2024-09-06 21:00:00,2024-09-06 22:00:00,2024-09-06 23:00:00,2024-09-07 00:00:00,2024-09-07 01:00:00,2024-09-07 02:00:00,2024-09-07 03:00:00,2024-09-07 04:00:00,2024-09-07 05:00:00,2024-09-07 06:00:00,2024-09-07 07:00:00,2024-09-07 08:00:00,2024-09-07 09:00:00,2024-09-07 10:00:00,2024-09-07 11:00:00,2024-09-07 12:00:00,2024-09-07 13:00:00,2024-09-07 14:00:00,2024-09-07 15:00:00,2024-09-07 16:00:00,2024-09-07 17:00:00,2024-09-07 18:00:00,2024-09-07 19:00:00,2024-09-07 20:00:00,2024-09-07 21:00:00,2024-09-07 22:00:00,2024-09-07 23:00:00,2024-09-08 00:00:00,2024-09-08 01:00:00,2024-09-08 02:00:00,2024-09-08 03:00:00,2024-09-08 04:00:00,2024-09-08 05:00:00,2024-09-08 06:00:00,2024-09-08 07:00:00,2024-09-08 08:00:00,2024-09-08 09:00:00,2024-09-08 10:00:00,2024-09-08 11:00:00,2024-09-08 12:00:00,2024-09-08 13:00:00,2024-09-08 14:00:00,2024-09-08 15:00:00,2024-09-08 16:00:00,2024-09-08 17:00:00,2024-09-08 18:00:00,2024-09-08 19:00:00,2024-09-08 20:00:00,2024-09-08 21:00:00,2024-09-08 22:00:00,2024-09-08 23:00:00,2024-09-09 00:00:00,2024-09-09 01:00:00,2024-09-09 02:00:00,2024-09-09 03:00:00,2024-09-09 04:00:00,2024-09-09 05:00:00,2024-09-09 06:00:00,2024-09-09 07:00:00,2024-09-09 08:00:00,2024-09-09 09:00:00,2024-09-09 10:00:00,2024-09-09 11:00:00,2024-09-09 12:00:00,2024-09-09 13:00:00,2024-09-09 14:00:00,2024-09-09 15:00:00,2024-09-09 16:00:00,2024-09-09 17:00:00,2024-09-09 18:00:00,2024-09-09 19:00:00,2024-09-09 20:00:00,2024-09-09 21:00:00,2024-09-09 22:00:00,2024-09-09 23:00:00,2024-09-10 00:00:00,2024-09-10 01:00:00,2024-09-10 02:00:00,2024-09-10 03:00:00,2024-09-10 04:00:00,2024-09-10 05:00:00,2024-09-10 06:00:00,2024-09-10 07:00:00,2024-09-10 08:00:00,2024-09-10 09:00:00,2024-09-10 10:00:00,2024-09-10 11:00:00,2024-09-10 12:00:00,2024-09-10 13:00:00,2024-09-10 14:00:00,2024-09-10 15:00:00,2024-09-10 16:00:00,2024-09-10 17:00:00,2024-09-10 18:00:00,2024-09-10 19:00:00,2024-09-10 20:00:00,2024-09-10 21:00:00,2024-09-10 22:00:00,2024-09-10 23:00:00,2024-09-11 00:00:00,2024-09-11 01:00:00,2024-09-11 02:00:00,2024-09-11 03:00:00,2024-09-11 04:00:00,2024-09-11 05:00:00,2024-09-11 06:00:00,2024-09-11 07:00:00,2024-09-11 08:00:00,2024-09-11 09:00:00,2024-09-11 10:00:00,2024-09-11 11:00:00,2024-09-11 12:00:00,2024-09-11 13:00:00,2024-09-11 14:00:00,2024-09-11 15:00:00,2024-09-11 16:00:00,2024-09-11 17:00:00,2024-09-11 18:00:00,2024-09-11 19:00:00,2024-09-11 20:00:00,2024-09-11 21:00:00,2024-09-11 22:00:00,2024-09-11 23:00:00,2024-09-12 00:00:00,2024-09-12 01:00:00,2024-09-12 02:00:00,2024-09-12 03:00:00,2024-09-12 04:00:00,2024-09-12 05:00:00,2024-09-12 06:00:00,2024-09-12 07:00:00,2024-09-12 08:00:00,2024-09-12 09:00:00,2024-09-12 10:00:00,2024-09-12 11:00:00,2024-09-12 12:00:00,2024-09-12 13:00:00,2024-09-12 14:00:00,2024-09-12 15:00:00,2024-09-12 16:00:00,2024-09-12 17:00:00,2024-09-12 18:00:00,2024-09-12 19:00:00,2024-09-12 20:00:00,2024-09-12 21:00:00,2024-09-12 22:00:00,2024-09-12 23:00:00,2024-09-13 00:00:00,2024-09-13 01:00:00,2024-09-13 02:00:00,2024-09-13 03:00:00,2024-09-13 04:00:00,2024-09-13 05:00:00,2024-09-13 06:00:00,2024-09-13 07:00:00,2024-09-13 08:00:00,2024-09-13 09:00:00,2024-09-13 10:00:00,2024-09-13 11:00:00,2024-09-13 12:00:00,2024-09-13 13:00:00,2024-09-13 14:00:00,2024-09-13 15:00:00,2024-09-13 16:00:00,2024-09-13 17:00:00,2024-09-13 18:00:00,2024-09-13 19:00:00,2024-09-13 20:00:00,2024-09-13 21:00:00,2024-09-13 22:00:00,2024-09-13 23:00:00,2024-09-14 00:00:00,2024-09-14 01:00:00,2024-09-14 02:00:00,2024-09-14 03:00:00,2024-09-14 04:00:00,2024-09-14 05:00:00,2024-09-14 06:00:00,2024-09-14 07:00:00,2024-09-14 08:00:00,2024-09-14 09:00:00,2024-09-14 10:00:00,2024-09-14 11:00:00,2024-09-14 12:00:00,2024-09-14 13:00:00,2024-09-14 14:00:00,2024-09-14 15:00:00,2024-09-14 16:00:00,2024-09-14 17:00:00,2024-09-14 18:00:00,2024-09-14 19:00:00,2024-09-14 20:00:00,2024-09-14 21:00:00,2024-09-14 22:00:00,2024-09-14 23:00:00,2024-09-15 00:00:00,2024-09-15 01:00:00,2024-09-15 02:00:00,2024-09-15 03:00:00,2024-09-15 04:00:00,2024-09-15 05:00:00,2024-09-15 06:00:00,2024-09-15 07:00:00,2024-09-15 08:00:00,2024-09-15 09:00:00,2024-09-15 10:00:00,2024-09-15 11:00:00,2024-09-15 12:00:00,2024-09-15 13:00:00,2024-09-15 14:00:00,2024-09-15 15:00:00,2024-09-15 16:00:00,2024-09-15 17:00:00,2024-09-15 18:00:00,2024-09-15 19:00:00,2024-09-15 20:00:00,2024-09-15 21:00:00,2024-09-15 22:00:00,2024-09-15 23:00:00,2024-09-16 00:00:00,2024-09-16 01:00:00,2024-09-16 02:00:00,2024-09-16 03:00:00,2024-09-16 04:00:00,2024-09-16 05:00:00,2024-09-16 06:00:00,2024-09-16 07:00:00,2024-09-16 08:00:00,2024-09-16 09:00:00,2024-09-16 10:00:00,2024-09-16 11:00:00,2024-09-16 12:00:00,2024-09-16 13:00:00,2024-09-16 14:00:00,2024-09-16 15:00:00,2024-09-16 16:00:00,2024-09-16 17:00:00,2024-09-16 18:00:00,2024-09-16 19:00:00,2024-09-16 20:00:00,2024-09-16 21:00:00,2024-09-16 22:00:00,2024-09-16 23:00:00,2024-09-17 00:00:00,2024-09-17 01:00:00,2024-09-17 02:00:00,2024-09-17 03:00:00,2024-09-17 04:00:00,2024-09-17 05:00:00,2024-09-17 06:00:00,2024-09-17 07:00:00,2024-09-17 08:00:00,2024-09-17 09:00:00,2024-09-17 10:00:00,2024-09-17 11:00:00,2024-09-17 12:00:00,2024-09-17 13:00:00,2024-09-17 14:00:00,2024-09-17 15:00:00,2024-09-17 16:00:00,2024-09-17 17:00:00,2024-09-17 18:00:00,2024-09-17 19:00:00,2024-09-17 20:00:00,2024-09-17 21:00:00,2024-09-17 22:00:00,2024-09-17 23:00:00,2024-09-18 00:00:00,2024-09-18 01:00:00,2024-09-18 02:00:00,2024-09-18 03:00:00,2024-09-18 04:00:00,2024-09-18 05:00:00,2024-09-18 06:00:00,2024-09-18 07:00:00,2024-09-18 08:00:00,2024-09-18 09:00:00,2024-09-18 10:00:00,2024-09-18 11:00:00,2024-09-18 12:00:00,2024-09-18 13:00:00,2024-09-18 14:00:00,2024-09-18 15:00:00,2024-09-18 16:00:00,2024-09-18 17:00:00,2024-09-18 18:00:00,2024-09-18 19:00:00,2024-09-18 20:00:00,2024-09-18 21:00:00,2024-09-18 22:00:00,2024-09-18 23:00:00,2024-09-19 00:00:00,2024-09-19 01:00:00,2024-09-19 02:00:00,2024-09-19 03:00:00,2024-09-19 04:00:00,2024-09-19 05:00:00,2024-09-19 06:00:00,2024-09-19 07:00:00,2024-09-19 08:00:00,2024-09-19 09:00:00,2024-09-19 10:00:00,2024-09-19 11:00:00,2024-09-19 12:00:00,2024-09-19 13:00:00,2024-09-19 14:00:00,2024-09-19 15:00:00,2024-09-19 16:00:00,2024-09-19 17:00:00,2024-09-19 18:00:00,2024-09-19 19:00:00,2024-09-19 20:00:00,2024-09-19 21:00:00,2024-09-19 22:00:00,2024-09-19 23:00:00,2024-09-20 00:00:00,2024-09-20 01:00:00,2024-09-20 02:00:00,2024-09-20 03:00:00,2024-09-20 04:00:00,2024-09-20 05:00:00,2024-09-20 06:00:00,2024-09-20 07:00:00,2024-09-20 08:00:00,2024-09-20 09:00:00,2024-09-20 10:00:00,2024-09-20 11:00:00,2024-09-20 12:00:00,2024-09-20 13:00:00,2024-09-20 14:00:00,2024-09-20 15:00:00,2024-09-20 16:00:00,2024-09-20 17:00:00,2024-09-20 18:00:00,2024-09-20 19:00:00,2024-09-20 20:00:00,2024-09-20 21:00:00,2024-09-20 22:00:00,2024-09-20 23:00:00,2024-09-21 00:00:00,2024-09-21 01:00:00,2024-09-21 02:00:00,2024-09-21 03:00:00,2024-09-21 04:00:00,2024-09-21 05:00:00,2024-09-21 06:00:00,2024-09-21 07:00:00,2024-09-21 08:00:00,2024-09-21 09:00:00,2024-09-21 10:00:00,2024-09-21 11:00:00,2024-09-21 12:00:00,2024-09-21 13:00:00,2024-09-21 14:00:00,2024-09-21 15:00:00,2024-09-21 16:00:00,2024-09-21 17:00:00,2024-09-21 18:00:00,2024-09-21 19:00:00,2024-09-21 20:00:00,2024-09-21 21:00:00,2024-09-21 22:00:00,2024-09-21 23:00:00,2024-09-22 00:00:00,2024-09-22 01:00:00,2024-09-22 02:00:00,2024-09-22 03:00:00,2024-09-22 04:00:00,2024-09-22 05:00:00,2024-09-22 06:00:00,2024-09-22 07:00:00,2024-09-22 08:00:00,2024-09-22 09:00:00,2024-09-22 10:00:00,2024-09-22 11:00:00,2024-09-22 12:00:00,2024-09-22 13:00:00,2024-09-22 14:00:00,2024-09-22 15:00:00,2024-09-22 16:00:00,2024-09-22 17:00:00,2024-09-22 18:00:00,2024-09-22 19:00:00,2024-09-22 20:00:00,2024-09-22 21:00:00,2024-09-22 22:00:00,2024-09-22 23:00:00,2024-09-23 00:00:00,2024-09-23 01:00:00,2024-09-23 02:00:00,2024-09-23 03:00:00,2024-09-23 04:00:00,2024-09-23 05:00:00,2024-09-23 06:00:00,2024-09-23 07:00:00,2024-09-23 08:00:00,2024-09-23 09:00:00,2024-09-23 10:00:00,2024-09-23 11:00:00,2024-09-23 12:00:00,2024-09-23 13:00:00,2024-09-23 14:00:00,2024-09-23 15:00:00,2024-09-23 16:00:00,2024-09-23 17:00:00,2024-09-23 18:00:00,2024-09-23 19:00:00,2024-09-23 20:00:00,2024-09-23 21:00:00,2024-09-23 22:00:00,2024-09-23 23:00:00,2024-09-24 00:00:00,2024-09-24 01:00:00,2024-09-24 02:00:00,2024-09-24 03:00:00,2024-09-24 04:00:00,2024-09-24 05:00:00,2024-09-24 06:00:00,2024-09-24 07:00:00,2024-09-24 08:00:00,2024-09-24 09:00:00,2024-09-24 10:00:00,2024-09-24 11:00:00,2024-09-24 12:00:00,2024-09-24 13:00:00,2024-09-24 14:00:00,2024-09-24 15:00:00,2024-09-24 16:00:00,2024-09-24 17:00:00,2024-09-24 18:00:00,2024-09-24 19:00:00,2024-09-24 20:00:00,2024-09-24 21:00:00,2024-09-24 22:00:00,2024-09-24 23:00:00,2024-09-25 00:00:00,2024-09-25 01:00:00,2024-09-25 02:00:00,2024-09-25 03:00:00,2024-09-25 04:00:00,2024-09-25 05:00:00,2024-09-25 06:00:00,2024-09-25 07:00:00,2024-09-25 08:00:00,2024-09-25 09:00:00,2024-09-25 10:00:00,2024-09-25 11:00:00,2024-09-25 12:00:00,2024-09-25 13:00:00,2024-09-25 14:00:00,2024-09-25 15:00:00,2024-09-25 16:00:00,2024-09-25 17:00:00,2024-09-25 18:00:00,2024-09-25 19:00:00,2024-09-25 20:00:00,2024-09-25 21:00:00,2024-09-25 22:00:00,2024-09-25 23:00:00,2024-09-26 00:00:00,2024-09-26 01:00:00,2024-09-26 02:00:00,2024-09-26 03:00:00,2024-09-26 04:00:00,2024-09-26 05:00:00,2024-09-26 06:00:00,2024-09-26 07:00:00,2024-09-26 08:00:00,2024-09-26 09:00:00,2024-09-26 10:00:00,2024-09-26 11:00:00,2024-09-26 12:00:00,2024-09-26 13:00:00,2024-09-26 14:00:00,2024-09-26 15:00:00,2024-09-26 16:00:00,2024-09-26 17:00:00,2024-09-26 18:00:00,2024-09-26 19:00:00,2024-09-26 20:00:00,2024-09-26 21:00:00,2024-09-26 22:00:00,2024-09-26 23:00:00,2024-09-27 00:00:00,2024-09-27 01:00:00,2024-09-27 02:00:00,2024-09-27 03:00:00,2024-09-27 04:00:00,2024-09-27 05:00:00,2024-09-27 06:00:00,2024-09-27 07:00:00,2024-09-27 08:00:00,2024-09-27 09:00:00,2024-09-27 10:00:00,2024-09-27 11:00:00,2024-09-27 12:00:00,2024-09-27 13:00:00,2024-09-27 14:00:00,2024-09-27 15:00:00,2024-09-27 16:00:00,2024-09-27 17:00:00,2024-09-27 18:00:00,2024-09-27 19:00:00,2024-09-27 20:00:00,2024-09-27 21:00:00,2024-09-27 22:00:00,2024-09-27 23:00:00,2024-09-28 00:00:00,2024-09-28 01:00:00,2024-09-28 02:00:00,2024-09-28 03:00:00,2024-09-28 04:00:00,2024-09-28 05:00:00,2024-09-28 06:00:00,2024-09-28 07:00:00,2024-09-28 08:00:00,2024-09-28 09:00:00,2024-09-28 10:00:00,2024-09-28 11:00:00,2024-09-28 12:00:00,2024-09-28 13:00:00,2024-09-28 14:00:00,2024-09-28 15:00:00,2024-09-28 16:00:00,2024-09-28 17:00:00,2024-09-28 18:00:00,2024-09-28 19:00:00,2024-09-28 20:00:00,2024-09-28 21:00:00,2024-09-28 22:00:00,2024-09-28 23:00:00,2024-09-29 00:00:00,2024-09-29 01:00:00,2024-09-29 02:00:00,2024-09-29 03:00:00,2024-09-29 04:00:00,2024-09-29 05:00:00,2024-09-29 06:00:00,2024-09-29 07:00:00,2024-09-29 08:00:00,2024-09-29 09:00:00,2024-09-29 10:00:00,2024-09-29 11:00:00,2024-09-29 12:00:00,2024-09-29 13:00:00,2024-09-29 14:00:00,2024-09-29 15:00:00,2024-09-29 16:00:00,2024-09-29 17:00:00,2024-09-29 18:00:00,2024-09-29 19:00:00,2024-09-29 20:00:00,2024-09-29 21:00:00,2024-09-29 22:00:00,2024-09-29 23:00:00,2024-09-30 00:00:00,2024-09-30 01:00:00,2024-09-30 02:00:00,2024-09-30 03:00:00,2024-09-30 04:00:00,2024-09-30 05:00:00,2024-09-30 06:00:00,2024-09-30 07:00:00,2024-09-30 08:00:00,2024-09-30 09:00:00,2024-09-30 10:00:00,2024-09-30 11:00:00,2024-09-30 12:00:00,2024-09-30 13:00:00,2024-09-30 14:00:00,2024-09-30 15:00:00,2024-09-30 16:00:00,2024-09-30 17:00:00,2024-09-30 18:00:00,2024-09-30 19:00:00,2024-09-30 20:00:00,2024-09-30 21:00:00,2024-09-30 22:00:00,2024-09-30 23:00:00,2024-10-01 00:00:00
0.25,0.9410178735384779,0.8865758458646672,0.8364101042855974,0.7903950994430755,0.746607496845642,0.7048170704877262,0.6649392116451475,0.6264382204436847,0.589637622134096,0.5547893266802355,0.5219956167077583,0.49120444599436813,0.46307366911731973,0.5889792998663977,0.5687862917446457,0.5494144614832932,0.5308351900351306,0.5130366986047828,0.49606454498072217,0.4821911490565147,0.5460354861890185,0.5324675061673019,0.5151704046660768,0.49842291607140427,0.48056849534501256,0.46833233930635876,0.4578545843329689,0.4517274306070217,0.4444095878222372,0.4381837351607638,0.4316179363409051,0.4249286755890351,0.41808061485327197,0.411992585297795,0.403731961898812,0.3947453382212096,0.38756957500225636,0.3869123841273458,0.3946674486960366,0.385175017887092,0.3759272084034769,0.36691789433431815,0.3581415137387152,0.34960314817746224,0.3412981819439983,0.3310953448151293,0.3179793042968439,0.30566240332885974,0.29418653542424245,0.2840184036308825,0.27512423937419384,0.2674610825404913,0.25992191888500094,0.25253681082430723,0.24554790530989387,0.23878329152592903,0.2324251587064968,0.22662302407125326,0.2185818266729849,0.20931206182641013,0.19968856451000944,0.19029920906999767,0.18126685690421596,0.17272273481679332,0.16448926996019322,0.1566322238448692,0.14924991444784838,0.1429662752952018,0.13775080600890963,0.13296951967379683,0.12877412163670943,0.12529554752199173,0.12290813494236753,0.12061924331423865,0.11837331584377947,0.11637080548288467,0.11394306707550697,0.11134557003675104,0.10885740560928922,0.10557788936503995,0.10180549194899588,0.09779584486498877,0.09347264122743655,0.08903156260022504,0.08460747196864296,0.08087991393067974,0.08100761775797899,0.10370331950427815,0.10030315504370124,0.09703300124574185,0.09388786670951298,0.09086354300650094,0.08797892252251177,0.08518398459514277,0.08246828971301641,0.07983107684294918,0.07533790552986518,0.07110345848662972,0.06711336437139538,0.06336538381883172,0.05977058469710129,0.05637025390839095,0.05319464815121379,0.050193041906010434,0.04736925081942424,0.04472724203827487,0.042277666211863824,0.040056643870246315,0.038229323816608714,0.045517376621182194,0.051436679696286694,0.049805700561472974,0.05071679951483643,0.04953381942769747,0.048387532865071026,0.04727633458232431,0.04582844552484416,0.044419490353503295,0.043061090685386744,0.041217649195984155,0.03934632648052466,0.03760915227638208,0.036013435451316966,0.03452665747287795,0.0331410870746381,0.03186247803806092,0.03071839143500956,0.029448830396061016,0.02812464093249506,0.02678989066171912,0.025551335784030356,0.024416978130748952,0.023399493031873053,0.022807699533376698,0.022722822818245003,0.02309058844151777,0.023330017647746244,0.023513368485282172,0.0237095981790713,0.02381642455391018,0.023823571481719107,0.02373368778278471,0.023447805940752443,0.02300813301774295,0.022472892183239,0.021954754916014528,0.021452607903485098,0.020945241592759036,0.020379859635969024,0.019777139479913903,0.01916054830703249,0.018495959887344735,0.01780709493408158,0.017109858910574413,0.016380526596450097,0.01564198473018871,0.014909089535604774,0.014242451607046442,0.013645035180736946,0.013121370266135727,0.012566932647828115,0.012004324540665244,0.011450868184643886,0.010925043120886452,0.010432096346955055,0.009977148456319597,0.009559887968387637,0.009181139679673569,0.008845616623672716,0.00847708776473457,0.00811102809205386,0.007763773614686835,0.007433126645081634,0.007125181776921479,0.0068530218350402435,0.006595073023007719,0.006353445191113709,0.006130135128869697,0.005909447007721307,0.005696816773611117,0.005495263243601661,0.005310803944098794,0.00514410219702767,0.004996334965864704,0.0048651020304810964,0.004751271486075743,0.004656454081412502,0.0046411631876557965,0.00470102831069053,0.004837712857916387,0.0049886006051242035,0.005138655917200591,0.005291307154770829,0.005397400872106523,0.005467525811747076,0.005513423335960049,0.005562241326007661,0.005614915408967734,0.00567472663949731,0.005674863635670467,0.005632471365361761,0.00556292963744894,0.005494065075702824,0.005431584043042636,0.005377529908426301,0.005323584179851877,0.005269778784243391,0.005217546906600643,0.005121478374634814,0.004998980556084108,0.004864056404129554,0.004744405526553583,0.004639681649971293,0.004548301233447941,0.00446498567455574,0.004391239176364306,0.004328402784595326,0.0042588265366734785,0.004187819558525125,0.0041206591111975135,0.004044693929520344,0.003963598225682699,0.0038805373607693496,0.0037969037412030155,0.003714412642475536,0.0036342272266777884,0.0035566867654060275,0.0034844897367359976,0.003420765665775221,0.0033675177335802213,0.0033516522020211274,0.004691370866733206,0.004663936349222532,0.004638499883345563,0.004614952426157397,0.004593161930551997,0.004572834609121026,0.00455358646713958,0.004535172169765215,0.0045172745958672765,0.004500023003455243,0.004483016171878746,0.0044661625629526655,0.004449761931496349,0.004433840574048792,0.004418406098140474,0.004403475067865681,0.004389126627022756,0.004375413734119586,0.00436241509035889,0.004350165699555609,0.004338755652310532,0.004328211464780448,0.004318555501654027,0.004309793924577155,0.004301952415450926,0.004294981341604409,0.0042890293884325715,0.004296768198492245,0.004301469794262544,0.0042994690489753275,0.004295632045255757,0.004290820378312499,0.0042857276179378385,0.0042805219416073865,0.004171392097011983,0.004067861118714762,0.003967875888195064,0.003875736406169769,0.0037928771722497497,0.0037216707088744655,0.00365280434218596,0.0035883753264989247,0.0035317756345483917,0.0034784360735050186,0.003439887931083639,0.004155220960639037,0.004152429696279761,0.004150264963521728,0.004148903197055579,0.0041486882310227315,0.004192718891094616,0.004205172726217294,0.004216248719893843,0.004222399211108602,0.004225823095121771,0.004229948695022795,0.004234869033491995,0.004239453429088256,0.004236087491425641,0.004196689378839757,0.004160832683774545,0.00411695642580601,0.004068257277417531,0.004012302764982828,0.003953926364693519,0.003905525792871598,0.003978847669603612,0.0043974999107936254,0.004385984707166882,0.004376088327068283,0.004594984085113871,0.004616404008379554,0.004637882789016236,0.004659447809452431,0.004681131502216161,0.004702966204429424,0.004724926199310796,0.004746921597733609,0.0047687115413436315,0.004789986606210718,0.0047710930384471635,0.004694097501025623,0.004610359202364014,0.0045204083656077716,0.004433624887068408,0.004344381837604462,0.004255835276818429,0.004170420212110403,0.0040793367525264815,0.00398640650558346,0.0038942298342662905,0.0038273913910016775,0.004562491904411718,0.004544872915767857,0.004528461247176036,0.004513169624908546,0.004498994847649974,0.004519957227625196,0.004510963886627417,0.004523821432823941,0.004952190468486805,0.004925489021483762,0.00489973036443414,0.004874994363005625,0.004850816715033221,0.004740263219132784,0.004639129015007327,0.004551007002427714,0.0044806979374100815,0.004404668897932749,0.004325582429179358,0.0042465568781148945,0.004171598446646616,0.004103519505441094,0.004044953588907125,0.003994151086520307,0.003953294990975898,0.003924423341274999,0.003888812768826157,0.0038497338994998792,0.003810563468366711,0.003769486524306809,0.0037349251673687075,0.003728625097225758,0.0038195050960142117,0.00461247913111403,0.004580823730007954,0.004561472219428888,0.0044916228163858485,0.00439703575234137,0.004320995867260436,0.004265689643121209,0.0042258709781589415,0.004177122760257834,0.00412609850382324,0.004077810537715381,0.004018407056359734,0.003953092530163255,0.00388513308786243,0.0038150611974334895,0.0037455788141216857,0.0036787362218944986,0.0036269023091079354,0.0036167864153339824,0.004437156205202934,0.004420932430656566,0.004406278840436913,0.004393188785790898,0.004381873323823007,0.004373886160878814,0.004802971085241774,0.00481795249798147,0.004832623638161556,0.004808652325557693,0.004737038308472322,0.004704856329960483,0.004679835871408276,0.004653701574305636,0.004634877252604484,0.0046495404622470225,0.0049324973620807145,0.004901298951768223,0.004877858727634049,0.00500051398913206,0.005009964583395886,0.005019789873236485,0.0049984436869505025,0.004974680717218531,0.005059271424143373,0.005037118669620904,0.005086749868252609,0.005098582724657052,0.00511086276839601,0.005081535831194283,0.005052476090723788,0.005024124135953946,0.004996231784418606,0.004968491170455607,0.004834395242618423,0.004710816765606279,0.004607379133466545,0.0044984140533889634,0.004389349726970458,0.004283960834186229,0.004186353518991372,0.004100700225810138,0.004034854343488618,0.004002267155685613,0.004699187481841424,0.004675792928748002,0.004653820317297074,0.00463328958229995,0.004614269487623221,0.004597421181091018,0.004601383797281542,0.005052849328231114,0.005063902887158093,0.005075655143282044,0.005088167710950869,0.005101776196900336,0.00511539952538575,0.005084438763675774,0.005026136355884023,0.005013548914758794,0.005017339505627941,0.004987237086517912,0.004939632904360411,0.004887729759889421,0.004824398663615936,0.0047515811490754295,0.004670165912136077,0.004587708784420758,0.004507629107421217,0.0044326532428023,0.004355761499200442,0.004279161259141137,0.004206861869697091,0.004167278790323031,0.005018243577289431,0.004995268290141344,0.004973515580059452,0.0049527984648361405,0.004932743182596198,0.0049126891093841385,0.004799090223491705,0.004694407168505844,0.004602475790434861,0.004530913695542829,0.004485318267663357,0.004445193776691072,0.004415365068404491,0.004403419169043582,0.004391751630161508,0.004384740400662722,0.004388167076769637,0.004387977244996453,0.004395384193491659,0.0044367470217771,0.004680035608218634,0.00526688944582573,0.005283689493311879,0.005300751371887083,0.005318059254515658,0.005335623154243448,0.005353433737179165,0.005371406406106142,0.0053460790946410945,0.005321773697706404,0.005299326249390082,0.00527880886963244,0.005199447431487618,0.005138820419339023,0.00509447041558115,0.00503586072085729,0.0049667335253015385,0.004895054880328892,0.004837116726265151,0.005191204985511068,0.005508912369860538,0.005470801832823479,0.005516445321417996,0.005480867200379622,0.005447086169668676,0.005415745057206371,0.005391725743409809,0.005410028378849859,0.005598477932397729,0.005608719004326313,0.005620117065739896,0.005638133430790814,0.005601972783379568,0.005566976718126977,0.005532731032940607,0.005443764364360889,0.005345908562495367,0.005254854445182593,0.005182347154551055,0.005117048670141434,0.005062695482348389,0.0050238556596620895,0.00500672903661856,0.005016376156254825,0.005057036738761408,0.005060442195953706,0.005057567121933338,0.005161015555370815,0.005750151851734416,0.005753895549446319,0.005758775464592763,0.0057650108061506914,0.005772747638741407,0.005783591315395331,0.005997081947281898,0.0063547567868646295,0.006319695350933727,0.0062671254517779815,0.006213202502278815,0.00613688103285791,0.0061485783252765965,0.006155707455013407,0.006173900801885203,0.006172508130921066,0.0061609152572845915,0.006129375597816817,0.0060793987228934905,0.0060195496287861585,0.005956858262816305,0.005871752226756439,0.005771312104048401,0.005659022200779139,0.005558675342270139,0.0054787378787079545,0.005431843698114882,0.005415352936440769,0.005465002286848812,0.005656039871911994,0.006141793287367006,0.006604001103295704,0.006537647473791701,0.006398414396316482,0.006294659354531421,0.006184737742011674,0.006096449644033886,0.006027455737637192,0.005981679077253249,0.005918115629989305,0.005841567101662729,0.005761950852714878,0.00565247489625516,0.005521646578632779,0.005376855794597448,0.005231204438751589,0.005087583995109246,0.004947987465706631,0.004818472403391275,0.004699150934133047,0.0045904836860371535,0.0044990841784130695,0.004439138619108794,0.004559559833418201,0.005678945928156441,0.005635449123782629,0.005593335904260502,0.005552128886083254,0.005374718730513032,0.005203992771679864,0.005041713737645366,0.004887315068381992,0.004740457530028317,0.0046004024729924394,0.0044670378469033835,0.004340361792433539,0.00422044842047319,0.00410741142810423,0.004001381492690312,0.0039024381695090702,0.0038117768975129028,0.0037321527600389843,0.0036592097499795555,0.003593438401777748,0.003536453241347816,0.00349416702344515,0.0035296453092663366,0.004634590268285513,0.004620392767839049,0.004607019833441424,0.004594274172450961,0.004581930104133811,0.004569819092000872,0.004466780607987555,0.004354696841104303,0.004249711663614189,0.004157607304706034,0.004068349771249876,0.00398423617347012,0.00390708186807406,0.003830639794173609,0.0037567824630879375,0.003686851249472614,0.0036297086782520072,0.0037648066567862403,0.0044527314612170755,0.004440657810431653,0.004429757933538201,0.004420017587902715,0.0044112526437532235,0.004403440140262774,0.0043966288490780575,0.004390974993444756,0.0043895429741127225,0.004385938266410297,0.004381023080121838,0.004273542554983229,0.004163012658953267,0.00405908396487157,0.0039616420166402565,0.003871418412629934,0.0037856885034234793,0.0037049387163134487,0.003629880885461266,0.0035551257670379936,0.003482104863220103,0.003411862446689468,0.003346873631830326,0.0032876665017895794,0.0032352982556664296,0.0031899857384446503,0.0031834048741377894,0.004079405261563999,0.004079098565949647,0.004079560481826885,0.004080852931155495,0.0040827957454818865,0.004085338373183552,0.004088527460907798,0.004093897091666276,0.004095570801879947,0.0040212652219965405,0.003959645286052719,0.003912616982571006,0.00388276926107524,0.0038441238458710226,0.0038011944996867515,0.003757519099386946,0.0037096773109740354,0.0036596286986544904,0.0036091541198513444,0.0035553436834870997,0.003500438284959888,0.003446189813173711,0.003405326944251507,0.0034140926556587028,0.0041539598543979895,0.004151420810383566,0.004149555544562995,0.004148401492010569,0.0041480394211582255,0.0041486666766004515,0.004151263943019329,0.004156632587024119,0.004160704141622906,0.004099641922448785,0.004029777803892877,0.0039554605097607935,0.0038812008047586833,0.0038035023581083627,0.0037251197600671557,0.0036478064223316744,0.0035746070669732317,0.0035062372997385766,0.0034435906584118327,0.003394764001008912,0.003402233907937526,0.004104820761179866,0.0041020635328096015,0.004100342639893594,0.004100341554271005,0.004557694527711462,0.004579166853322832,0.004600658975702205,0.004622127429383005,0.004643437838306615,0.004626450064109532,0.004608909066235964,0.004531913988335057,0.004413125000957705,0.004294124939327655,0.004178076101276081,0.004065998041079311,0.00395781378809791,0.0038539422956135176,0.003754691276787026,0.0036604972907416104,0.003571754930154317,0.0034888737981688513,0.0034114266445942998,0.0033398504167388276,0.0032746461288675924,0.0032168336722830054,0.0031703473950785706,0.0032027334201534924,0.004119210757898091,0.0041127107078996064,0.004107307141198289,0.00410280716467504,0.004098973695728975,0.0040954219160103346,0.00409182792845067,0.004087823812708292,0.003983924532117027,0.0038824609824557213,0.003785145107229701,0.003692643299370065,0.003607008849938443,0.0035303343474789232,0.003466274288512361,0.0034019965268880185,0.003339600843272924,0.003281020372156791,0.0032320722847054254,0.0032394516223607094,0.003933218312797413,0.0039290547393786126,0.003925669688979518,0.003923033758277971,0.003921095899007853,0.003919810667902081,0.003919146099421761,0.003919120659081988,0.003920438294300587,0.003921651133637265,0.003922124200003498,0.003921834714951265,0.0038215838795704,0.003725955234748421,0.0036346426604402836,0.0035474534533485157,0.003464166730119614,0.0033847153146627142,0.0033091387932696376,0.003237547596933722,0.0031702042201580197,0.003107372652288971,0.003049958784731175,0.0029996672588911712,0.002962892025163783,0.0030623245337822584,0.003767936412762154,0.003767182269231937,0.00376734741718012,0.0037684729956939307,0.0037707270920920035,0.003775601240048038,0.004311482679758651,0.0043299597275279775,0.00431563464951957,0.004254527516902089,0.004192226928564097,0.0041198185918503785,0.004042377689105961,0.003963564594846203,0.003875481490082977,0.0037835311679354218,0.0036911098086105042,0.0035998895733254962,0.0035115727753820608,0.003427255529461338,0.003350679536529212,0.003283484695432314,0.003228890784893438,0.0031904283877052693,0.003211673357150365,0.003985254472753354,0.003972430771239236,0.0039609613933141025,0.003950822096318771,0.003941953465800374,0.003934228519180132,0.003927332189966569,0.003920971985899325,0.003853506422175531,0.003776428007224929,0.003711095322667247,0.003658799424878665,0.0036191638258694834,0.0035718445433245718,0.00352239689772592,0.0034730400734254967,0.0034189072319973294,0.0033625966769791284,0.0033055962609343063,0.0032482014603343002,0.0031921730148397162,0.003138505066372022,0.0030936819701140876,0.0030637251804791917,0.003131431175713949,0.0038407805270313485,0.0038359682851222326,0.003832082917382899,0.0038291137955959553,0.003826949746678163,0.0038253002974236324,0.0038237263690797853,0.0037490979483345154,0.003677942663612162,0.003604307128499759,0.003530991290081562,0.0034612779849776763,0.00339023004048466,0.0033192745328053503,0.003249676378961499,0.0031804064743147695,0.0031129246634776903,0.003048332782162001,0.0029899771739203425,0.002939622086324657,0.0029015755993159666,0.0028768953063417683,0.0029187454537774535,0.003645592152657027,0.0036438784067650974,0.0036431034846626065,0.0036433024842884277,0.0036441577615769103,0.0036455481133242508,0.003647288822381549,0.003649161256862351,0.00365071152899928,0.0035841916319344033,0.0035239352909480805,0.0034723452459545947,0.003433294819767611,0.0033905227493238833,0.003349003827508635,0.0033128561741733354,0.0032630055848696772,0.003207836801633845,0.003152822223206029,0.003100702659280244,0.003053878805157273,0.003018835301429782,0.0036470169313830582,0.0036456616055907383,0.0036453701185851827,0.003646150110917839,0.0036480791513501826,0.0036518144485831665,0.0037279025895653804,0.0037401777569442607,0.003742796145784083,0.003745670458904656,0.003750271266650509,0.0037586103996746422,0.003741779570910639,0.003732693779983661,0.00372601429395028,0.0037137278851756056,0.003708813491119587,0.003739518415790405,0.003914971076204338,0.0040861825989478295,0.004104889360403448,0.004123853936208147,0.004143107865668952,0.0041625683179501,0.0041822061366742795,0.004202023894770194,0.004222035159103645,0.004242298528032943,0.004262873223342891,0.004283819572977545,0.004305145461487343,0.004326794442955421,0.004348511148698508,0.004370081769986477,0.004391364028592801,0.004412261414317623,0.0043842877122812944,0.004363900508150495,0.00436057135078118,0.004364001307179087,0.004376194723087045,0.00439288610186323,0.004400534640640106,0.00445920540439482,0.004733459266292305,0.004745831790973328,0.004758641348429706,0.0047719248047308,0.004785608823750989,0.004799645034412703,0.004814129948961091,0.0048323552486884335,0.004854152690381165,0.004878264733647928,0.0049072380194686085,0.004880733295486662,0.0048549273492506165,0.004830456925804889,0.0048081004154307645,0.0047869909976885495,0.004692370136496626,0.004600069311214963,0.004506510836197625,0.004402775398889404,0.0042944680002150425,0.004185362757622998,0.004081723188821306,0.003987096001924442,0.003908852760328383,0.003900312404415284,0.004564264630887155,0.004542226244323672,0.004521802355315794,0.00450319694429328,0.0044893153233130445,0.004880714292185118,0.004891479498084779,0.004902617270688511,0.004914115771749577,0.004925918393087326,0.004897442493964461,0.004869090361886759,0.004841151649572539,0.004723703961807598,0.004612429002207258,0.004509413230064936,0.004420701927188917,0.004324114473098269,0.004223411677022376,0.004122168751959618,0.004021768941250557,0.003923589909614336,0.0038284214761757393,0.0037417849365725914,0.0036675084778291776,0.0036233823465699273,0.004438229394973067,0.004418770117950189,0.004400968748315041,0.0043848026262084715,0.004370803333601508,0.0048379646010254075,0.004847698709867256,0.0048177224363850895,0.004787918900584814,0.004758973169760741,0.0047305407706337115,0.004605379349573837,0.004479246541412821,0.004355739152542978,0.004237597253913214,0.004123050235449956,0.004014599581185807,0.003914365233044808,0.003814230296057522,0.0037173177978252416,0.0036257460933402127,0.003540438589840771,0.0034618889151523608,0.003391129081442523,0.0033501544760657677,0.004210791253471334,0.0041961269236581,0.004182722934999164,0.00417052046395974,0.004159472669272486,0.004149413034813154,0.0041402266850909504,0.0041312684169947595,0.004122243275071549,0.004008248616254812,0.003900412933384495,0.0037979331760740254,0.0037003061102735073,0.0036073717252699364,0.003518993871192968,0.003435156813230274,0.0033560920151308148,0.003281611230251332,0.003211881472413216,0.0031471399829200845,0.0030859822273373574,0.0030294173048035855,0.002979689042790095,0.0029384852805818384,0.003766851123419368,0.0037655698345129066,0.0037652378076292277,0.003765921710547635,0.0037678091351355785,0.0037710455570671613,0.0037970431861160123,0.003802882797361371,0.0038059261034586503,0.003807490972506701,0.0037155503339409103,0.003627571971218578,0.0035436870941674688,0.003464426283002424,0.0033871095263183475,0.0033127318679820883,0.0032422033946936713,0.0031747276594901643,0.0031108389050055795,0.003050841565544303,0.002995012819507411,0.0029437132055874847,0.002898688010097321,0.002879200387692165,0.0036231737041879436,0.00362524637314342,0.0036278337423611418,0.0036310393195873657,0.0036350350210689274,0.003640205053861077,0.0038016712254785364,0.003829754120410389,0.0038377558547570078,0.003841426103660441,0.0038473502955162285,0.0038503637184003595,0.0038504528987910068,0.003848898297099091,0.0038466883451486154,0.0038441917713427126,0.0038412388101505567,0.0038385647903380555,0.003838679702671202,0.004340174459563483,0.004352909133089221,0.004366130569565962,0.004379866413333687,0.004394067062967804,0.004408695495537985,0.00442372771823792,0.0044391977409963665,0.004455163587516255,0.004471871651267155,0.004509717457137202,0.004536939053698865,0.004556618476835253,0.004534024506129154,0.004511916141446936,0.0044901692833607424,0.004468459122073185,0.0044464720524289405,0.0044242056360335085,0.004401656133538041,0.004378981065134767,0.004356417389299805,0.004334294949018002,0.004312938989667251,0.004292694927576124,0.004273847658179461,0.004256588674693866,0.0042410897379206395,0.004301662395106956,0.004658619441002799,0.004668381501466695,0.004678445745255666,0.004689745639771256,0.0047016046913291075,0.004714884840272606,0.004686319194859722,0.0046588330762088685,0.004632375600872726,0.004606713446343374,0.00458162393091783,0.004556193931259502,0.004431890226288063,0.0043083511096752725,0.00418388063614931,0.004063030433411324,0.003947733334797202,0.0038396685315900906,0.0037403927283924977,0.0036579555583360875,0.004271103412303148,0.0042515139516678315,0.004233875754388982,0.004218236037800805,0.004205125911047769,0.004652883055048087,0.004663385494282891,0.004674813359669199,0.004722631388131935,0.004802142355677362,0.0048666475852204155,0.0048892568996408295,0.004908098344472243,0.004924246849781284,0.004880234517168707,0.004851136613871235,0.004835646670635533,0.0048171428584698655,0.004775671855670151,0.004720105093377457,0.004659485048779234,0.004591662771233589,0.0045224491349555055,0.004455618889284401,0.004406726617880187,0.0043928352096519515,0.004464854236236686,0.004977146383026251,0.005074015964917094,0.005074444766765119,0.005076070344032173,0.005078905110253738,0.0050831145288943325,0.005089999692236669,0.005442350487217839,0.005444155251178188,0.0054393118034438285,0.005354104581021079,0.005282653775277181,0.0051931964429151305,0.005092341982890866,0.004987514561944948,0.004890026912319689,0.00480209157489185,0.004726630629541988,0.004644269684201767,0.004558673871500366,0.004472929539008087,0.004383851592881909,0.00429391299413663,0.004204594967674121,0.004129791174732189,0.004071154583483947,0.004031073774892107,0.004010384565596551,0.004017235716640476,0.00406888466469989,0.004203608487698903,0.00448967504976189,0.0048695774388980975,0.0050521032868359825,0.005109716855783549,0.005082587929103883,0.005013641146750398,0.004925973159528823,0.004832001695495169,0.004736485253030335,0.0046434552037266374,0.004556480568158417,0.004457787849225427,0.00435347085200125,0.004247799780726909,0.00414337575917416,0.0040423543186936025,0.003946270362864697,0.0038606977058714587,0.0037918003664085408,0.0037971234208995144,0.004707106512424536,0.004666981421324813,0.004629295258461299,0.004593976620791243,0.004560912432435428,0.004529774866167654,0.004499557752335301,0.004387563167323641,0.004254985753001394,0.004131350821430104,0.004017050109808807,0.003912788493449633,0.0038099699306032857,0.0037098630193818033,0.0036134781982698426,0.003521975895278956,0.003435621432259969,0.003354550925369067,0.0032827412435995785,0.003225939251962847,0.0032164330717482778,0.004003553880422597,0.003988149829180986,0.003974212687462522,0.00396174672915562,0.003950876149328115,0.003942413495306192,0.004477662062093989,0.004449819000171957,0.004421128490538316,0.004393176519700815,0.004312907350108603,0.0041903536309751245,0.004072403597491612,0.003960344326811073,0.003856451569029984,0.0037524168745789845,0.0036509409237338968,0.0035536175402701184,0.0034619885452381533,0.0033761008477018045,0.003295935556825587,0.0032212432372670592,0.003152075667631107,0.00308851287522667,0.0030385705832943217,0.003863136143120331,0.003851566471214784,0.0038413209609270615,0.003832447023409315,0.003825236635407697,0.003842214837102878,0.003847316018316967,0.003841719776653158,0.0038350495347639502,0.0037406622395366974,0.0036447371985801323,0.0035520196948852587,0.0034633588302271593,0.0033791696294324723,0.003299596656923996,0.003224982010885735,0.0031558991688255527,0.0030873283220515754,0.0030210115686815434,0.0029581286930873353,0.002898836925509005,0.002843854760099715,0.0027940216280703894,0.0027486710694727538,0.002710327666541601,0.0034871504689862076,0.003486189107011745,0.0034860372358734323,0.0034866417836629513,0.003487930169713271,0.0034897878903374134,0.003491985425173948,0.003494188813533865,0.0034961278290846793,0.003429357852519605,0.003347659287847272,0.00326843816079695,0.0031929139349511195,0.0031207351767306548,0.0030520560275394772,0.002987113959955771,0.002926198927261164,0.0028696369568641366,0.0028180705519219897,0.002769171675295568,0.0027268193231329454,0.003167224767439288,0.0035957427803096167,0.0035886459997448014,0.0035862198969232035,0.0037727004961192107,0.0037919756998862665,0.00381135110868946,0.0038307581142750036,0.003844856545817604,0.0038317853567804874,0.003819166837204771,0.003806748841589252,0.0037595990372220516,0.003688869031426762,0.003615785241245328,0.0035469178755226454,0.0034842351117776037,0.003430467058388967,0.003388204707556238,0.0033416651241760377,0.0032991802199303795,0.0032759159481760406,0.0037520816023680027,0.003735835469486512,0.0037228078973984163,0.0039477470555868395,0.003959292962620078,0.003971582782850032,0.003984619315529515,0.003998413069597313,0.004013020617065243,0.004028736414444444,0.004046738373796542,0.004027854553122649,0.00400972095467388,0.003992115861323344,0.003974738690512546,0.003957104363939039,0.0039312767942599035,0.0038813581950386026,0.0037830653827842812,0.0036772892801084514,0.0035735860176451043,0.003475242741855199,0.0033830343259316454,0.003298163873618157,0.0032301832134148094,0.003776059786402923,0.003760549401585456,0.0037464474034717855,0.0037339398746128044,0.003724381577508936,0.004039315690345444,0.004050828513460007,0.004062813796547473,0.004075209331210049,0.004087972128411558,0.004066447475002174,0.0040455916128911635,0.004025072082675629,0.003927311640580084,0.0038133641929561485,0.003704233964842222,0.0036008763531301877,0.0035030696734717733,0.003412020647444555,0.003330172209788388,0.0032678200887495167,0.003349897537018661,0.0038514698283020404,0.0038343563227480172,0.0038197620607745672,0.004095545693531418,0.00410562237536155,0.004116393413540428,0.004128040228483127,0.004147555615309262,0.004167596396785297,0.00418938411455534,0.004208546977291114,0.004223963091097268,0.0042006780006491745,0.004178403394572186,0.00415697679614693,0.0041361709219174415,0.004115893805589468,0.004096019899730857,0.004076361837989201,0.004056900357800217,0.004037739241847171,0.00401931033511522,0.004002003619647037,0.003986669751702528,0.003983875420934856,0.004288927763678527,0.004299947844061811,0.004310266124741537,0.0043208242341784405,0.00433217724556224,0.00434626976839346,0.004357475498579111,0.004375685794675842,0.0043958567361341285,0.004422130075924001,0.004403218664634122,0.004380234019256746,0.004357883443091434,0.004336215274499677,0.004315231530076265,0.00429428973056507,0.004272961863003476,0.004251332663610449,0.004229466757394217,0.004207585783299768,0.004185982078293927,0.00416475676345672,0.004144249630751719,0.004124826700073786,0.004106854850328599,0.004090563552814538,0.004452585381359575,0.004461413005237104,0.004470894018497137,0.004489668883425133,0.004580323834155671,0.004913146293473088,0.00491389715055244,0.004952565687534706,0.004952978980492607,0.004911812468911815,0.004872388731837046,0.004834406006045788,0.004797713508462076,0.00476162385035021,0.004685257296322322,0.004621479469012781,0.0045644995204515825,0.004528538247611764,0.00455004478200364,0.004694721680869775,0.00488290849795575,0.0048807817013414734,0.004879373635203943,0.004878632119282147,0.0048785198448109465,0.004879188521326813,0.004882804644629474,0.005130282346678643,0.005128725709468912,0.005164438915262115,0.005168424588462571,0.005203525698091737,0.005220416089014292,0.0052173819325723805,0.00521564452347239,0.005213599779116663,0.00521047826367866,0.005207854565757336,0.005203652880389254,0.00513725602959848,0.005125286429021894,0.005149793076012398,0.005216685913938439,0.005299114574169384,0.005534837354910046,0.005547012167527007,0.005565242771716211,0.0055874502470704916,0.005612451248824978,0.005643836978147554,0.005683750351840525,0.005753614025378633,0.005950381213072826,0.005961418508012578,0.006000462368567267,0.006012949219439607,0.006052996932879724,0.0060653629032891435,0.006079856699684691,0.006094120633212328,0.006107774643505287,0.0061205187183917,0.006132781205889673,0.0061201671165846475,0.006107748081067855,0.006098878835256238,0.006177419983396833,0.0061894634330918,0.006204828951767412,0.0063508466712488875,0.006376863301127612,0.006403375404331564,0.0064303535530300425,0.00646757320718631,0.006508288539264568,0.006552532238251235,0.006600715627463509,0.006657437782724327,0.006731434897574355,0.006917587109421853,0.006941791437287645,0.006986841613722795,0.007010644764150491,0.007051049230411328,0.007103632852791134,0.0071090550510197964,0.007120604867775632,0.007126389708413466,0.007103387875173165,0.007082275936176815,0.00701045905488627,0.007040603079351061,0.007067436438548119,0.007168751284748379,0.007256444212047097,0.007386301678173194,0.007406342725576728,0.00744630123945955,0.007468021520443634,0.007507317473573299,0.007535574313370325,0.007563972077925315,0.007592126200307074,0.0076203510445927896,0.0077291834871294225,0.007691980756472946,0.007656073385565785,0.007557494821489015,0.007358404914816419,0.007180008659773468,0.0070164073189011465,0.006869483040118109,0.0067142087953535115,0.006554221305320316,0.006395296227173406,0.0062220310131342405,0.006041973401228458,0.005859510067916886,0.0056860790681222285,0.0055246055582490435,0.005383677901508608,0.005679440208190975,0.006637785919551664,0.006562838443919773,0.006491504258646339,0.0064271635710718275,0.0068134125509264,0.006791576410443853,0.0067224294798448984,0.006647206202512986,0.00657395351204234,0.006338979885450051,0.006114888201959997,0.005902676877509215,0.005702511177637583,0.005514945627690871,0.005336358806183606,0.005167391983939736,0.005008800181450051,0.004855804000895665,0.00470958119756745,0.00457090284310765,0.0044402601337573955,0.004317654381555613,0.004203006383940244,0.004095439377275131,0.003994697412092641,0.0039006614140713997,0.0038138408062373197,0.0037392690762697816,0.0036996352839548134,0.0037176561130923833,0.005012652696897557,0.004988172646411195,0.00496436534683617,0.004852000259658482,0.004714270961371928,0.0045818418224662935,0.004455391227398048,0.004335175808672558,0.004219174390877266,0.004108122907374868,0.004002546107745487,0.003901616691063556,0.003805741316687224,0.0037152190657260263,0.0036301289649948477,0.0035505431016736406,0.0034766263024867835,0.003408857676752602,0.0033491529835110076,0.0033024763927071077,0.003262380709491876,0.003233913109220787,0.0033105718347953704,0.004324930103390354,0.004318626597258668,0.00431279740609695,0.004307074826323024,0.004301127857922227,0.004189731054106533,0.004084761590794369,0.003986210918711108,0.003894275655983595,0.003802598654027287,0.003712798211892877,0.003625957232580477,0.0035436413727098163,0.00346609393172853,0.0033935615372668853,0.003327691885611701,0.003269878893174776,0.00322327982285119,0.0031879642909361525,0.0031753402995206457,0.0033507978548772068,0.0041190230261928095,0.004115385580355657,0.004112689741496899,0.004111221662126728,0.004111695971648009,0.004117208594798867,0.004076295564491725,0.004066327758680004,0.004064107138377026,0.004052857035829432,0.004043475635123215,0.004042132523846823,0.0040418007861275414,0.00403912116530523,0.004031313777098518,0.004023774244902956,0.004019596159652625,0.0040203832179701434,0.004027565633548257,0.004051403237252662,0.0041172011121314005,0.004308577676442151,0.0047609242141203505,0.004817167381913666,0.004838726892784201,0.00486003496366054,0.004881107283822645,0.004902001414407046,0.004922760478355527,0.0049432610255003345,0.0049221799907336675,0.004859600187139871,0.004746259646785618,0.0046246527922807696,0.004506019116359921,0.0043967807352691965,0.004285992682690695,0.004176387733315627,0.004069866167752796,0.003967073588786998,0.003869372922853495,0.0037773112563522825,0.003691176875439445,0.0036119805141897987,0.0035426227961934276,0.003482441774749363,0.0034354638048830046,0.003411235169163549,0.003402311421332421,0.0034546334131504127,0.0044294825672389826,0.004421372751168903,0.004414325078931024,0.0044085479870303625,0.00440413406927117,0.004401354784464318,0.004398969811974127,0.004345293138382643,0.004295886724418646,0.0042467924025114305,0.004189934517395131,0.004132403907927133,0.00408117612820829,0.004041013064395777,0.004019130429056729,0.004025313718664882,0.004066475368131478,0.004356511273622463,0.004731630874190295,0.00477894827646023,0.004796393677280929,0.004813741806492418,0.004831026356997003,0.004848277299321833,0.004865523275927234,0.004882753652811161,0.00489996084140218,0.004877450916063606,0.0048547836798335815,0.0048325207257099035,0.004725349144088318,0.004626184926174422,0.0045375600775191495,0.00446320449599469,0.004376525928684309,0.004284955558500355,0.004194831932546569,0.004099552355577311,0.004002849042715842,0.003906807860571205,0.0038280134624229306,0.0038571721489911773,0.004595147114045652,0.004575697588957267,0.004558056750126107,0.004543971555777536,0.004679193797819,0.005039519971720591,0.005012471202054186,0.005062450474910706,0.0050458790547634556,0.00501504938095938,0.004985386654785966,0.004956653708753083,0.004928527642232049,0.004821223197643641,0.00469414579948174,0.00456856752647361,0.004457667524582172,0.004366614057754871,0.004301352139460248,0.004245327268970236,0.0042242072494346,0.004407975728804926,0.004884184756771025,0.004856722077334338,0.005031816119101192,0.0050404039351946124,0.005049583583886158,0.005059382585493659,0.005069748844357851,0.005080947093843084,0.005451392945231134,0.00545323748951203,0.005498786563151201,0.0054539259111659934,0.005410581742866699,0.005368452290815917,0.005327246946321321,0.005153588564541627,0.004987552896166578,0.004830578016686499,0.0046815443109255095,0.004540253554581113,0.004406632680217527,0.00428052829852536,0.0041618934233084715,0.004050617142861268,0.0039473873937620274,0.004312607142154974,0.004974400286983568,0.004942330607709048,0.004912473673800613,0.005082003086019957,0.005357683321151214,0.005360100555354574,0.005373642308761871,0.005385895274007052,0.005593786286389854,0.005545387447547892,0.005498563753188478,0.005453031378199314,0.00540847813504793,0.005245824431044624,0.005084866963669423,0.004929876560908079,0.004779318533442696,0.004634436306636731,0.0044958381568343695,0.004364730370341189,0.004241330277002574,0.004125540668948378,0.004021144329768131,0.003936120400884604,0.004035650832967506,0.004860667233099031,0.004832387041750993,0.0048064559745424834,0.004783935127238345,0.005267034933345134,0.005271692804259992,0.005277033862295724,0.005283287241350037,0.005245329556141251,0.0052089219011903064,0.005173882670642137,0.0051402433773784124,0.005038328151420742,0.004938153037696934,0.004846842825059902,0.004763937642033777,0.0046939787125289895,0.0046445670245847245,0.004576214990571401,0.004496620740266092,0.004409884064541757,0.004402337773478019,0.004998259490693368,0.004964589001265112,0.004935975604052859,0.005196733892976433,0.005201221497004652,0.005206343565790669,0.005212150542908277,0.005218781889296667,0.005226803894736392,0.00527074011273298,0.005678131163827359,0.005690525030853587,0.00570189715850763,0.005697638788257433,0.0056438032969477,0.005554767975547962,0.005548646115923658,0.005537861240098001,0.005509629225283804,0.0054704491350096775,0.005409467977080053,0.005336631092765967,0.005259581061343962,0.005219456817683686,0.005513078300821835,0.005808674678749774,0.005796078729995227,0.005784333597856484,0.00577345496417629,0.005763443064671528,0.005754301519923427,0.0057460625687485835,0.005738850265118239,0.005764995662520113,0.00570938427217481,0.005655571988424136,0.0056033085994767265,0.005428473257962705,0.005254686703540785,0.005085639271141718,0.004922705750080912,0.0047668678143251665,0.004618247525590501,0.004476912822644985,0.004342199450428658,0.004214538459772224,0.004093979128882401,0.003982758510165934,0.00388252938159449,0.0037966240621056676,0.0037188933580419147,0.0036506822028788254,0.003596028241869752,0.00356632796172751,0.003836603278648484,0.0047522411960512325,0.004726537497660324,0.004702610635421143,0.004680400331732656,0.004660751758722555,0.004615488823767312,0.0045212736011785,0.004420617988355944,0.004319167029307011,0.004219743837316156,0.004126604452830036,0.00404090961069337,0.003963426864714781,0.0038861412331647038,0.0038102741765742125,0.0037358427719325613,0.003664065859249191,0.0035959075825955224,0.003532285939426573,0.00347059821203838,0.0034111577686405867,0.0033544122580048473,0.003302145111418252,0.0032551294111647687,0.003215063483916565,0.003185326627196237,0.003217269589858308,0.004133272634869295,0.004121137317232133,0.004004149978642797,0.0038933509772911966,0.0037887622272508403,0.0036916288131494815,0.0036040050367358236,0.0035165877058197887,0.0034308896839432813,0.0033479506488197173,0.003268836292717773,0.003193987579085587,0.0031236321288401784,0.0030582013635031087,0.0029979455337288785,0.00294327113721086,0.00289067817531964,0.0028416614294592153,0.0027972467686718148,0.002756314820381146,0.002719800055119675,0.0026898889576515974,0.002668064538489756,0.002660740347247366,0.0026909759681632015,0.002771387179174863,0.0029412253595403172,0.002992757338968195,0.003064142102151444,0.0031703988890181595,0.0032511183333375515,0.003285606706551502,0.0033019670892754397,0.0033141306369396774,0.0033155914175251066,0.003355276980273886,0.003959098419677244,0.003944109488699083,0.003930629746882336,0.003918838560607485,0.003913126716499032,0.004198412572665176,0.004213293705778524,0.004228536547490372,0.004244137763273389,0.004231628290908457,0.004280089773666845,0.004265186787185404,0.004248137093065412,0.004231575681260425,0.004215561797636627,0.004200068878687062,0.00418473825430392,0.004169402540276353,0.004153976445409391,0.004138725836881086,0.004123774217398321,0.004109388452005617,0.004095576963361794,0.0040827626473775025,0.004072285401259183,0.00440502281860871,0.004417925256635524,0.004431145764832687,0.004444709782993978,0.004458661346241343,0.004473073151758741,0.004487912445166208,0.004503159616033858,0.004518806974524952,0.004534968438298392,0.004552347787207123,0.004585405846092273,0.004610326409527674,0.004633921784518784,0.004655626413831687,0.004615647889049921,0.004601218929440747,0.004608798945703681,0.004598043110224259,0.004570279077142473,0.004538309974569701,0.0045016331003744445,0.004469718949982256,0.004448572522879934,0.004450768918929599,0.004493542997310378,0.004599523128291604,0.004786829765817156,0.005000345583915984,0.005148605951256495,0.0052712446605448085,0.005407231774486816,0.005403067403703069,0.005400169974500255,0.005643861490653281,0.00563411776365834,0.005625148390492177,0.005616915627708495,0.0056082637806833795,0.005539126163961634,0.005514108957242541,0.005512686746664389,0.0055053780844451705,0.005501335204676279,0.005491827478218627,0.005456263795629345,0.005437088909190892,0.005723595874935988,0.005736658443428368,0.005722440227013284,0.005709339918353793,0.0056974106717144766,0.005687101093457018,0.005911652780623747,0.00590180583255039,0.005932659966016517,0.005942047204626883,0.005951992472258947,0.005962665814345166,0.0059517000259848634,0.005940099173556522,0.00592851974380844,0.005865186691243877,0.005737948089638123,0.00566215702474359,0.005605303261841296,0.005584549635787541,0.00560787598180573,0.005675138895810677,0.005716965839829135,0.0057446999973096305,0.005786877955685689,0.0057722358017922625,0.005758077979251282,0.0058277350783442206,0.005983435994208647,0.006215232647969324,0.006199863689750861,0.006393319027833544,0.006399470704866568,0.006406617362946504,0.006415871102038299,0.006695088943394986,0.006698980649065428,0.006705209443799213,0.006711054963932578,0.006715333386066633,0.0066917363424676265,0.006667657121755996,0.006578369016281246,0.00655889499569406,0.006561362988658477,0.006599797715591286,0.00664856765794596,0.006797236615987305,0.0069129694738618,0.006913005404255424,0.007063840786956229,0.0070627644525969105,0.00709442058978183,0.007094401660032126,0.007126511397176539,0.007127874821181059,0.007160353029972415,0.007165657447902095,0.007198100744586921,0.0073300669631820815,0.007237931360525847,0.007146671338388076,0.007057595141346552,0.006970757524082569,0.006886197787541216,0.006714079640746223,0.006566526157893012,0.006406701967051848,0.006241557169011521,0.006077369980195087,0.005922227051627191,0.005813292064163779,0.006444676906250834,0.006372662682854241,0.006303996885718801,0.006239764096123317,0.00659783892078152,0.006578132174500896,0.006559526590231766,0.006542013451884302,0.0065256344654844745,0.006510584891954424,0.006511278626755161,0.0069257032652457655,0.006913431318125242,0.006985747675635733,0.007005697156613439,0.006979732559792989,0.006896462618390244,0.006813535655593654,0.006712369850424469,0.006700705968380164,0.006680274091094147,0.006679923166603527,0.006643206646662702,0.006600484587755026,0.00659926580808962,0.006799784874176074,0.006993445745819615,0.006965487514764807,0.006940861449949448,0.007153336214343124,0.007153975461041075,0.007160373465017196,0.007465122593587319,0.007480073155526409,0.007496485022452598,0.007823687887522005,0.007823055299824608,0.007817857433499397,0.00779100370432185,0.0076857444555973094,0.0075504723908604915,0.007503543768538851,0.007476346392285815,0.007442802153544715,0.0074038590582448,0.007378067968814336,0.007318725907992672,0.007242031154088612,0.007183871378710208,0.007244636885618455,0.007646646882680623,0.007622824451250057,0.007581547281881506,0.007542404440165873,0.00750632884422206,0.0077702771552495605,0.007759854000646428,0.007750410387605963,0.0077420754331298264,0.008025326906944184,0.007980595462385325,0.007936915628523342,0.007857873036080864,0.007752869175206036,0.007648240428902156,0.007403690217363684,0.007199318052801085,0.00701776447159395,0.0068821125799911394,0.006815988503420088,0.006772206451491864,0.006800531439691187,0.007242562068647621,0.007505564438164229,0.0074683477554396095,0.007432652041450005,0.007398493560423691,0.007365937127747737,0.007335850765380818,0.0076717341798212095,0.008004086764376911,0.007999112346218152,0.00802483260004372,0.008246482773202841,0.008129773727220168,0.008016743113123207,0.0079080331836808,0.007808903414915546,0.007713296731893811,0.007620675476239216,0.007529287935018894,0.007441762857635951,0.007367810873046049,0.00776216722405069,0.007722560375715778,0.007684392530596366,0.007650430024880075,0.008220935689206819,0.008421060484683716,0.008436873482727428,0.008452971706414465,0.008469347068329688,0.008485998421791756,0.008502934805145393,0.008520165178113706,0.008537699517478499,0.008555522069430797,0.008573616821269659,0.008453129943343943,0.008335950029288603,0.008226015968500266,0.008132935579069456,0.008036032446979683,0.007937125014074013,0.007839135710226434,0.007742967096507415,0.007649850905604364,0.007561968826213645,0.007476607469991588,0.0074328574174827985,0.007930224382097876,0.007891807949306755,0.00822564896107692,0.008522801311873891,0.008758573895489737,0.008774304851019448,0.008790134167817472,0.008806085025079069,0.008809824185827566,0.008839684282560802,0.008845551261498571,0.008875625528103288,0.00885935786559466,0.008808436008781954,0.008755852929235045,0.00862797188514033,0.00842862629618852,0.0083401589594725,0.008285950462938953,0.008246999118829135,0.008225810727416821,0.008237635416525611,0.008182134494746513,0.008068625899133357,0.007926463838302039,0.007820718507237465,0.0078037749732179345,0.008187936751371474,0.008553319094329492,0.008497316685876924,0.008443142379439736,0.008390768061591752,0.008340170100952312,0.00829132948769487,0.008244225357128496,0.008198897852769704,0.008099856879637435,0.00799110293272893,0.007884389530504405,0.007588723180484798,0.007307923266696981,0.007041498984654068,0.006788916504485896,0.006544922916393757,0.006311903111174233,0.006090942370616189,0.005882360946856658,0.005686818350635886,0.005505290419510031,0.005338378352060832,0.005188448384930292,0.0050601312045766055,0.004942086403519537,0.0048405522563986355,0.004770568197475575,0.004742742193385177,0.004919919059059386,0.006204973358288174,0.006151620273127288,0.006101190237883317,0.006054566483643827,0.006020210225496418,0.005994474545718131,0.005869906831873348,0.005778265340219147,0.005711527102565062,0.005667449692068936,0.005612321952244223,0.00555242799268276,0.005495001732269822,0.005414302350921126,0.005318310553835069,0.005212953094147753,0.005142468782254506,0.005120995579922338,0.00516719618557977,0.005233102736695908,0.00535621244062996,0.0057427568887488505,0.006196921072106096,0.0061929480565490035,0.006189590641935096,0.00618694354502623,0.006185076808888637,0.006183987347822829,0.006183379824078106,0.006130348341679674,0.006009805671003071,0.005905547790285449,0.005788102191638251,0.005664780187428841,0.005538601470429241,0.005412654929144497,0.00528975833819408,0.005159674030419702,0.005026704655399392,0.004893475957845886,0.004769663844305894,0.004656480803232721,0.0045557480144230314,0.004470986009531356,0.0044135307336562075,0.0044543406544673425,0.005471756122531916,0.0054355580225596304,0.005401185504490772,0.0053686190839147075,0.005338177020926859,0.005314563022723953,0.0052874403132367786,0.005260242773642214,0.005108691350838919,0.004966898095422428,0.004836095428330365,0.004717751027750511,0.004599532200732776,0.004483595123187096,0.004371433219300629,0.0042640909434751365,0.004163195062497715,0.004070373533352341,0.003983241121640316,0.0039022199810012344,0.003827757985546929,0.003770170157165637,0.0037481109589358485,0.003947885839883695,0.004837211013925852,0.004820579758761887,0.004806075484859054,0.004806419682858845,0.005358285967234814,0.005370451506294663,0.0053378184827634016,0.0053057342248638345,0.005162518212417861,0.00503034343001507,0.004912082188465629,0.004812340376367544,0.004719984615983948,0.004635930489416845,0.0045614087824625395,0.004479081338834855,0.00439342490665755,0.004307662221477638,0.0042328726917571806,0.004176468788016755,0.004175176158515637,0.0049874103298681175,0.004961969528289338,0.004938346991720676,0.004916878322177371,0.00491045613645609,0.005336622956808341,0.005346628698027657,0.0053568744188494605,0.005367266011625644,0.005333487698754704,0.005300305305887018,0.005173265502151502,0.005049980380465412,0.004935747641753964,0.004834054214244413,0.004743505855224558,0.004664767844486839,0.004598356826301792,0.004515931918525556,0.0044239424280684,0.004326964548750557,0.004237549877392807,0.004157354077539484,0.004089541750330595,0.004040582764101655,0.004030174649626683,0.004265813004685608,0.005030162189030193,0.005001330319280944,0.004974032806461265,0.004948869578931851,0.004930457893899673,0.005284992056645384,0.0052935478099852325,0.00525934788644978,0.005154995514494988,0.005064420870989355,0.0049793830826195965,0.004899245446757069,0.004814051232676591,0.004727966223789797,0.0046445000194319805,0.004548585527074203,0.004446390512876745,0.0043417530614157955,0.004252677315799573,0.0041823272858473905,0.004135037218574057,0.0040925449877653695,0.004058191125263976,0.004040835874422504,0.004088913449551021,0.004919229510329695,0.004892601661946174,0.0048681591396645026,0.004850591092310006,0.00522964965360367,0.005194193682331493,0.0051596104743057,0.005031309692262706,0.004914875777147161,0.004816664138260081,0.004740274815748171,0.004656505293597123,0.0045691876474221816,0.004481844066918983,0.004384623855997298,0.004283626494700331,0.004182533830758533,0.0040944675195849645,0.004024359908658443,0.0039873808823275465,0.004045586442942181,0.004826018251629189,0.004799390833253672,0.004775029659628094,0.004755511762859807,0.0051352223914483165,0.005143551308033925,0.005152464036000256,0.005161880473953359,0.005171452792631645,0.005180835550936504,0.005146750319848585,0.005039751506483863,0.004952369780858375,0.004874829563144056,0.0047963539783145515,0.0047204086890258136,0.004650343951859819,0.004561794549147382,0.004463751535610181,0.004360828754252085,0.00427771439452331,0.0042314589059237965,0.004332196839928881,0.004988415876991401,0.004958135806398499,0.004931516348436834,0.00519791250795957,0.005205400491481433,0.005213374926144526,0.0052218262164444845,0.005230744127370457,0.005240059744163927,0.0052078627219460496,0.005175428660779258,0.005143518651070733,0.005019877569295506,0.0048994450483216085,0.004786450068450714,0.004679074797665857,0.004579455392819635,0.004490111734792454,0.004399152415078765,0.004311829238524707,0.004231419088512807,0.004183092556673356,0.004386903490718623,0.004991498631610409,0.004961252599967765,0.004940565219489059,0.005189879809728215,0.005197556851708749,0.005205694082712289,0.005214306744675463,0.005223422804299241,0.00523308130296405,0.005243290751768572,0.005253826814229451,0.0052644150384059925,0.0052291854100885785,0.005134044341616281,0.005081884100695332,0.005039044569049518,0.004990763214254331,0.0049410005025661615,0.004896197222861039,0.0048361904342387645,0.004768603413704908,0.004701116684888496,0.004639757606215774,0.004585778289774013,0.004542115844153881,0.004540978622265348,0.0046065737990264284,0.004796641847996329,0.005345864243685506,0.005419221313877662,0.005422870319350031,0.005426820417887834,0.005431030041967189,0.005435434125362814,0.0053963809840810615,0.0053574918517041905,0.005284730302566036,0.005218701641111787,0.005170628768150317,0.00514660420985836,0.005097022685728331,0.00503381069333605,0.004967889322664905,0.004891571897434425,0.004818939660454147,0.004843852448250873,0.005361661711814903,0.005320878981376168,0.005472466712915082,0.005473963245349735,0.0054760638842694795,0.00547878785582848,0.005482137885350931,0.0054861206241885955,0.005490749702398265,0.005495989568894729,0.005501914319790216,0.005509288960606178,0.005473779865754064,0.0054357555550157925,0.005398456601193467,0.005300856333063294,0.005228583368173911,0.005212226406124613,0.005208294842759375,0.0052092868676373106,0.005216484709875693,0.00516960156406501,0.005089872201276208,0.005001081795557728,0.004931634676545275,0.004982529332256682,0.005497485307538598,0.005454339751957149,0.005591994980596334,0.005593282234997411,0.0055951051519729685,0.005597524871846208,0.0056006153152455265,0.005604660871568172,0.005610477221902901,0.0060084545598482,0.006029065686594439,0.0060321038222047665,0.006030093443320548,0.0060269220353148445,0.0060228922199784644,0.006018560563035627,0.005939554523091742,0.00595313961561199,0.006048187286328548,0.006053083485337864,0.006063353504196688,0.006251405819724457,0.006256974071912193,0.006296636143335815,0.006469687588837254,0.006484577668802854,0.006530894482564869,0.006561518476226951,0.006591995392472382,0.0066223297313690475,0.006652532142504252,0.006682585703529807,0.0067125015511361385,0.00664193169610939,0.006573396269956633,0.006506926309515097,0.006442308356257929,0.006379365842650082,0.00631786397364732,0.006257677464135497,0.006198868225075537,0.006141582942679025,0.006086117600146171,0.0060326436566786054,0.005981651429750307,0.005934368733439178,0.006403576053109515,0.006396151916517377,0.006766373985719263,0.0067817402694079565,0.0070696909409242534,0.007078184941826176,0.007119546781230579,0.007128281682692133,0.00716989260108096,0.007179440822565982,0.007221197821807877,0.007201708488693618,0.007121205323038341,0.007042804901620773,0.006966545425437364,0.006890952979285467,0.006657691715418167,0.006423673301158756,0.00620012191591408,0.005988185442195476,0.0057880302460065055,0.005599400386202527,0.005423194657680453,0.005268991009005827,0.006179734769865901,0.006125545058870739,0.006073617138230562,0.006023955613300158,0.005976998151979901,0.0059385556144901834,0.006592209691660064,0.006584491520926487,0.007097422188532178,0.0074975512004013,0.0075110181864919984,0.00748740350745065,0.007397898618036799,0.007310137003531409,0.007224131173235166,0.007012633959834394,0.0068100851069523875,0.00662649962542839,0.006456198783808038,0.006308231587644112,0.006193765412507675,0.00606981293636351,0.005953202960350352,0.005971084255139808,0.006719904138417968,0.006649955449015536,0.0065926275437760175,0.006920087085464619,0.006902516671235779,0.006885922487029764,0.006870374361878469,0.0068562045188339076,0.007271997996323278,0.007665527904123572,0.008010061205693385,0.007975827503882524,0.007870366150172796,0.007766874200319557,0.0074858083833861675,0.007220212603089888,0.006970321306654418,0.006736643021907077,0.006511440233354636,0.006296013807912645,0.006091045299996373,0.0058929303522668505,0.0057028981401459925,0.005521921283216563,0.005354634014488614,0.0052028727098211314,0.005070983050402348,0.004965639087465914,0.004914720423692855,0.005214247669915304,0.006386383095753254,0.006327344063722993,0.006271784216061741,0.00622460891393548,0.006813382539193187,0.006753736796314067,0.006684128957044381,0.006616141471428288,0.006393305507590123,0.006178272184162344,0.005975412833276583,0.0057874913578493305,0.0056068216166349025,0.005435048085865862,0.0052736096423568884,0.005116504208674011,0.004965928043069291,0.0048233737967344065,0.004687857381627985,0.004559574781912494,0.004438549726132865,0.004324927738376812,0.004218295457033971,0.004118279285838418,0.004025050412057907,0.003941577642020598,0.005281111844488109,0.005254794294755192,0.005229876575958978,0.005206529489179474,0.005184084794918756,0.005162081082347012,0.005014035752696366,0.0048754631091739355,0.004745718100835833,0.004624713018020758,0.0045148847821517134,0.004418286591814583,0.0043387343233733285,0.004258833454437046,0.004182126503687386,0.004112904772951627,0.004064823360547559,0.0040760096681905205,0.0048981279357861,0.0048827476045586096,0.004868883631934777,0.004857344304757863,0.004855898031079776,0.005523063879560609,0.005535034829387038,0.005547176173585273,0.005559513860403336,0.005572073203138557,0.005537880970832686,0.005504601489044495,0.005471919176701547,0.005325736460936103,0.005185156800551133,0.005052355144660095,0.004922243294333949,0.004796415730047554,0.0046759745121550894,0.0045666282889494795,0.004475157161637986,0.004424950180277127,0.004612760967819205,0.0052807010936486085,0.005253229460732762,0.005244098579691921,0.005558216059139861,0.005569072672222819,0.0055802430734463995,0.00559175317401769,0.005603663072292646,0.0056161283044312395,0.005630240254416606,0.006170351794040536,0.006170735664297463,0.006172907413749436,0.0061231027159741255,0.006057220152489034,0.0060608188563987565,0.006088602979564216,0.006097677950718389,0.006090652427010729,0.006080701047653564,0.006037995074122007,0.005971056397779628,0.0058961778154910825,0.005893329184557737,0.00607675809488576,0.00645217770417906,0.0064412231140722805,0.006431494676712508,0.006424217118375807
0.75,0.9924088450244252,0.9822088209756915,0.9697794430320361,0.955473844053177,0.9395955169082241,0.9223430845679408,0.9039068096560633,0.8844704521202956,0.8641790857972772,0.843194467856046,0.8216719646039687,0.7997582751442356,0.7775783020229744,0.5889792998663976,0.5687862917446458,0.5494144614832931,0.5308351900351306,0.5130366986047828,0.4960645449807221,0.4821911490565147,0.5460354861890186,0.532467506167302,0.5151704046660768,0.49842291607140427,0.4952187323320463,0.491267861955174,0.48690641391934275,0.48229695269913203,0.4776865208880879,0.47301397780660087,0.46830607111292044,0.4635475497064341,0.45874354903821396,0.4538908687740495,0.449037962428059,0.4440790413634611,0.4389694213855863,0.43380493193067654,0.3946674486960366,0.385175017887092,0.3759272084034769,0.3669178943343181,0.3581415137387153,0.3496031481774623,0.3412981819439983,0.3310953448151293,0.32930067194887913,0.3268942225853346,0.32394086671266237,0.32050790070362334,0.31668435438853354,0.31256504550882885,0.30823350613536593,0.30371860481767116,0.29904356693154366,0.29425493227980704,0.2893850754265481,0.2844737441893235,0.27955802573947697,0.27453179662472554,0.2693298333634943,0.26394331003971977,0.25839409048648676,0.25270996888182046,0.24692472885225258,0.24106048524108106,0.23514075619289743,0.22919264231184178,0.22327111856836454,0.21742331437486667,0.2116634961140523,0.20601025690737662,0.2004797000725442,0.19511654219026525,0.18992059553639806,0.18489326961256897,0.18003835260308998,0.1753299460025924,0.17076346142306148,0.1663419206131528,0.16202180772988461,0.1577750260863618,0.1535864719829411,0.14943582508741873,0.14531061786414345,0.14120714395892411,0.13715840105805216,0.10370331950427815,0.10030315504370126,0.09703300124574184,0.09388786670951296,0.09086354300650093,0.08797892252251178,0.08518398459514279,0.08246828971301641,0.07983107684294917,0.07940130023645106,0.07875532218894085,0.07791780660075674,0.0769130887639432,0.07576409778201018,0.07448798380034656,0.07310383373375894,0.07163198396776743,0.07008881223935257,0.06849063403422125,0.0668517704385871,0.06518573292440945,0.06350592999497649,0.0618333254155755,0.05143667969628668,0.04980570056147298,0.05071679951483643,0.04953381942769747,0.04838753286507102,0.04727633458232432,0.04582844552484416,0.044419490353503295,0.04306109068538673,0.04288338097302347,0.04261714707805798,0.04226448750827549,0.041836115747282306,0.041342871852206475,0.0407955610158098,0.040204700217598914,0.03958245393796999,0.03893828669274596,0.03826744549138214,0.037569710538831305,0.03684666746649209,0.036105364524677414,0.0353525801016645,0.03459749908876237,0.033865323820083566,0.033182883539235826,0.032570309335314254,0.03201585155086744,0.03151202918561772,0.031054564968858528,0.030634208565123965,0.030241537496702896,0.029867574244992194,0.02949960696694398,0.02912781434530071,0.028746655262850588,0.028356770289204945,0.027958041400873386,0.027550272366204085,0.02713132945304992,0.026700310827636138,0.026258416043963784,0.025804972746738118,0.025340524611119613,0.024866349457144023,0.024382406806200786,0.023889144518999768,0.023387479707813377,0.022881221471478457,0.022374085533231128,0.021870130999321166,0.021367774750855256,0.020866544178130223,0.020366829956665902,0.019869624843286197,0.019375982826827676,0.018887238294533447,0.018404638846903743,0.017930325368098254,0.017465847517645173,0.017008751772162784,0.016558312308466015,0.01611521874197363,0.015680041802593022,0.015253144314294238,0.014836379738844281,0.01443036802364122,0.014035887329327713,0.01365359086543578,0.013283169304679435,0.012924337771932852,0.01257696276191137,0.012241227179098636,0.011917340797653752,0.011605564048635537,0.011306029468856485,0.011018924865449883,0.010745272862986429,0.010489942261737188,0.01025470782305757,0.010040422111896548,0.009846278296631901,0.009669966853408377,0.009509920360917107,0.009362354786679789,0.009224731467062475,0.009095132884260788,0.008973480241165276,0.008859958357848995,0.008755113019847046,0.008656039987569317,0.008560424348474613,0.008467344985047006,0.008377144770555536,0.008290393079877566,0.008207257224954276,0.008127596996360493,0.008051162695218784,0.007977648094817057,0.007904457228970105,0.007829962695781961,0.007753520527652824,0.00767590497338971,0.007597685946017309,0.00751932892031297,0.007440956987996933,0.007362707143204131,0.007284832401816466,0.007206739622286959,0.007128480016725449,0.007050313992776293,0.006971874131333701,0.006893133649525465,0.006814284365186934,0.006735543480334162,0.006657329327953161,0.006579884437699226,0.006503407503239345,0.00642811777834652,0.006354371861876987,0.006282610663726932,0.004691370866733206,0.004663936349222532,0.004638499883345563,0.004614952426157397,0.0045931619305519976,0.004572834609121026,0.00455358646713958,0.004535172169765215,0.0045172745958672765,0.004500023003455243,0.004483016171878747,0.004466162562952666,0.00444976193149635,0.004433840574048792,0.004418406098140473,0.004403475067865681,0.004389126627022756,0.004375413734119587,0.00436241509035889,0.004350165699555608,0.004338755652310531,0.004328211464780448,0.004318555501654027,0.004309793924577155,0.004301952415450927,0.004294981341604409,0.0042890293884325715,0.004296768198492245,0.004301469794262544,0.0042994690489753275,0.004295632045255757,0.004290820378312498,0.0042857276179378385,0.0042805219416073865,0.004393316318759232,0.004493476055364265,0.004581734219224169,0.004658949281104493,0.004726200059142435,0.004784657979209642,0.004835546648633331,0.004879537832850886,0.004917447647056556,0.004950120899185481,0.004978093335079235,0.0041552209606390365,0.004152429696279761,0.004150264963521728,0.004148903197055579,0.004148688231022732,0.004192718891094616,0.004205172726217294,0.004216248719893842,0.004222399211108603,0.004225823095121771,0.004229948695022795,0.004234869033491995,0.004239453429088256,0.00423608749142564,0.0043488007200314545,0.004452295431515029,0.004547282295950266,0.004633860025940659,0.004712186199415944,0.004782467969300599,0.004845173237595635,0.004901462387837159,0.0043974999107936254,0.004385984707166882,0.004376088327068283,0.00459498408511387,0.004616404008379554,0.0046378827890162354,0.004659447809452431,0.00468113150221616,0.004702966204429424,0.004724926199310796,0.004746921597733609,0.0047687115413436315,0.0047899866062107175,0.0047710930384471635,0.00488201074722209,0.004981502012463643,0.005069717043409545,0.005147121807533265,0.005214541438081094,0.005272470067053579,0.005321494685695601,0.005362471262904667,0.005395769377889728,0.005421997405697502,0.005441808717599431,0.0045624919044117175,0.004544872915767857,0.004528461247176036,0.004513169624908546,0.004498994847649974,0.004519957227625196,0.004510963886627418,0.00452382143282394,0.004952190468486805,0.004925489021483761,0.00489973036443414,0.004874994363005625,0.004850816715033221,0.004958742690625187,0.005053538942310476,0.005136194591683545,0.00520805529807026,0.005270699971669856,0.0053244404567844295,0.005369792427230774,0.005407502390699973,0.0054385001030791405,0.005463887466953788,0.005484811145190404,0.005502232784409559,0.005517054730446338,0.005530001493642524,0.005540768432614118,0.0055492368634774076,0.005555466139212951,0.005559424251476559,0.0055615353323788305,0.00556330508287209,0.00461247913111403,0.00471804510924862,0.0048151430772261795,0.004904576655779597,0.004983910062698815,0.005052251003296817,0.005111146996481832,0.005162905190336495,0.005209088506003106,0.005249760154223624,0.005285286482387044,0.005316211724711691,0.0053423294848124435,0.005363748632896053,0.005380806948940475,0.005393771078760294,0.00540282084565496,0.005408213472209186,0.005410878241012973,0.004437156205202934,0.004420932430656566,0.004406278840436913,0.004393188785790898,0.004381873323823006,0.004373886160878814,0.004802971085241773,0.00481795249798147,0.004832623638161555,0.004808652325557692,0.004915341214972095,0.005011902770000038,0.0051006045365699975,0.005182136406161843,0.005256839257927614,0.005325441433692202,0.0049324973620807145,0.004901298951768224,0.004877858727634049,0.005000513989132061,0.005009964583395886,0.005019789873236485,0.004998443686950502,0.0049746807172185315,0.005059271424143374,0.005037118669620904,0.0050867498682526085,0.005098582724657051,0.00511086276839601,0.0050815358311942825,0.005052476090723789,0.005024124135953946,0.004996231784418606,0.004968491170455607,0.0050771467907120985,0.005171297058157109,0.005252347002448084,0.005322119706371012,0.005381018262316292,0.00542985626332142,0.005469612614420107,0.005501421172235378,0.00552666417355994,0.005546922059727746,0.004699187481841423,0.004675792928748001,0.004653820317297074,0.00463328958229995,0.004614269487623221,0.004597421181091019,0.004601383797281541,0.005052849328231114,0.005063902887158092,0.005075655143282045,0.00508816771095087,0.005101776196900337,0.005115399525385749,0.0050844387636757755,0.0051953687039812246,0.005297717291844936,0.005394313060008674,0.005486132482957127,0.005571322125907596,0.005648862022473063,0.005718992361078166,0.005781492608083975,0.005836355866982019,0.0058837570001597575,0.0059242300538304956,0.005958365728652566,0.005986801646036147,0.006009746698356325,0.00602750111509775,0.006040563987130261,0.005018243577289432,0.004995268290141342,0.004973515580059451,0.00495279846483614,0.004932743182596198,0.004912689109384138,0.005027862297526082,0.005129808389617691,0.005219531164256877,0.005298147330955235,0.005367673293924299,0.005430317204479834,0.0054870451221845,0.005539166853288122,0.005588087611562235,0.005634256205200297,0.0056782743193112455,0.005720936210082436,0.005762262812641725,0.005802639740683771,0.005843712097516975,0.00526688944582573,0.0052836894933118795,0.005300751371887082,0.005318059254515658,0.005335623154243448,0.005353433737179166,0.005371406406106142,0.0053460790946410945,0.005321773697706403,0.0052993262493900815,0.005278808869632441,0.005397669664641295,0.0055048041385422335,0.005601830635181801,0.005690124040081651,0.005769457338592782,0.005839865281423756,0.005901870397398859,0.005956802213763614,0.005508912369860538,0.005470801832823479,0.005516445321417997,0.005480867200379621,0.005447086169668675,0.00541574505720637,0.00539172574340981,0.005410028378849859,0.005598477932397729,0.005608719004326313,0.005620117065739896,0.005638133430790814,0.005601972783379567,0.005566976718126977,0.005532731032940607,0.0056492161181468555,0.005753528381859803,0.005845759992728406,0.005926842150923904,0.005998281297948346,0.00606107447913422,0.006116461280879794,0.006166043315057348,0.006211694650688371,0.006255493048568925,0.006299458980282335,0.006341813243838696,0.006382184760383908,0.005750151851734415,0.00575389554944632,0.005758775464592763,0.005765010806150691,0.005772747638741407,0.005783591315395332,0.005997081947281898,0.006354756786864629,0.006319695350933726,0.0062671254517779815,0.006213202502278816,0.0063320272005126296,0.006440147659263782,0.006542823120467732,0.00663951711943659,0.006731152996166113,0.006816897621332319,0.006896210553630102,0.00696860141343836,0.0070337080366066436,0.007091627724449932,0.007142889896761201,0.0071868838086127105,0.007223284890425655,0.007251918244496827,0.007273854520211768,0.0072905564765732575,0.0073040439976505495,0.007316097220730441,0.007330259953850064,0.007353724561004724,0.006604001103295704,0.006537647473791702,0.006651712192475826,0.006751241106846812,0.006838683607119907,0.006914305654154511,0.006979908641519906,0.007037203668550957,0.007087573912801529,0.007130598966674446,0.007166266180177801,0.007195042660201666,0.007215973740690298,0.00722864849070417,0.007233033533857812,0.007229717256746299,0.0072192832169318995,0.007202356877085476,0.007179837309254735,0.007152576900240958,0.007121408083277415,0.0070874570851740875,0.0070525142021178626,0.005678945928156441,0.005635449123782629,0.005593335904260503,0.005552128886083254,0.005663827498979552,0.0057591076974084394,0.005839126538386271,0.00590509224598699,0.0059582103848875925,0.0059996215019229564,0.006030412825592646,0.006051739246322709,0.006064670787190589,0.006070223505677711,0.0060694216640068705,0.006063158090340397,0.0060522386458077065,0.0060373851237357,0.006019398366663009,0.005998808069902279,0.0059761373962242525,0.0059519598575074216,0.005927117475366374,0.004634590268285512,0.004620392767839049,0.004607019833441424,0.00459427417245096,0.004581930104133811,0.0045698190920008715,0.004683390327416662,0.004784206852564586,0.004872463303149953,0.004949143881800962,0.005015589813456428,0.005072610710648982,0.005121154016862462,0.005162220968318174,0.005196436779257856,0.005224545652519974,0.005247283612357918,0.005265762281988761,0.0044527314612170755,0.004440657810431653,0.004429757933538202,0.004420017587902715,0.0044112526437532235,0.004403440140262774,0.0043966288490780575,0.004390974993444756,0.004389542974112723,0.004385938266410298,0.004381023080121839,0.004495728657813535,0.004597305056930415,0.004686215470090164,0.004763420239833763,0.004830003278826843,0.0048869742555235195,0.004935177934586255,0.0049755658702535415,0.005009052780289955,0.005036228382180245,0.005057821370964142,0.005074442842719491,0.005086751445105944,0.0050953246543714754,0.005100745408193205,0.005103572147300314,0.004079405261564,0.004079098565949647,0.004079560481826884,0.004080852931155494,0.0040827957454818865,0.004085338373183552,0.004088527460907797,0.004093897091666276,0.004095570801879947,0.004208918868659725,0.004310891257127842,0.004402731231512814,0.004486308590895754,0.0045631467000574865,0.004633215668365174,0.004696708106634056,0.004753994185881082,0.004805257314356485,0.004850857294225148,0.004891167340523216,0.004926361387726092,0.0049566697603365345,0.004982407264273363,0.005004533618330467,0.0041539598543979895,0.004151420810383566,0.004149555544562995,0.004148401492010569,0.0041480394211582255,0.004148666676600451,0.004151263943019329,0.004156632587024119,0.004160704141622906,0.004273790325714963,0.0043762754227545785,0.004468232680831641,0.0045500737249071915,0.004622409331480347,0.004685669686282546,0.00474043525845688,0.004787389614038751,0.004827346906098909,0.004861151799984321,0.004889606905424921,0.0049138509199586336,0.004104820761179866,0.0041020635328096015,0.004100342639893594,0.004100341554271005,0.004557694527711462,0.0045791668533228325,0.004600658975702205,0.004622127429383005,0.004643437838306615,0.004626450064109532,0.004608909066235963,0.004717444822563433,0.004814610020891713,0.004898768549474042,0.004970551020483879,0.005030778601490246,0.005080338467292693,0.005120127615869134,0.00515109126939706,0.005174210080185252,0.005190447496530497,0.005200808082767123,0.005206168608961068,0.005207270009174289,0.005204703683865572,0.005199030623792246,0.005190828223616269,0.0051808376075159635,0.004119210757898091,0.0041127107078996064,0.004107307141198289,0.00410280716467504,0.004098973695728975,0.004095421916010335,0.00409182792845067,0.004087823812708293,0.004195798721600242,0.004290853076983572,0.0043737654666006,0.00444543565249217,0.004506789796370033,0.0045588646028537705,0.004602883991450277,0.004640177862750061,0.00467132514728942,0.004697037380840589,0.004718041437816823,0.004735268327058374,0.003933218312797413,0.0039290547393786126,0.003925669688979518,0.003923033758277971,0.003921095899007854,0.003919810667902081,0.003919146099421762,0.003919120659081987,0.003920438294300587,0.003921651133637265,0.003922124200003497,0.003921834714951266,0.004028875088276258,0.00412312921930081,0.004205477200907135,0.004276794675982726,0.00433795362112126,0.00438982728007968,0.004433312460357872,0.004469322955772908,0.00449874924012294,0.004522527369391408,0.004541461612331786,0.00455628954743875,0.004567669545027263,0.004576516512879547,0.0037679364127621543,0.0037671822692319367,0.003767347417180121,0.003768472995693931,0.0037707270920920035,0.003775601240048038,0.004311482679758651,0.004329959727527978,0.00431563464951957,0.004415496320930896,0.004505122807143561,0.004584880300023418,0.004654694898978708,0.0047148404832933885,0.004765747250204181,0.00480754993264869,0.004840765162252591,0.004866162163826121,0.0048845635932284375,0.004896916211970024,0.004904051997375923,0.004906871022594996,0.0049061803895439435,0.004902871289745777,0.0048979507737212285,0.003985254472753355,0.0039724307712392356,0.0039609613933141025,0.003950822096318771,0.003941953465800374,0.003934228519180132,0.00392733218996657,0.0039209719858993245,0.0040208906365512215,0.004110113334487606,0.004188619162434246,0.004257585093031402,0.004319223408806714,0.004375117842562787,0.004425323762974328,0.00446992132164841,0.004509160726187831,0.004543122721359975,0.0045720802898574055,0.004596440198796804,0.004616552401646564,0.0046326996836575235,0.004645200479887551,0.004654718513220745,0.004662194357134307,0.0038407805270313485,0.0038359682851222326,0.0038320829173828994,0.0038291137955959553,0.0038269497466781634,0.003825300297423633,0.003823726369079785,0.003926497395995016,0.004018283018131454,0.0040994996265564035,0.00417041187519201,0.004231764989215764,0.004284378862833223,0.0043288528522663645,0.00436588016370532,0.004396219172957878,0.004420524032884634,0.004439522370316942,0.004453895180624259,0.004464395712693868,0.0044717239471621035,0.0044767261322118624,0.0044802406671639395,0.003645592152657027,0.0036438784067650974,0.003643103484662607,0.003643302484288428,0.0036441577615769103,0.0036455481133242508,0.0036472888223815485,0.0036491612568623514,0.00365071152899928,0.003751313789543715,0.003841157963812338,0.00392117599864668,0.003992618070250287,0.00405689171423129,0.004114523340679514,0.004166391724427863,0.004213091877384748,0.004254157863988091,0.004289745565550631,0.004320292270965526,0.004346314972201031,0.004368362979146194,0.003647016931383058,0.0036456616055907387,0.0036453701185851827,0.00364615011091784,0.003648079151350183,0.0036518144485831665,0.00372790258956538,0.0037401777569442602,0.0037427961457840836,0.003745670458904656,0.003750271266650509,0.0037586103996746422,0.003860668689565565,0.0039546787144317365,0.004041583153012199,0.0041219416560673156,0.004195958535934792,0.004264686032851102,0.004330578049804185,0.0040861825989478295,0.004104889360403448,0.004123853936208148,0.004143107865668952,0.0041625683179501,0.00418220613667428,0.004202023894770194,0.004222035159103645,0.004242298528032943,0.004262873223342892,0.004283819572977545,0.004305145461487343,0.00432679444295542,0.004348511148698507,0.004370081769986476,0.0043913640285928,0.004412261414317623,0.00451614214298604,0.004612175779303269,0.004701326436992907,0.00478474346997485,0.004863169113754008,0.004937460674289891,0.00500816694264213,0.005075139329995669,0.004733459266292305,0.0047458317909733275,0.004758641348429706,0.0047719248047308,0.004785608823750989,0.004799645034412702,0.0048141299489610915,0.004832355248688433,0.004854152690381165,0.004878264733647929,0.004907238019468608,0.004880733295486662,0.0048549273492506165,0.004830456925804889,0.0048081004154307645,0.0047869909976885495,0.004893494569552909,0.004987690957105957,0.005070305292288642,0.005141920960300151,0.005202714896609234,0.005253224886617623,0.005294223219705556,0.005326787372827528,0.005352209327626989,0.005371971221841015,0.004564264630887155,0.004542226244323672,0.004521802355315794,0.00450319694429328,0.004489315323313045,0.004880714292185117,0.004891479498084779,0.004902617270688511,0.004914115771749577,0.004925918393087325,0.0048974424939644615,0.00486909036188676,0.004841151649572539,0.004945239752412077,0.005035957284903135,0.005114244352544598,0.005181308431022001,0.005238534599318195,0.00528621031055918,0.0053249785170641425,0.005355548187049138,0.0053786423188325735,0.005395051214273858,0.00540550550072291,0.005410916923961789,0.005412252592410654,0.004438229394973067,0.004418770117950189,0.00440096874831504,0.0043848026262084715,0.004370803333601508,0.004837964601025408,0.004847698709867256,0.0048177224363850895,0.004787918900584814,0.004758973169760741,0.0047305407706337115,0.004831713510384041,0.004919173156953657,0.004993551296265264,0.005055856460063362,0.005107115719784182,0.005148246471178398,0.005180244972925433,0.005204289519196755,0.00522110551639415,0.005231602699856065,0.005236667147624916,0.005237096797912961,0.005233551051183054,0.005226684094468686,0.004210791253471335,0.0041961269236581,0.004182722934999165,0.00417052046395974,0.004159472669272486,0.004149413034813155,0.0041402266850909504,0.0041312684169947595,0.004122243275071549,0.004226524108921753,0.004317611023417336,0.004396452312856697,0.004463934600191854,0.004521068992056437,0.004568752552489764,0.004607860070307703,0.004639431665633095,0.004664358431099014,0.004683458130332885,0.004697524910184541,0.004707299583293225,0.004713353546347073,0.004716189339033467,0.004716368992019311,0.003766851123419368,0.003765569834512906,0.003765237807629228,0.0037659217105476344,0.0037678091351355785,0.0037710455570671617,0.0037970431861160127,0.003802882797361371,0.0038059261034586503,0.0038074909725067,0.003912281882043624,0.004004777556850236,0.004085803571279072,0.004156334259125219,0.004217270407548033,0.004269357488243551,0.004313637292820357,0.004350965017042121,0.0043820708150261395,0.00440771372978851,0.004428578544758524,0.004445270625256501,0.004458312495247084,0.004468263227129696,0.003623173704187943,0.0036252463731434206,0.0036278337423611418,0.0036310393195873657,0.003635035021068928,0.003640205053861077,0.0038016712254785364,0.0038297541204103894,0.0038377558547570078,0.003841426103660441,0.0038473502955162285,0.0038503637184003595,0.003850452898791007,0.0038488982970990918,0.0038466883451486154,0.0038441917713427126,0.0038412388101505563,0.003838564790338055,0.003838679702671202,0.004340174459563483,0.004352909133089221,0.004366130569565963,0.004379866413333687,0.004394067062967804,0.004408695495537984,0.00442372771823792,0.004439197740996367,0.004455163587516256,0.004471871651267155,0.004509717457137202,0.004536939053698865,0.004556618476835254,0.004534024506129154,0.004511916141446936,0.0044901692833607424,0.004468459122073185,0.0044464720524289405,0.0044242056360335085,0.004401656133538041,0.004378981065134768,0.0043564173892998055,0.004334294949018002,0.004312938989667251,0.004292694927576124,0.004273847658179461,0.004256588674693866,0.0042410897379206395,0.004301662395106956,0.004658619441002798,0.004668381501466695,0.004678445745255667,0.004689745639771257,0.0047016046913291075,0.004714884840272606,0.0046863191948597225,0.0046588330762088685,0.004632375600872725,0.004606713446343374,0.00458162393091783,0.004556193931259502,0.004655337273964431,0.004740676457617319,0.0048130769007788,0.004873339368551112,0.004922546593591003,0.0049618885380518715,0.004992596414631184,0.005015999813579908,0.004271103412303148,0.0042515139516678315,0.004233875754388981,0.004218236037800805,0.004205125911047769,0.004652883055048087,0.00466338549428289,0.004674813359669199,0.004722631388131934,0.004802142355677364,0.004866647585220415,0.004889256899640829,0.004908098344472243,0.004924246849781285,0.005024239838284465,0.005115131087590289,0.005197786140031128,0.005273394114980407,0.005342163078764809,0.005403450593855034,0.005457087744063328,0.005503619333433006,0.005543391961442388,0.005577036166531962,0.005605434132028722,0.005630150692757225,0.005653409943776521,0.004977146383026251,0.0050740159649170944,0.005074444766765119,0.005076070344032173,0.005078905110253739,0.005083114528894332,0.005089999692236669,0.00544235048721784,0.0054441552511781885,0.0054393118034438285,0.00553635162222645,0.005621710346227299,0.005696492226601595,0.005760173038086802,0.005812723239269805,0.00585452574383508,0.005886721957353866,0.005910719342413441,0.005928091655815208,0.005939340416835813,0.005945037798067776,0.005945818879802582,0.0059420505193940616,0.00593403481762679,0.005922137922634876,0.005907436010831491,0.0058910445682868445,0.005874167098786997,0.005857981627262586,0.005844012435002764,0.005834520072026333,0.005833505514336232,0.005847874603016122,0.005880860140001511,0.005920507644731039,0.005959648143203429,0.005993560274614371,0.006020137810126027,0.006038755776971288,0.006049555688838543,0.0060531262037572834,0.006050369539997204,0.006042386905963931,0.00602934066099988,0.0060116479738589875,0.005989861656833429,0.005964486997636907,0.00593591464774701,0.005904531791458139,0.005870998134619975,0.005836259321396842,0.004707106512424537,0.004666981421324814,0.0046292952584612995,0.0045939766207912435,0.004560912432435428,0.004529774866167654,0.0044995577523353,0.004592777178486596,0.0046736003719645945,0.004741636128439405,0.0047980448510280445,0.004843979185775333,0.004880614106436094,0.004908670698994009,0.004929025435232164,0.004942535975128315,0.0049500702310683944,0.004952468176832925,0.00495052436079004,0.004945099122315119,0.004937219197342975,0.004003553880422597,0.003988149829180986,0.003974212687462522,0.00396174672915562,0.003950876149328115,0.0039424134953061915,0.004477662062093989,0.004449819000171957,0.004421128490538316,0.004393176519700815,0.004485774805193411,0.004567356159768557,0.004636256147841452,0.004693351707870885,0.004740186303625266,0.0047779292726712235,0.004807214647592115,0.0048287054530322185,0.0048432539315724455,0.004851770988279753,0.004855147597925252,0.004854177270050029,0.00484950565974551,0.004841672622082404,0.004831180998772355,0.003863136143120331,0.003851566471214783,0.0038413209609270615,0.003832447023409316,0.003825236635407697,0.003842214837102878,0.003847316018316967,0.003841719776653157,0.0038350495347639502,0.003932697775977137,0.004018305742278816,0.004092367850865802,0.0041556278484828355,0.0042089020372279,0.004253050866534288,0.004288960722329926,0.004317563993151212,0.004339852109265885,0.004356524149207816,0.004368398738359933,0.004376194994971167,0.004380471181131568,0.0043817216929005415,0.0043804168260363095,0.004376967520429267,0.003487150468986208,0.003486189107011745,0.0034860372358734328,0.0034866417836629513,0.0034879301697132705,0.0034897878903374134,0.003491985425173948,0.0034941888135338653,0.0034961278290846793,0.0035937966641120694,0.003680789975279343,0.0037569070770546837,0.0038229584191991593,0.0038797782419214694,0.003928168760524186,0.003969123448322628,0.0040034854496936835,0.004032050343773049,0.004055576857856078,0.0040748258320990926,0.004090325027967374,0.004102693770021401,0.003595742780309617,0.003588645999744801,0.0035862198969232035,0.0037727004961192103,0.0037919756998862665,0.00381135110868946,0.003830758114275004,0.0038448565458176036,0.003831785356780488,0.003819166837204771,0.003806748841589252,0.003898149094293016,0.003980036646384338,0.004051670298477406,0.004113525782804759,0.004166443470783931,0.0042114171361027864,0.004249644046680674,0.004282471135759327,0.00431034948113842,0.004334153560855095,0.0037520816023680023,0.0037358354694865125,0.0037228078973984167,0.0039477470555868395,0.003959292962620078,0.003971582782850032,0.003984619315529515,0.003998413069597313,0.004013020617065243,0.004028736414444445,0.004046738373796541,0.004027854553122648,0.00400972095467388,0.0039921158613233435,0.003974738690512546,0.00395710436393904,0.004047487992455508,0.0041293552913290585,0.004201986748726373,0.004263545899320738,0.00431455714059432,0.004356011186377637,0.0043890493460396985,0.004414901416478475,0.004434642524532619,0.0037760597864029224,0.003760549401585456,0.0037464474034717855,0.003733939874612805,0.0037243815775089358,0.004039315690345444,0.004050828513460007,0.004062813796547473,0.004075209331210048,0.004087972128411558,0.004066447475002174,0.0040455916128911635,0.004025072082675629,0.0041152046479195365,0.004193531605872989,0.004259859035393065,0.004315267281697906,0.0043607764114695375,0.0043973643467549875,0.004425955263710942,0.004447718310395119,0.004464371233457757,0.0038514698283020404,0.0038343563227480172,0.0038197620607745672,0.004095545693531418,0.004105622375361549,0.004116393413540428,0.004128040228483126,0.004147555615309262,0.004167596396785297,0.00418938411455534,0.004208546977291113,0.0042239630910972685,0.004200678000649175,0.004178403394572187,0.004156976796146931,0.0041361709219174415,0.004115893805589468,0.004096019899730857,0.0040763618379892,0.004056900357800217,0.004037739241847172,0.00401931033511522,0.004002003619647037,0.003986669751702529,0.003983875420934856,0.004288927763678527,0.004299947844061811,0.004310266124741537,0.0043208242341784405,0.00433217724556224,0.004346269768393459,0.004357475498579111,0.0043756857946758414,0.0043958567361341285,0.004422130075924001,0.004403218664634122,0.004380234019256745,0.004357883443091434,0.004336215274499677,0.004315231530076266,0.00429428973056507,0.004272961863003476,0.00425133266361045,0.004229466757394216,0.004207585783299768,0.004185982078293927,0.00416475676345672,0.00414424963075172,0.004124826700073786,0.004106854850328599,0.004090563552814538,0.004452585381359575,0.004461413005237104,0.004470894018497137,0.004489668883425133,0.004580323834155671,0.004913146293473088,0.00491389715055244,0.004952565687534705,0.0049529789804926075,0.004911812468911815,0.004872388731837046,0.004834406006045788,0.004797713508462076,0.00476162385035021,0.004855322845727809,0.0049382542263020366,0.005011763822525363,0.005076902361376925,0.005135705400814485,0.005191785910134697,0.00488290849795575,0.0048807817013414734,0.004879373635203943,0.004878632119282147,0.004878519844810946,0.004879188521326814,0.004882804644629473,0.005130282346678644,0.005128725709468912,0.005164438915262116,0.005168424588462572,0.005203525698091736,0.00522041608901429,0.0052173819325723805,0.00521564452347239,0.005213599779116662,0.005210478263678659,0.005207854565757336,0.005203652880389255,0.005297615170840622,0.005382156706746782,0.005460868047058173,0.005536437261593011,0.005611630227719455,0.005534837354910045,0.005547012167527006,0.005565242771716211,0.005587450247070493,0.005612451248824978,0.005643836978147553,0.005683750351840526,0.005753614025378632,0.005950381213072826,0.005961418508012578,0.006000462368567267,0.006012949219439607,0.006052996932879725,0.0060653629032891435,0.006079856699684691,0.006094120633212329,0.006107774643505286,0.0061205187183917,0.006132781205889672,0.0061201671165846475,0.006107748081067856,0.006098878835256239,0.0061774199833968335,0.0061894634330918,0.006204828951767412,0.006350846671248889,0.006376863301127612,0.006403375404331563,0.006430353553030042,0.00646757320718631,0.006508288539264568,0.006552532238251235,0.006600715627463508,0.006657437782724327,0.006731434897574355,0.006917587109421853,0.0069417914372876454,0.006986841613722795,0.007010644764150492,0.007051049230411327,0.007103632852791134,0.0071090550510197964,0.007120604867775633,0.007126389708413465,0.007103387875173164,0.007082275936176813,0.00701045905488627,0.007040603079351061,0.007067436438548119,0.007168751284748379,0.007256444212047097,0.0073863016781731934,0.007406342725576728,0.007446301239459551,0.007468021520443635,0.007507317473573301,0.007535574313370326,0.007563972077925315,0.007592126200307074,0.0076203510445927896,0.007729183487129424,0.007691980756472945,0.007656073385565785,0.007557494821489015,0.0076645054221915,0.00775405897036739,0.00782794622033008,0.007887707972848886,0.007934969054289812,0.007970112706829124,0.007993855511621892,0.008007192663338901,0.008010303629148967,0.008003771495617621,0.00798826122982475,0.007964811460049938,0.00793451007642516,0.007898813540336476,0.006637785919551663,0.006562838443919774,0.006491504258646338,0.006427163571071827,0.0068134125509264,0.006791576410443854,0.006722429479844899,0.0066472062025129865,0.006573953512042341,0.0066821294969304085,0.006771235287371185,0.006842765633882672,0.006898216454983115,0.006939004950534093,0.006966615813037231,0.006982329268690231,0.006987443902153691,0.006983317860922596,0.006971030557862912,0.006951768112197139,0.006926530183772394,0.0068961192285919536,0.006861262712674946,0.006822628857620801,0.006780804108082708,0.006736330107048407,0.006689712597534132,0.006641455420208075,0.006592288105339062,0.0065440505741224606,0.005012652696897558,0.004988172646411195,0.004964365346836169,0.005077190235443686,0.00517687359245233,0.0052627245901582485,0.005335692458804931,0.005396836023371524,0.005447166648320132,0.00548757807352844,0.005519053382075619,0.005542571959106072,0.005559045266646179,0.00556942967970284,0.005574542753766551,0.005575013473491848,0.005571416006475809,0.005564293790491547,0.00555418115299944,0.0055416773120707,0.005527593895301553,0.005512362791447572,0.005496648088594063,0.004324930103390354,0.004318626597258668,0.00431279740609695,0.004307074826323024,0.004301127857922227,0.004413285323742767,0.0045121472008123305,0.00459870467421458,0.004673972093590707,0.004738939886251361,0.004794262861365026,0.004840803068502183,0.004879409564226659,0.0049109874647998005,0.004936466626851104,0.004956668038614668,0.004972300774612845,0.004984086930624181,0.00499285894263473,0.004999401880065215,0.005005038653864133,0.0041190230261928095,0.004115385580355656,0.004112689741496898,0.0041112216621267276,0.004111695971648009,0.004117208594798867,0.004231578724784942,0.004337418259750252,0.004437009315190475,0.004531138314361201,0.004619432634635455,0.00470233450834391,0.0047803641674266815,0.004853779231087385,0.004922514118015108,0.00498666076968912,0.005046562210831396,0.005102696975205676,0.005155765852976365,0.00520633797147113,0.005255461106170121,0.0053053525690452815,0.00476092421412035,0.004817167381913666,0.004838726892784201,0.00486003496366054,0.004881107283822645,0.0049020014144070465,0.004922760478355527,0.004943261025500334,0.004922179990733668,0.005035437004113338,0.005138171059576535,0.005228263361914519,0.005305927915540246,0.005372176271813432,0.005428188517171697,0.005474550163095829,0.0055119779294474265,0.005541278512142348,0.005563261819212166,0.00557880088626336,0.005588692185353891,0.005593598274543493,0.005594180551675832,0.005591205269265107,0.005585358198064425,0.005577494851964033,0.0055689143451066675,0.005560447776349792,0.0044294825672389826,0.004421372751168903,0.004414325078931023,0.0044085479870303625,0.004404134069271169,0.004401354784464317,0.004398969811974127,0.0045129103259234,0.004616812212907242,0.00471122113588029,0.004796639064091809,0.0048732380761279835,0.0049416419053728575,0.005002840290723504,0.00505805041356093,0.005108814800937618,0.005157024345737946,0.005204642080318175,0.004731630874190295,0.00477894827646023,0.004796393677280929,0.004813741806492418,0.004831026356997002,0.004848277299321832,0.004865523275927235,0.004882753652811161,0.00489996084140218,0.0048774509160636045,0.004854783679833581,0.0048325207257099035,0.004941962621486423,0.005038507047126876,0.00512313295288747,0.0051969427754153955,0.0052612964075887305,0.005316221472460701,0.005362179980102273,0.005400005466275595,0.005430162638950767,0.005453367974096922,0.005470271046761905,0.005482175447102189,0.004595147114045653,0.004575697588957267,0.004558056750126107,0.004543971555777535,0.004679193797819,0.005039519971720592,0.005012471202054186,0.005062450474910706,0.0050458790547634556,0.00501504938095938,0.004985386654785966,0.004956653708753083,0.004928527642232049,0.005035348640783217,0.005129232574374811,0.005209864415008145,0.005278104750647266,0.00533552974535614,0.005384047041044535,0.005425788189768357,0.005461917897478184,0.005494930928347958,0.004884184756771025,0.004856722077334337,0.005031816119101193,0.0050404039351946124,0.005049583583886157,0.00505938258549366,0.005069748844357851,0.005080947093843084,0.005451392945231135,0.00545323748951203,0.005498786563151201,0.005453925911165994,0.005410581742866699,0.0053684522908159175,0.00532724694632132,0.005432580779791413,0.005521647943640763,0.005595749805471819,0.0056562232104728875,0.005704330004789892,0.005741338716327299,0.005768509916936024,0.005787068341427753,0.00579826808666497,0.005803119774447293,0.005802457171757495,0.004974400286983568,0.004942330607709049,0.004912473673800613,0.005082003086019957,0.005357683321151214,0.005360100555354575,0.005373642308761871,0.005385895274007052,0.005593786286389855,0.005545387447547892,0.005498563753188478,0.005453031378199316,0.00540847813504793,0.005512372494094017,0.005600628101108045,0.005674190329261446,0.005734225957749022,0.005781816351403243,0.005818125808925823,0.005844371648916547,0.00586180012594521,0.005871696801124269,0.005875093644237817,0.005873002191077959,0.005866769005519765,0.004860667233099031,0.004832387041750993,0.0048064559745424834,0.004783935127238345,0.005267034933345134,0.0052716928042599925,0.005277033862295722,0.0052832872413500365,0.005245329556141251,0.005208921901190306,0.005173882670642137,0.0051402433773784124,0.005246043236258721,0.005339329578844173,0.005420837092776249,0.005491667812032614,0.00555295075642592,0.005606195818353084,0.005653153684624554,0.005693446166080679,0.005727119699105593,0.005754354401249809,0.004998259490693368,0.004964589001265111,0.004935975604052859,0.005196733892976432,0.005201221497004651,0.005206343565790669,0.005212150542908277,0.005218781889296667,0.005226803894736392,0.00527074011273298,0.00567813116382736,0.005690525030853587,0.005701897158507631,0.005697638788257431,0.0056438032969477,0.005745483348733369,0.0058354944799176665,0.0059188252500477516,0.00599575612320747,0.006065831979583944,0.0061290937547207195,0.00618505948149888,0.0062337532562002,0.006275681064241855,0.006313217817675838,0.005808674678749773,0.005796078729995228,0.005784333597856484,0.005773454964176289,0.005763443064671527,0.005754301519923426,0.0057460625687485835,0.005738850265118238,0.005764995662520112,0.005709384272174811,0.005655571988424135,0.005603308599476728,0.0057048666632572445,0.005790382631285326,0.0058607107277068,0.00591693435152675,0.005960204738577001,0.005991721399796451,0.006012711105357189,0.0060244041610874755,0.006027967263728784,0.006024620229987428,0.006015318952819818,0.0060009374007173035,0.005982350209247667,0.005960556512839386,0.005936188615603776,0.005909905439233477,0.005882525765940175,0.005855396443340102,0.0047522411960512325,0.004726537497660324,0.004702610635421143,0.004680400331732656,0.004660751758722554,0.004766607017442572,0.0048629324315656655,0.004947493068422039,0.005020434543852226,0.005082283198628081,0.005133694654778048,0.005175572139194605,0.00520897949093879,0.005235190288454273,0.00525502869320073,0.005269298956159015,0.005278648989090967,0.00528364046308343,0.005284823164377104,0.005282722811026769,0.005277669894694635,0.005269969340139607,0.005259920357875654,0.005247894421707786,0.005234280551960102,0.005219529055714159,0.005204236223033658,0.004133272634869295,0.004121137317232133,0.004222453818633115,0.004310663068461576,0.0043867220222329655,0.0044515622735034534,0.0045062181891551345,0.004551795253408565,0.004588916835412228,0.004618339870781323,0.004640898627855909,0.004657473558893419,0.004669013020808659,0.004676219538701226,0.004679651445882184,0.0046798305579543115,0.004677244492878128,0.004672173618188624,0.004664967537416866,0.004656005792945434,0.004645586564782765,0.00463403664829477,0.004621771709152148,0.004609264678422978,0.004597203794193913,0.004587284999291439,0.004581698096265148,0.004584764144200381,0.0045898503565756565,0.00459781496686071,0.004609993352817532,0.004624898552460367,0.004640158524595543,0.004655026140936671,0.004669367825167893,0.004682714433009745,0.003959098419677244,0.003944109488699082,0.003930629746882336,0.003918838560607485,0.003913126716499031,0.004198412572665176,0.004213293705778524,0.004228536547490371,0.004244137763273388,0.004231628290908457,0.004280089773666844,0.004265186787185404,0.004248137093065411,0.004231575681260424,0.004215561797636627,0.004200068878687062,0.00418473825430392,0.004169402540276353,0.004153976445409392,0.004138725836881087,0.004123774217398321,0.004109388452005617,0.004095576963361794,0.0040827626473775025,0.004072285401259183,0.00440502281860871,0.004417925256635525,0.004431145764832687,0.0044447097829939785,0.004458661346241342,0.004473073151758741,0.004487912445166208,0.004503159616033858,0.004518806974524952,0.004534968438298392,0.004552347787207123,0.004585405846092274,0.004610326409527673,0.004633921784518784,0.004655626413831686,0.0047574939491552455,0.0048502863487684,0.0049356057145126375,0.005015037398405217,0.005088137283437144,0.0051545311368334824,0.005214798201532308,0.005269377119664843,0.005319068948974244,0.005365133309921494,0.005409137145438897,0.0054535214012901385,0.0055015240351233155,0.005557211604804723,0.0056216113484516056,0.005690681437494052,0.005407231774486816,0.00540306740370307,0.005400169974500254,0.005643861490653282,0.0056341177636583415,0.005625148390492178,0.005616915627708495,0.0056082637806833795,0.005704417874709726,0.005790731541947999,0.005870096220778688,0.00594400671309748,0.006012462216233249,0.0060762249775108594,0.00613543964915265,0.006189243565744905,0.00572359587493599,0.005736658443428367,0.005722440227013284,0.005709339918353793,0.0056974106717144766,0.005687101093457019,0.005911652780623748,0.00590180583255039,0.005932659966016516,0.005942047204626883,0.005951992472258948,0.005962665814345165,0.005951700025984863,0.005940099173556523,0.00592851974380844,0.005865186691243877,0.005963687119170093,0.006048402810665072,0.006122722017504728,0.006188275924079871,0.006247638182926319,0.006303889357119733,0.006360152892522655,0.0064158094526047425,0.006470431004472425,0.006525192387435122,0.0065771521523907426,0.006626573651317961,0.006678035708605339,0.006215232647969324,0.006199863689750861,0.006393319027833544,0.006399470704866569,0.006406617362946504,0.006415871102038299,0.006695088943394987,0.006698980649065428,0.006705209443799213,0.006711054963932577,0.006715333386066632,0.0066917363424676265,0.006667657121755997,0.006769686489373672,0.006860827663282743,0.006945439956597829,0.007025227253700924,0.007102561606952606,0.006797236615987305,0.006912969473861799,0.006913005404255423,0.00706384078695623,0.0070627644525969105,0.00709442058978183,0.007094401660032126,0.007126511397176539,0.00712787482118106,0.007160353029972415,0.0071656574479020945,0.007198100744586922,0.0073300669631820815,0.007237931360525847,0.0071466713383880765,0.007057595141346553,0.00697075752408257,0.0068861977875412156,0.006990412423317672,0.007078842015499898,0.007153575532822914,0.007214768003686108,0.00726307809279065,0.007299524051575499,0.007325502539047612,0.006444676906250833,0.006372662682854241,0.0063039968857188,0.006239764096123318,0.006597838920781519,0.006578132174500896,0.006559526590231764,0.006542013451884303,0.006525634465484474,0.006510584891954424,0.006511278626755161,0.006925703265245765,0.006913431318125241,0.0069857476756357345,0.007005697156613438,0.0069797325597929895,0.006896462618390243,0.006813535655593653,0.006918460097819613,0.0070108546034627515,0.007096394658326377,0.007175071595081276,0.007248926310461844,0.007316708859918827,0.00737863685129291,0.007437463034784805,0.006993445745819616,0.0069654875147648065,0.006940861449949447,0.007153336214343123,0.007153975461041074,0.007160373465017197,0.0074651225935873184,0.007480073155526409,0.007496485022452599,0.007823687887522005,0.007823055299824608,0.007817857433499397,0.00779100370432185,0.007685744455597309,0.007790765455672663,0.007881286350915662,0.007962574537874564,0.008036333636281489,0.008102907547125008,0.008162699979220915,0.008217201680915033,0.008265491412721288,0.008307271463383031,0.008344161608391838,0.007646646882680622,0.007622824451250057,0.007581547281881507,0.007542404440165874,0.00750632884422206,0.00777027715524956,0.007759854000646429,0.007750410387605962,0.007742075433129826,0.008025326906944184,0.007980595462385325,0.007936915628523342,0.007857873036080865,0.007752869175206036,0.007648240428902156,0.007753393453672658,0.00783908820327905,0.007908471060877957,0.007963654974967675,0.008007873823438724,0.008045709667404352,0.008079093152640996,0.008112361536778644,0.007505564438164229,0.00746834775543961,0.007432652041450007,0.007398493560423691,0.007365937127747736,0.007335850765380818,0.0076717341798212095,0.008004086764376911,0.007999112346218152,0.00802483260004372,0.00824648277320284,0.008129773727220166,0.008016743113123209,0.007908033183680802,0.007808903414915546,0.007713296731893812,0.007620675476239216,0.007529287935018895,0.007441762857635952,0.007367810873046048,0.007762167224050691,0.007722560375715777,0.007684392530596365,0.007650430024880076,0.008220935689206817,0.008421060484683716,0.00843687348272743,0.008452971706414465,0.008469347068329688,0.008485998421791756,0.008502934805145395,0.008520165178113704,0.008537699517478499,0.008555522069430797,0.00857361682126966,0.008453129943343943,0.008335950029288603,0.008226015968500266,0.008132935579069456,0.008036032446979683,0.007937125014074013,0.007839135710226434,0.007742967096507414,0.007649850905604364,0.007561968826213645,0.007476607469991587,0.0074328574174827985,0.007930224382097876,0.007891807949306755,0.00822564896107692,0.00852280131187389,0.008758573895489738,0.008774304851019448,0.008790134167817472,0.008806085025079067,0.008809824185827566,0.008839684282560802,0.008845551261498571,0.008875625528103288,0.00885935786559466,0.008808436008781954,0.008755852929235045,0.008627971885140332,0.0087381585359173,0.008830423296097411,0.008911425429485533,0.008983618856200385,0.009048437895699315,0.009107443555959764,0.009162998152912034,0.009212307955258741,0.009252875997615118,0.009283974758722491,0.009308078433666917,0.009330241190639736,0.008553319094329492,0.008497316685876923,0.008443142379439736,0.008390768061591752,0.008340170100952313,0.008291329487694869,0.008244225357128498,0.008198897852769704,0.008099856879637437,0.00799110293272893,0.007884389530504405,0.007994689186755086,0.008082624081725418,0.008150084956963533,0.008198926991202983,0.008230948341436662,0.008247610006560612,0.008250513665308632,0.008241297398067081,0.008221549960659467,0.008192858731032393,0.008156520483269493,0.008113735290591464,0.008065742379362357,0.008013959391337125,0.007959144571315604,0.007902337151374197,0.007845292146361696,0.007790202231138961,0.006204973358288173,0.006151620273127289,0.006101190237883316,0.006054566483643827,0.0060202102254964165,0.005994474545718131,0.006111515159957993,0.006214582921178178,0.006305956202470614,0.006387558788559701,0.006461155188183129,0.006526722357689724,0.0065845787719792164,0.006635547902988647,0.006679109168128271,0.006715134386952997,0.006743756400513827,0.006767390674228828,0.006789124667133839,0.006812547674173848,0.006838577139594402,0.006869986222098005,0.006196921072106095,0.0061929480565490035,0.006189590641935096,0.00618694354502623,0.006185076808888639,0.006183987347822828,0.006183379824078106,0.006130348341679673,0.0062455283191302155,0.006346913975828087,0.006435989109777971,0.0065126664356784485,0.006577351951520154,0.006630636557864082,0.006673335420051278,0.006706507394827052,0.006730657757852066,0.006746486046656364,0.00675454520986173,0.006755799121743789,0.006751209750351134,0.006741771363984008,0.006728600176807881,0.006713327897948814,0.005471756122531916,0.005435558022559631,0.005401185504490773,0.0053686190839147075,0.005338177020926859,0.005314563022723953,0.0052874403132367786,0.005260242773642214,0.005376396950646122,0.0054772964084695685,0.005564200616072905,0.005638376749667109,0.005701179217839026,0.005753335885260233,0.005795734536649473,0.005829346014699408,0.005855156725401805,0.00587421227779917,0.005887384696824484,0.005895334797403151,0.005898698762253177,0.005898092272811146,0.0058946329573105515,0.005890363045992309,0.004837211013925853,0.004820579758761887,0.004806075484859054,0.004806419682858846,0.005358285967234815,0.005370451506294663,0.005337818482763403,0.005305734224863835,0.005419099516729616,0.005517729764019368,0.00560288380865415,0.005675854983285814,0.005738238909694239,0.005791117624506575,0.005835656087329261,0.005873145229242525,0.005903911315061048,0.005928476040867067,0.0059472750636275955,0.005961241633112343,0.005971624404670444,0.004987410329868117,0.004961969528289338,0.004938346991720676,0.004916878322177371,0.00491045613645609,0.005336622956808342,0.0053466286980276565,0.00535687441884946,0.005367266011625645,0.005333487698754705,0.005300305305887019,0.005411915665544114,0.005509738222554916,0.005594568808100088,0.005667444598429586,0.005729660152632432,0.0057824939883806695,0.005827288057689642,0.00586545491775523,0.0058968438343031376,0.005921624055000339,0.005939986956947143,0.0059527156640498645,0.005960629015468688,0.00596465460451778,0.005965994994410854,0.005966787260349756,0.005030162189030192,0.005001330319280944,0.004974032806461264,0.004948869578931852,0.004930457893899673,0.0052849920566453825,0.005293547809985231,0.005259347886449781,0.005367575304889163,0.005463141700632578,0.00554732471440018,0.005620986159976638,0.005685081308695754,0.005740012674498538,0.0057864378779948775,0.005825233792269056,0.005856463187716878,0.005880510195820913,0.005897758774380046,0.005909484433956117,0.005917116864752785,0.00592217162361386,0.005925070209450199,0.0059263500452787395,0.005926972336779842,0.004919229510329694,0.004892601661946175,0.0048681591396645026,0.004850591092310006,0.00522964965360367,0.005194193682331492,0.0051596104743057,0.005266013389860324,0.005358645086192208,0.005438643694117709,0.005507605399690271,0.005567473422598835,0.005618527122674189,0.005661225055389957,0.005696319768161033,0.005724053880881323,0.005744949489324214,0.0057594599434904106,0.005768670422393162,0.005773880689238575,0.005777088464348402,0.004826018251629189,0.004799390833253672,0.004775029659628095,0.004755511762859808,0.0051352223914483165,0.005143551308033925,0.005152464036000258,0.00516188047395336,0.005171452792631646,0.005180835550936504,0.005146750319848585,0.0052533374229219035,0.005347082973397991,0.005429691810987908,0.005502450386043669,0.005566029756146669,0.005621320326574452,0.005669354133300507,0.005709874418244499,0.005743031115649429,0.0057690370714966474,0.005789380555525696,0.005806388366115884,0.004988415876991402,0.004958135806398499,0.004931516348436833,0.00519791250795957,0.005205400491481432,0.005213374926144526,0.0052218262164444845,0.005230744127370457,0.005240059744163927,0.005207862721946049,0.005175428660779257,0.005143518651070733,0.0052517627522086375,0.005346328008731047,0.005428028127503709,0.005497961827342723,0.005557162587679967,0.005606834466948486,0.005648384109356426,0.005682560616395932,0.0057102584977179105,0.005732262495287202,0.00575058000152205,0.004991498631610409,0.004961252599967766,0.004940565219489059,0.005189879809728216,0.005197556851708749,0.005205694082712288,0.005214306744675462,0.00522342280429924,0.005233081302964049,0.005243290751768573,0.005253826814229451,0.0052644150384059925,0.0052291854100885785,0.00533816903212498,0.005434703263304236,0.005521781792035178,0.005600543462877045,0.005671347605228284,0.005734776584786627,0.005791782429410592,0.005842195363622499,0.005886318215242934,0.005924548790529647,0.005957568704940011,0.005986080717865439,0.006010932375016233,0.006034601977701138,0.006060665479438795,0.0053458642436855055,0.005419221313877662,0.0054228703193500314,0.0054268204178878334,0.00543103004196719,0.005435434125362814,0.005396380984081062,0.00535749185170419,0.005464586965652816,0.00556087454542726,0.005647217808979832,0.005725178915629034,0.005796569691922694,0.0058605705864666555,0.005917045865298526,0.005966632460713838,0.006009405406794253,0.006046145535814999,0.005361661711814903,0.005320878981376169,0.005472466712915082,0.0054739632453497345,0.005476063884269479,0.005478787855828482,0.00548213788535093,0.005486120624188596,0.005490749702398265,0.00549598956889473,0.005501914319790216,0.005509288960606178,0.005473779865754063,0.005435755555015792,0.0053984566011934685,0.005508953375784385,0.0056072290639235705,0.0056949531556972355,0.005775684132270291,0.005850666084894401,0.0059207434955361685,0.0059867536110705865,0.00604641029659722,0.006098614155110968,0.006143316368195903,0.006181918859712395,0.005497485307538599,0.005454339751957148,0.005591994980596335,0.005593282234997411,0.005595105151972969,0.005597524871846208,0.005600615315245526,0.005604660871568173,0.005610477221902901,0.0060084545598482,0.006029065686594439,0.0060321038222047665,0.00603009344332055,0.006026922035314845,0.0060228922199784644,0.006018560563035627,0.006128296651435315,0.006227585319466974,0.006048187286328548,0.006053083485337864,0.006063353504196688,0.006251405819724458,0.006256974071912193,0.006296636143335816,0.006469687588837254,0.006484577668802853,0.006530894482564869,0.006561518476226951,0.0065919953924723825,0.0066223297313690475,0.006652532142504252,0.006682585703529808,0.0067125015511361385,0.006641931696109389,0.006573396269956634,0.006506926309515098,0.006442308356257928,0.006379365842650083,0.006317863973647322,0.006257677464135497,0.006198868225075536,0.006141582942679024,0.006086117600146171,0.0060326436566786054,0.0059816514297503075,0.005934368733439178,0.006403576053109514,0.006396151916517377,0.006766373985719263,0.006781740269407957,0.0070696909409242534,0.007078184941826175,0.007119546781230579,0.007128281682692134,0.007169892601080959,0.007179440822565983,0.007221197821807877,0.007201708488693619,0.007121205323038341,0.007042804901620774,0.006966545425437364,0.0068909529792854675,0.00700451909366243,0.007098763445732226,0.007174766128241639,0.007234162225428506,0.007278656218999812,0.007309917062714729,0.007329522563310948,0.00733898140025086,0.006179734769865902,0.006125545058870738,0.006073617138230562,0.006023955613300158,0.005976998151979901,0.005938555614490183,0.006592209691660064,0.006584491520926488,0.007097422188532177,0.0074975512004013005,0.0075110181864919984,0.007487403507450649,0.0073978986180368,0.007310137003531411,0.007224131173235167,0.007336889840544978,0.007431711926086888,0.007509904724644637,0.007573383957449848,0.007623694888229104,0.007662824859343365,0.00769342420381848,0.007715786469384724,0.007730954416473021,0.006719904138417968,0.006649955449015536,0.0065926275437760175,0.00692008708546462,0.006902516671235778,0.006885922487029764,0.006870374361878469,0.006856204518833908,0.007271997996323278,0.007665527904123572,0.008010061205693383,0.007975827503882524,0.007870366150172795,0.007766874200319557,0.00787716759155554,0.007965955309258397,0.008035122377257498,0.008086545483488177,0.008122100960932398,0.008143200718347812,0.008151359125241987,0.008148083143014672,0.008134629944475693,0.008112201417707299,0.008081802017414869,0.008044598875487974,0.008001785259699787,0.007954707668085051,0.00790498128566167,0.007855571773991179,0.006386383095753254,0.006327344063722994,0.006271784216061741,0.006224608913935479,0.0068133825391931855,0.006753736796314067,0.006684128957044381,0.006616141471428288,0.00673019406715706,0.006825568088673389,0.006903612735872656,0.006965899545801878,0.007014126595133427,0.007049535663375105,0.007073479444621169,0.007087353038624841,0.007092184938719382,0.007089009767318034,0.007078718952896438,0.007062092627496587,0.007039873555219622,0.00701276022057494,0.006981417353405197,0.006946449918196518,0.006908409689769148,0.00686782571381419,0.005281111844488107,0.005254794294755191,0.005229876575958977,0.005206529489179474,0.005184084794918756,0.005162081082347011,0.005281937266619106,0.005386683248554882,0.005477570359388178,0.005555808511185446,0.005622592744653432,0.005679185444805326,0.005726911724953288,0.005767347316293632,0.0058011658006093475,0.005829112147301257,0.005851947549631894,0.005871077266012445,0.004898127935786099,0.0048827476045586096,0.004868883631934777,0.0048573443047578635,0.004855898031079776,0.005523063879560609,0.005535034829387037,0.005547176173585274,0.005559513860403336,0.0055720732031385575,0.005537880970832687,0.005504601489044494,0.005471919176701547,0.005589338087777054,0.005691755546612001,0.005780276275551071,0.005856115956115545,0.00592019590340043,0.0059735596370519605,0.006017290371411173,0.006052734331249009,0.006081463205265891,0.0061060286609133365,0.0052807010936486085,0.005253229460732762,0.00524409857969192,0.005558216059139861,0.0055690726722228195,0.0055802430734464,0.005591753174017689,0.005603663072292647,0.0056161283044312395,0.005630240254416607,0.006170351794040535,0.0061707356642974635,0.006172907413749437,0.0061231027159741255,0.006238553416535513,0.0063430786541796,0.006440779308846975,0.006533374517126108,0.006620358455020971,0.006701433038862405,0.006777032218950549,0.0068460300938980095,0.006907776467299438,0.006962325520289669,0.00701386413714424,0.006452177704179059,0.006441223114072282,0.006431494676712508,0.006424217118375806
1.25,0.993009425141613,0.9846738459715317,0.9748165080496505,0.9632259229516895,0.9520620164545905,0.941361400092516,0.9310380067501521,0.9216807681688436,0.9127340171554569,0.9037161899767269,0.8943263720405935,0.8844786585814812,0.8729544889873261,0.8623478495882491,0.8426338576317359,0.8230335867709851,0.8035835205190663,0.784315862274918,0.76526052739439,0.7464476586282042,0.5460354861890186,0.5324675061673019,0.5292496418416051,0.5253332753893387,0.485133223119394,0.4711441046966139,0.461543441366849,0.45349004718610536,0.4470307209287611,0.44085632649664225,0.4349511715269015,0.4290524953226189,0.4231401523780418,0.41725506769899007,0.41160411134660274,0.4057015435566487,0.3991453352719939,0.3924675506749262,0.39466744869603654,0.3851750178870921,0.3759272084034768,0.36691789433431815,0.3581415137387152,0.3496031481774622,0.34129818194399825,0.3395903950600061,0.3258170748038146,0.31829223656060845,0.3116239719280683,0.3048236144166968,0.2978474099371189,0.2907461919853613,0.2843137811743616,0.2783067640638227,0.2724425851390956,0.26680832294827667,0.2612446676434744,0.25565953578201805,0.25191695807578096,0.24918616989591316,0.24688088818099693,0.2445722731290252,0.2421756729335075,0.2395686155296221,0.2369371011014754,0.23421091306341563,0.23127015431943795,0.22734466984010207,0.22242352225370002,0.21726988325709787,0.2116731141014732,0.20546300086851552,0.1981973615907359,0.19120066549540207,0.18452884478515622,0.17794057141175906,0.1722103973456012,0.16697318645950007,0.1619001219648924,0.157969875729577,0.15478541395416767,0.1520493495048559,0.14985435020748228,0.14799038168574882,0.14630911476333333,0.14395647743823298,0.13674449936776006,0.13598582757839944,0.1335457624472147,0.1310738877401181,0.12857869547222875,0.12606794312156194,0.12354802686752299,0.12103244162663132,0.11852074710431298,0.11601182083042662,0.11305500068799368,0.11037291664572484,0.10782758148618768,0.10534488658919765,0.10316068915737284,0.10106327350317856,0.09893331858227447,0.09688694339526299,0.09488722858583554,0.09290282409598714,0.09088896458050057,0.08874411458411022,0.0860684209028322,0.05774383066306067,0.057660575665264106,0.0570465350544982,0.05071679951483643,0.04953381942769747,0.048387532865071026,0.047276334582324324,0.04708548747065238,0.046833982742535335,0.046525160696216546,0.044223372229360514,0.04327579526549385,0.04244439645434661,0.04163331740253762,0.04084772771407856,0.040075212996265944,0.03929605699033596,0.03847492766773083,0.037897537984970274,0.03746214829297951,0.037115060492887195,0.036728095174521885,0.03628698421353125,0.035770439216383704,0.03477408540656301,0.033222031635161735,0.031308392502363495,0.02984529158037967,0.028681120493279626,0.027718819102977795,0.027003862534147806,0.026476107790418375,0.026076180511214766,0.025801384315473724,0.025593593979647663,0.025414146984348015,0.025200850010650783,0.024960385536028678,0.024709911994248965,0.02448949239314091,0.02428622998760684,0.02408588622758534,0.023923089244840524,0.02378342442646264,0.023658321191342726,0.023577597189086662,0.02352444168256003,0.02348701463776448,0.023395397682686184,0.023241985392740357,0.02301717110603282,0.022857040250648525,0.022733972007559465,0.02262584156554919,0.02250637939808597,0.022365729853108605,0.022193019764363175,0.02198582064442155,0.02174031470484736,0.02144786379701601,0.021234294561997113,0.021040054780550245,0.02083571161046575,0.020623816243834296,0.020392606273546315,0.020115251813985838,0.01983200668577306,0.01953942439619691,0.019233989860136975,0.018947554416327964,0.018670251545964908,0.018395754674436205,0.01811065628904476,0.017812268792166318,0.017496727694302546,0.017167795737117825,0.016822301601745224,0.01645544813505661,0.01592904049644145,0.01525171080835256,0.014425232855344505,0.013603185362256864,0.012822550187255635,0.012077197674006028,0.011466965886853519,0.01095873969307468,0.010522766135466623,0.010107014826146565,0.009711471825327047,0.009333281477662802,0.00907317757495694,0.008891871638298202,0.008760904500311759,0.00863974283443102,0.008521040877761324,0.008402365889143056,0.008294447444279115,0.008196306241238302,0.008105266743548676,0.0080785188597691,0.008091344137671794,0.008125609338349929,0.008144343867578802,0.008146867626634722,0.008134143384008257,0.008112926773210525,0.008080211319012164,0.008033194187174606,0.007997806516239185,0.007965557729874777,0.007928592223268313,0.00790665097218969,0.00789442839610543,0.007887658893500809,0.00788500611421367,0.007884497592118874,0.007885008787606928,0.007886571875940905,0.007884960414399421,0.007874560299665698,0.007851270480587662,0.00776528688717167,0.007771624710003845,0.007695789654505778,0.007623210145592977,0.00755379154493657,0.007487439293615893,0.007423991178150651,0.007363231471432449,0.0073049436731984965,0.007248904674541052,0.00719511977901991,0.00714346005591931,0.0070937723194793205,0.007046074669699683,0.007000294750374304,0.006956350237257477,0.006914167971017999,0.006873699083470904,0.00683490238773741,0.006797753581419154,0.0067622179876492446,0.006728258262981468,0.006695827858499932,0.0066648810583249075,0.006635375117698053,0.00660727021759338,0.006580530294502919,0.006555117969110162,0.006531022870490622,0.00650935963548858,0.006489771223222459,0.0064716880723699735,0.006454595934335029,0.006438259588271413,0.006422572564596349,0.006348382258091263,0.006316930011572472,0.006308834919087869,0.00629776617646604,0.006279261401400327,0.006247413970563298,0.006228656830651964,0.006215084658882917,0.006197710520484488,0.006186394343540454,0.0061550412544563,0.006190112565842518,0.006180709250703388,0.006171782950567839,0.006163339954032261,0.006155395023606783,0.006148151874656057,0.006144118016431799,0.006141483221543863,0.00614002692291083,0.0061392973211540835,0.006138804776250338,0.006138413402246046,0.006138172327935898,0.0061380375705106975,0.005038698237649305,0.004823631267666672,0.004771819505862438,0.004772795743675444,0.0048045448623749605,0.004850150411180032,0.004889497710168045,0.004775489048239719,0.0048895624274502645,0.004970747892062562,0.005046425358081385,0.00459498408511387,0.004616404008379554,0.004637882789016236,0.00465944780945243,0.004681131502216161,0.004702966204429424,0.004724926199310796,0.0047469215977336094,0.004768711541343631,0.004789986606210718,0.004903242603095402,0.004880693820958539,0.004926457385843317,0.004990613438133616,0.005056603407631227,0.005129238157079728,0.005204007000619313,0.005277514229446577,0.005360290946019452,0.005448055145701424,0.0055379562948004385,0.005597818322639366,0.005691120214692513,0.005733502490855337,0.005772457521246044,0.005808254257117261,0.005841139031759384,0.005871508620056188,0.005901599098323207,0.00593001247624731,0.004952190468486805,0.005062028524743337,0.005164202494088028,0.005258927809013735,0.0053463997879033285,0.005285833418405373,0.005286640011974925,0.005295196222978417,0.005295983175429228,0.005319698486527486,0.005355975388562113,0.005397947882899418,0.005439376917423572,0.0054762435418082315,0.005505133213122394,0.00552846066114202,0.005543477457520966,0.005547632918868296,0.005564787647000061,0.005589550152146255,0.00561688585948967,0.0056487380508581505,0.005673769660463535,0.005663007868931446,0.005525995480340771,0.005628157084672491,0.004666405423029893,0.004658183327521134,0.004718970740208327,0.004799517137790899,0.004861949969577254,0.0049044016765286145,0.004933842403810303,0.004975296699340901,0.005020591697665329,0.005064220608275203,0.005120653330483551,0.005184185313925273,0.005251595095539837,0.005322894281545786,0.005395480111449066,0.0054670050175469834,0.005521345068693769,0.0055222871272271315,0.005616438562263267,0.005654772023179203,0.005689992127212484,0.00572237232314122,0.0057521711524150905,0.005779590609550399,0.004802971085241773,0.00481795249798147,0.004832623638161555,0.004940598722547692,0.004887565423316055,0.004871699535303808,0.004886009076929687,0.004914514305000536,0.004943144630108879,0.004953525391223998,0.00507813419812346,0.005174679858712585,0.005263624939883931,0.00500051398913206,0.005009964583395885,0.005019789873236485,0.005126478004207815,0.005226159120527929,0.005059271424143375,0.005167444650275315,0.005086749868252609,0.0050985827246570505,0.005110862768396011,0.00522161826836453,0.0053246906166935755,0.005420250407059779,0.0055084665259093266,0.005589558872765333,0.0055850237173233,0.005607652596880477,0.0056162224501994495,0.005655662080413264,0.005707721433835695,0.00576351334566373,0.005815566281127701,0.005856939797854214,0.005875471008490735,0.005851119043132672,0.005934593793086238,0.00596935747477448,0.00600083402464464,0.00602929925029963,0.006055013195229638,0.006078225812129377,0.006099213851631688,0.005052849328231115,0.005063902887158092,0.005075655143282045,0.00508816771095087,0.005101776196900337,0.005115399525385749,0.005226898658193119,0.005117500744149443,0.005104539244723582,0.005125766080431101,0.005178841680971229,0.005240379360980122,0.005301847753402666,0.005370070835399452,0.005444424953325743,0.0055252718956133595,0.0056066570114960265,0.005685910193161741,0.005760422683659134,0.005837957527406587,0.005916221967149374,0.005990563910147679,0.006025905950521609,0.006138014165709196,0.00619079575553889,0.0062393280522055495,0.006283879795849484,0.006324631813797876,0.006361741220051887,0.006136885404573533,0.00604799416521566,0.005986758928304196,0.005917687462021266,0.0058297128252815635,0.005765524474639939,0.005709973856788823,0.005649523755536436,0.0056096954992508954,0.005580203877821204,0.005551887250535593,0.005540558090827141,0.005530595504851686,0.005493699218430823,0.005280300640922759,0.00526688944582573,0.005283689493311879,0.005300751371887082,0.005318059254515657,0.005335623154243449,0.005353433737179164,0.005371406406106141,0.005492608209069939,0.005605665261281903,0.0057108684706958,0.0058085326784011885,0.005560984420350177,0.005506048840477414,0.005488980128662055,0.005515192835979086,0.005561563334487057,0.005614805806099269,0.005657308455447571,0.005331256821758634,0.00547953508655518,0.005595950125454655,0.005516445321417997,0.005631725608924792,0.005738849559514732,0.005838401984783199,0.005930976122626273,0.006017404978958177,0.005598477932397729,0.005608719004326313,0.005620117065739897,0.005638133430790814,0.005757051275130145,0.005867270864388568,0.005969122719593014,0.005753942384521304,0.0057545059173676975,0.005777069624558262,0.005793370259690339,0.005813289513853517,0.005829772217605464,0.005837349317246401,0.005830936733882184,0.005808873264576026,0.005773117235255825,0.0057829477133911076,0.005802726040860964,0.005749465268354528,0.005750151851734416,0.005753895549446319,0.005758775464592763,0.00576501080615069,0.005772747638741409,0.005783591315395332,0.0059970819472819,0.006354756786864629,0.006472957188216413,0.0065835037321467236,0.006685933102031855,0.006259830880359036,0.006176684892038925,0.006210572361319716,0.006249436687554912,0.0062956262506164255,0.006340466232718682,0.006388097256622739,0.0064385110553505055,0.006488724527339376,0.006536356329093487,0.006596975593140218,0.006666698393981275,0.006744622616856853,0.006810690516502083,0.006856951444124752,0.0068710960219755665,0.006857335354661154,0.006784189952765107,0.006603297465288664,0.006356446340448102,0.006604001103295705,0.006720641466944898,0.006645051412770949,0.006616941132178389,0.006630582077900691,0.0066368197165129015,0.006636608756739324,0.006626287564096556,0.006640011016119375,0.006667351300351434,0.00669804010991173,0.00675554734930013,0.0068325740374518594,0.006924111588140927,0.007018505973040765,0.007113594430397944,0.007207481974131581,0.00729271815589208,0.00736859622289141,0.007433930312629193,0.007479138145583423,0.007483451780587466,0.007231398460941703,0.0073293941251208064,0.007350753073768153,0.007368487657190083,0.0073827608849703005,0.007364033411059156,0.007376345647529453,0.0073940836672753175,0.0074150888911285115,0.00743800853173611,0.007462774493737769,0.0074882732616241175,0.0075137938561800335,0.0075388097316877265,0.007562692216447729,0.007584851207149014,0.007604799700031549,0.007619834782731845,0.007623793139804447,0.007624509300160937,0.007620154584746443,0.007606741623178117,0.007571734053998371,0.0073870627903791465,0.007412100947857977,0.007369049523283034,0.007327807048166329,0.007288245925019396,0.007250241428568674,0.007213668123405297,0.006802956199815116,0.006722879530150937,0.006667666418403162,0.0066020313004854884,0.006560210719284516,0.006528271229122645,0.00649851599246385,0.006484950143741549,0.006480571471613278,0.006480960887069547,0.0064665460697785745,0.006045535214034513,0.006107658315888137,0.006124234996931925,0.00613925518219249,0.006152874956782188,0.006165239999917118,0.006176475612977765,0.006186697956542077,0.006196020376960825,0.006204640766638229,0.0062129770267934,0.006220561491592656,0.006123172323650295,0.006132909797770913,0.006143945742734776,0.006154562453481297,0.006162011662943392,0.006172926195408226,0.006184770708930577,0.00619541201911235,0.006216345147371208,0.006243378717381176,0.006273782283210847,0.0063022610650511806,0.006327563433553714,0.006347168453800302,0.006360087938711751,0.006302827421673682,0.006337004218029175,0.006316435827256577,0.006297162454956141,0.006279147930779046,0.006262361318577518,0.006246706634557665,0.006232025586738059,0.006218174674036417,0.00620511036535494,0.005780474460483733,0.005555596608662563,0.005385052883760736,0.0052359913925829685,0.005168131058194946,0.005141087193864899,0.005135446440229003,0.005151172064846912,0.005180422968727005,0.005217972542340204,0.005266972247844134,0.005322853074619516,0.005382182026000342,0.0054246593341112335,0.005392968359462174,0.005477169985180303,0.005512504113193748,0.005545615855240342,0.005576677336256762,0.005605852149359554,0.005633256830970617,0.005658978049405056,0.005683170435545967,0.005705971813167563,0.005209544258058222,0.005118305087341745,0.0051080335527868125,0.005125638764297431,0.005166946333476797,0.005220281246192165,0.005279846057906187,0.005339145636675908,0.00539643334372304,0.005449842219805849,0.005485617373979237,0.0054317033439251336,0.005504797212200846,0.005531822585997223,0.005557113556527296,0.005580833465894716,0.004557694527711463,0.0045791668533228325,0.004600658975702205,0.004622127429383005,0.004643437838306615,0.004754088290402821,0.004857157246204419,0.004796348193213875,0.0048822822746143755,0.0049766047864088095,0.005072493786992505,0.0051674503230880065,0.005260710395249599,0.005351202147960814,0.005438253807634612,0.005521447940067118,0.005600332166169204,0.005674442979105233,0.005744616592504035,0.005810287745919302,0.005870416229327593,0.0059229182973528525,0.005960821282620216,0.005869162812562983,0.005927276788103292,0.005927279523492211,0.005927016475949131,0.005926562957802598,0.00592592303522766,0.0059250174660150845,0.005923752686761448,0.0059220334884798565,0.005866111770737204,0.005859675324197295,0.005864367820378292,0.005872871008272111,0.005877262083923325,0.005872188439092766,0.0058495728836883195,0.005842079231011641,0.005842887587755043,0.00584678292685312,0.005841138909008097,0.0057281258697455175,0.005765834205612607,0.005760051424209469,0.005754487443346073,0.005749166391116374,0.005744111455301171,0.005739341709361022,0.0057348726959929215,0.005730717932998029,0.005727104111445958,0.00572416923855055,0.005721519056043134,0.005718691716953818,0.005705604129492151,0.005704960464387672,0.005710242390987638,0.005719340796046957,0.005731108508571414,0.005744759415568563,0.005759685613034985,0.00577555630992429,0.005791762981183609,0.0058077479002836534,0.005821828725727955,0.005830551410267029,0.005820063964201819,0.005521091862207118,0.005558650399528268,0.005552409834417384,0.005546609464299403,0.005541270375840269,0.005536415320771743,0.005532082002992157,0.004311482679758651,0.004329959727527978,0.004431682702019622,0.004391469468825186,0.0044211211413552835,0.004473100008010387,0.004533706730491309,0.004597410151782139,0.004672063421657443,0.004751720206867572,0.004832855956132032,0.004914067562810001,0.004993731480688444,0.005070811718429427,0.005140701555150161,0.005201215061115579,0.005247358169835234,0.005273100388455144,0.005212130237587113,0.00528213117863669,0.005300905220099908,0.005317895208573592,0.0053332869432755866,0.005347253252320389,0.0053599026352113156,0.005371239784430983,0.005381255607810922,0.004950084126491944,0.0048712189750312555,0.004812839970794798,0.004758884153061412,0.004708740438688935,0.004698084111987713,0.004706662622216092,0.004725901437991301,0.004760413472545828,0.00480409096040465,0.004853643294193137,0.004908329531516633,0.004965471966631755,0.005023303707543898,0.005071432072052757,0.005099876179252087,0.004976449719853248,0.005052525345799631,0.005081680002406177,0.005108799087757443,0.00513406216014863,0.0051575953092998636,0.005179429309313044,0.00519958322802941,0.004964903185476696,0.004883697732765989,0.0048661049756745615,0.004871978713637339,0.004884909729582328,0.00491197898261617,0.004947218191410184,0.004986934150547213,0.005032453205771048,0.005080818315773144,0.005129962336957459,0.005174163792995588,0.005210474488791462,0.005231013127883662,0.005233218974672379,0.0051206269046445724,0.0051717512920597545,0.0051768646351268224,0.005181635549983449,0.0051861385204214705,0.005190443789017015,0.005194550125437614,0.005198361313367556,0.005201778768424721,0.005204706171623196,0.004899130221598778,0.004769101300387982,0.004681000400259556,0.004602392684072349,0.004567581128998935,0.004551663544204274,0.00454195069661909,0.004568478254272615,0.004611434845107565,0.0046601599016003,0.004709838662250772,0.004756416375816199,0.004789202563366657,0.0048563274768989185,0.0048821781169925286,0.0049063654410340645,0.004929058507062632,0.0049504123066142535,0.004970576092585494,0.00499018209731463,0.005013259915856687,0.005036088247924651,0.005057779884436536,0.005078087172230438,0.0050969913306036065,0.004011239112555342,0.00392925311134052,0.003927450799111486,0.003954520876687808,0.003983247494012171,0.00399110741275487,0.0039559854474573285,0.0040861825989478295,0.004104889360403448,0.004123853936208148,0.004143107865668952,0.0041625683179501004,0.0041822061366742795,0.004202023894770194,0.004222035159103645,0.004242298528032943,0.004262873223342891,0.004283819572977546,0.004305145461487343,0.004326794442955421,0.004348511148698508,0.004370081769986477,0.004391364028592801,0.004412261414317623,0.004395760999153745,0.004433748230698398,0.0044677488130818645,0.00450413101565492,0.00453996302324624,0.004577202160896445,0.004620850730597708,0.004642027411492229,0.004733459266292305,0.0047458317909733275,0.004758641348429706,0.0047719248047308,0.004785608823750989,0.004799645034412702,0.004814129948961091,0.0048323552486884335,0.004854152690381165,0.004878264733647928,0.004907238019468608,0.00501536307173532,0.005115914638441755,0.005209159383756965,0.005295363110130605,0.0053748135372614515,0.005216822738142266,0.005197391987213329,0.005217635853176244,0.005269799127777188,0.005337299865544962,0.0054125632158207385,0.005486222813618246,0.005552995331494031,0.005602134871535002,0.0055562698900954634,0.005643227710134595,0.005683297779231091,0.005719803012400397,0.005753049818660313,0.0057833369102098355,0.004880714292185118,0.00489147949808478,0.004902617270688511,0.004914115771749577,0.004925918393087326,0.005032280413074119,0.005130767565152239,0.005221512522473563,0.005198857160391573,0.005223193908355109,0.005256008125510318,0.0052815324946203345,0.005328555281029517,0.005387807394770889,0.0054532886334111574,0.005522694687551087,0.00559394903477758,0.005665867954312786,0.005730644600412671,0.005782477495479446,0.005794362734860327,0.005866472301595297,0.005884037860335546,0.0058995549689301865,0.005913240781298984,0.005925295568054248,0.0048379646010254075,0.004847698709867256,0.0049508751960080635,0.005046416667970589,0.005134455018253667,0.00521523386401836,0.005205193905926171,0.0052492652622591765,0.005306651416232823,0.005366843775471728,0.0054304342063892005,0.0054921098303364535,0.005547803171589453,0.005609749165004564,0.005672936505556997,0.0057340385053185885,0.005791653793483743,0.005844939994284013,0.005891762169071361,0.005895347037498285,0.005947317122256801,0.005943879050533754,0.0059399511616456705,0.00593562940825126,0.005931000760517312,0.005926144486938555,0.005921084140272555,0.0059161106187576315,0.005910864918008254,0.00590499145242236,0.005903913660752576,0.005907309440410416,0.005913968055729466,0.0059230852068685265,0.00593380678158047,0.005945426477781576,0.0059573754595199325,0.005969898823331849,0.0059823404559517694,0.005993976955707614,0.006007371651967676,0.006020219762415877,0.006027692855087881,0.006025775099969808,0.006038490884095762,0.006001696372101772,0.0059672266703838595,0.005934986560852623,0.005904890781257954,0.005876868195659517,0.005850917574574788,0.005828498766693606,0.0058079110911373605,0.005788420718111057,0.005702512589267962,0.005663051794727677,0.005639577185663898,0.00562335150610955,0.005620062065934511,0.005623381499906815,0.005630144099427849,0.0056416715855967265,0.005655618538115568,0.005670583268550604,0.005685769577338569,0.005700245069522595,0.0057099324240963345,0.0056731765077830095,0.005691419142288221,0.005665193607331838,0.005640800963467228,0.005618154578045241,0.005597180256760737,0.005577817777274403,0.0055600338494759555,0.005552291550641426,0.00554685426773667,0.005542180496959676,0.00553778110956801,0.005533607265728699,0.005529418354699256,0.005525058689235212,0.00552046651780683,0.005515655871377258,0.005510547237530467,0.005505233340715694,0.005499875377754681,0.004340174459563482,0.004352909133089222,0.004366130569565963,0.004379866413333687,0.004394067062967804,0.004408695495537984,0.00442372771823792,0.0044391977409963665,0.004455163587516256,0.0044718716512671544,0.004509717457137202,0.004536939053698865,0.004556618476835254,0.004659523760077293,0.004754883776111018,0.004842931693130057,0.004923874318530872,0.004998077178123239,0.005065899683446873,0.005127716318581727,0.005183909618340214,0.005234890150075258,0.005281089589001753,0.005322945073669491,0.005360931373813489,0.00539545431656062,0.005426864670660234,0.005455454142789784,0.005481884234532221,0.004658619441002798,0.004668381501466694,0.004678445745255666,0.004689745639771256,0.004701604691329108,0.004714884840272606,0.004816335347215131,0.004910387702866015,0.00499732705143141,0.005077404895951066,0.005150782268208304,0.005217771281334851,0.005201995643467671,0.005238092389628359,0.005296915074136,0.005361608445704398,0.005426691855676707,0.005488858461338013,0.005545356783824453,0.00558242222283863,0.005640235336608777,0.0056561646427879106,0.005670131063274055,0.00568237192748054,0.005693104544888659,0.004652883055048087,0.004663385494282891,0.0046748133596692,0.004722631388131934,0.004802142355677363,0.004866647585220415,0.004889256899640829,0.004908098344472243,0.004924246849781285,0.004887013344083985,0.004912114913228626,0.0049363148150719715,0.004965794808768268,0.005006615834492546,0.005051773722791838,0.005096582218195756,0.005144415676278405,0.0051918074840268304,0.005236523390565324,0.005265203483752391,0.005263265976890362,0.005190430857057136,0.0053089647077233975,0.0050740159649170944,0.005074444766765119,0.005076070344032173,0.005078905110253738,0.005083114528894332,0.0050899996922366695,0.00544235048721784,0.005444155251178188,0.005439311803443829,0.005413670354363508,0.005424632132337157,0.005457753879669793,0.005500002762245417,0.005544832187359227,0.005582246935985687,0.005610517350546679,0.00562736615852105,0.005652788417641154,0.005682931570031209,0.005714902346259012,0.005752464376629421,0.005793251383340797,0.005835716007785046,0.005863468844872178,0.005874201192483513,0.005864933400848227,0.005835158385422088,0.005776003789904015,0.005669861908988811,0.005483355868125897,0.005194616470056672,0.0050367528978067675,0.005113487631100287,0.005200434580229888,0.005279430267589792,0.005353692407807504,0.005423541619592619,0.005487362003740369,0.005544869750972364,0.005594803837639448,0.005635466621255923,0.00568481565394926,0.005738768783229132,0.00579453577182487,0.005850562822626029,0.005905284781350114,0.0059572285089621,0.005999304733043868,0.0060229586377736136,0.005950268394200972,0.006022795639506329,0.006032811107832086,0.006040188783290173,0.006045223862117414,0.006048166625074362,0.006049136840566848,0.006048223226262497,0.00573893417247116,0.005737469383563438,0.00574024788631587,0.0057421682389655615,0.005739777966788154,0.005750741349596171,0.005769309005222004,0.005792044783671552,0.005815974233307407,0.005840125684341777,0.005863865346458818,0.0058796879425376996,0.005876841997186952,0.00579489928695506,0.005825688714338643,0.005806664840107734,0.005788144463479668,0.005770172911508673,0.00575279290556349,0.0057360509398537395,0.004477662062093989,0.004571194093920794,0.004657649169141554,0.004737083840617712,0.0046092156662745866,0.004674241656815521,0.004742909032361028,0.004810330974038287,0.004872960818006616,0.004941751752251098,0.005012353654392311,0.005082033195475471,0.005148340061808707,0.005211045076269866,0.005270026594230147,0.005325599534021954,0.005377517327577608,0.005425305261675786,0.005455740142364552,0.005499892185034578,0.005491612156983426,0.005483343650183286,0.005475156363547731,0.005467117931009776,0.0054593061120744015,0.00545354645676225,0.005448863245069024,0.005444167105314027,0.005322900099602148,0.005305648139884657,0.005305917984058868,0.005312021833229303,0.005319812159617278,0.005327609902696636,0.005334138338975912,0.005338055789500851,0.005350525172283465,0.0053674084386933375,0.005386120419729747,0.005405939352633138,0.005425025993889165,0.00544197671801301,0.005457522378948312,0.005466373413088936,0.0054815688778261755,0.005450269455271459,0.005421056226194382,0.005393832190706081,0.005368504608996315,0.005344961900710528,0.005323037796667141,0.005302554095090064,0.0052833225100072274,0.004985803992758573,0.004975975908647044,0.004982435951402571,0.004993631528193439,0.005008429779066068,0.005025025890902234,0.005042669484877704,0.0050606642307912605,0.005078207440790167,0.005093873738016544,0.005112177963245305,0.005125091803368331,0.003935131699327518,0.004031318005048807,0.004095162814274077,0.00415441211894828,0.0037727004961192103,0.0037919756998862674,0.00381135110868946,0.0038307581142750045,0.003923844023625372,0.004011792805573385,0.004093394474252327,0.004168735815841055,0.003980874503685167,0.004009257826001818,0.004055163315461294,0.004101857989513871,0.004144853528764569,0.004180042725933807,0.004204196921963329,0.004236757913508619,0.004267226700435734,0.004277503706159126,0.004359921066599172,0.0044070211844899525,0.004450161633469511,0.003947747055586839,0.003959292962620078,0.003971582782850032,0.003984619315529515,0.003998413069597313,0.004013020617065243,0.004028736414444444,0.004046738373796541,0.00413941031954205,0.004225310267652744,0.004304617125214707,0.004377505553000758,0.0044441990845759454,0.003961663038811885,0.0040000023042903446,0.004080851394603306,0.0041702307680258534,0.0042602185304281975,0.004347204666484288,0.004430196347663856,0.004507825531781777,0.0045671644031391985,0.004639222760677758,0.004672792601369954,0.0047033519560584595,0.004731183761267833,0.004756562849718769,0.004039315690345445,0.004050828513460008,0.004062813796547473,0.004075209331210048,0.004087972128411558,0.004179233678134274,0.004263636733879123,0.004341343391733029,0.004337290168717606,0.004407483749543834,0.004479644614166668,0.004550564145741277,0.004619577823391304,0.004684294603580579,0.004740432176910511,0.0047720509966425,0.004580688773730176,0.004653989320846098,0.004691044367392426,0.004724803925394629,0.004095545693531418,0.00410562237536155,0.004116393413540427,0.004128040228483126,0.004147555615309262,0.0041675963967852964,0.00418938411455534,0.004208546977291113,0.004223963091097268,0.004317168650873877,0.004403540099036961,0.004483338658409147,0.004556832634078752,0.004624259399623779,0.004685897438281525,0.004742070412449264,0.004793129815088148,0.0048394323011197605,0.004881466028969528,0.004919619469879506,0.004954270150888772,0.004986226049157118,0.004288927763678527,0.004299947844061811,0.004310266124741537,0.0043208242341784405,0.00433217724556224,0.00434626976839346,0.004357475498579111,0.004375685794675842,0.0043958567361341285,0.004422130075924001,0.0045185136947304355,0.004608460279404563,0.004691974839303726,0.004769171111494685,0.00484016866466236,0.004905063864322144,0.004964160369735248,0.005017764954542648,0.005066201587093451,0.00510980787718586,0.005148947973127158,0.00518402248911695,0.005215437851499192,0.005243655189174121,0.005269052434277445,0.005291928847405596,0.004452585381359575,0.004461413005237104,0.004470894018497137,0.004489668883425133,0.004580323834155671,0.004913146293473088,0.00491389715055244,0.004952565687534705,0.0049529789804926075,0.00504794536086116,0.005135204033257609,0.005215031898298731,0.005287644661446601,0.005353292383313612,0.005002673044148753,0.004931236573847018,0.0049103515490243705,0.004892008607260163,0.004843294091941881,0.00477248362819078,0.0048829084979557505,0.0048807817013414734,0.004879373635203943,0.0048786321192821475,0.004878519844810946,0.004879188521326813,0.004882804644629474,0.005130282346678644,0.005128725709468911,0.005164438915262116,0.005168424588462572,0.005203525698091737,0.00522041608901429,0.00521738193257238,0.00521564452347239,0.005213599779116662,0.00521047826367866,0.005207854565757336,0.005203652880389256,0.005163072157451358,0.005159271464329256,0.005177553071866095,0.005223601741712325,0.005299269016022416,0.005534837354910046,0.005547012167527005,0.005565242771716211,0.0055874502470704916,0.005612451248824978,0.005643836978147553,0.005683750351840525,0.005753614025378632,0.005950381213072825,0.005961418508012577,0.006000462368567268,0.006012949219439606,0.006052996932879724,0.0060653629032891435,0.006079856699684692,0.006094120633212328,0.006107774643505285,0.0061205187183917,0.006132781205889673,0.006120167116584648,0.006107748081067856,0.006098878835256239,0.0061774199833968335,0.006189463433091801,0.006204828951767413,0.006350846671248889,0.006376863301127612,0.006403375404331563,0.006430353553030043,0.00646757320718631,0.006508288539264569,0.006552532238251235,0.006600715627463508,0.006657437782724327,0.006731434897574355,0.006917587109421854,0.0069417914372876454,0.006986841613722797,0.007010644764150491,0.007051049230411329,0.007103632852791134,0.0071090550510197964,0.007120604867775633,0.0071263897084134645,0.007103387875173165,0.007082275936176815,0.007192765045216861,0.00704060307935106,0.007067436438548119,0.007168751284748379,0.007256444212047096,0.0073863016781731934,0.007406342725576728,0.007446301239459551,0.007468021520443635,0.007507317473573301,0.007535574313370325,0.007563972077925316,0.007592126200307073,0.007620351044592789,0.007729183487129424,0.007691980756472947,0.007656073385565785,0.0077662930237625315,0.007687810242153873,0.007667352346541794,0.007660737133093152,0.007654371901996194,0.00766944286163276,0.007697269366584812,0.007730223094966943,0.00778438708927725,0.007851857507102423,0.007928482037321119,0.008001312477424404,0.008066400334923443,0.008111998904541206,0.007573604905541589,0.0076932026802793265,0.00774073774736022,0.007781669390586714,0.007816570993585854,0.006813412550926399,0.006791576410443853,0.006901016952799133,0.0070008184575588665,0.0070909904352042755,0.007166104495697598,0.007247117200962165,0.007327240068204042,0.0074038393510639875,0.007474125574270322,0.007542492469344646,0.007606721843974503,0.007664759095658601,0.007723783854161096,0.007781685668869337,0.007837124176443765,0.007889086942359111,0.007936925353467105,0.007980153769663177,0.008019372199696855,0.008054307386584079,0.008084602636509508,0.008108898956482487,0.008117751904990825,0.008069065713226242,0.007919569219964484,0.007945796403057731,0.007891365283609512,0.00783866046376547,0.007214927911319754,0.007166537878027592,0.0071438992144877075,0.007131655114362885,0.007124682798012412,0.007126205668482676,0.007131902672854847,0.007139362676514264,0.007149957607506442,0.007162264234385583,0.0071753789730778575,0.007188877624189292,0.007201856522021276,0.007213400015560158,0.007221873691718742,0.0072226821745510405,0.0072048939909084946,0.0071813391575053075,0.00714099303654519,0.006887051753510861,0.006913230267298809,0.0068775005741010765,0.006843503265228671,0.006811046590096539,0.0067799284522543565,0.0066871462591963,0.006627899511865141,0.006580370445529113,0.006537833084552994,0.006519879469181699,0.006514873864664949,0.006517280978335778,0.00652185016999434,0.006527756115933364,0.006534245763106139,0.00653777633419284,0.006534933456543989,0.006518370284290133,0.006487522804438274,0.006417200093241851,0.005935956918076717,0.00598638138580758,0.005988200043790918,0.005989777066263963,0.005991192668093204,0.005992589690932002,0.005994222908530567,0.005062538962253111,0.004700936190164306,0.004565284174891684,0.004536304588799901,0.00453897103069957,0.004551523554167084,0.004575960677704227,0.004610505953191995,0.004653926463658721,0.004698905751408665,0.004741832617745966,0.004781012380492863,0.004815450426660607,0.004836292660848099,0.004824236047021572,0.004733533996309137,0.004877851557323858,0.004817167381913666,0.004838726892784201,0.00486003496366054,0.004881107283822646,0.0049020014144070465,0.004922760478355527,0.0049432610255003345,0.005058690238488602,0.004991676640338625,0.005074669444492797,0.005172525697842942,0.005271428787402553,0.005363363618825554,0.005460989678329629,0.005560690744197009,0.005659864187866065,0.005757617090658151,0.005852010667906592,0.005942040630388428,0.0060272463798649025,0.0061058088358260446,0.0061728387713550405,0.00622867821609018,0.00626638516456395,0.00627001721064462,0.006251329284776124,0.006135790123954885,0.006208147623804561,0.0062178885549575,0.006226657857056872,0.006234523727855149,0.0062415489858510115,0.0062477974442887545,0.0062533248473291055,0.005370052090766358,0.005150533567490596,0.005067089629740222,0.005052415275954807,0.005062680043675558,0.005077889615290489,0.005088470899130753,0.005084116799603954,0.005053878576753552,0.004994928677265175,0.004696579357602793,0.004832666526071062,0.00477894827646023,0.004796393677280929,0.004813741806492419,0.004831026356997002,0.004848277299321832,0.004865523275927235,0.004882753652811161,0.00489996084140218,0.005011512910935644,0.005115344617268528,0.0052116127618942075,0.005178344564223303,0.005197066209855756,0.005223587730183531,0.005244726358412421,0.005293145471568586,0.005353806959450201,0.0054170563427762735,0.005491089703317045,0.005571127125243756,0.005654627579572789,0.005719238622445328,0.005634681485452916,0.00572630189693523,0.00576671620730338,0.0058037203529184124,0.005837618775111424,0.005869371772124458,0.005039519971720592,0.005146679038562814,0.005062450474910707,0.005170595570556221,0.005271801894761557,0.00536560108215745,0.00545220625574048,0.005531805162930788,0.005405359973401396,0.005445616340817379,0.005504564616818983,0.005552248389116264,0.005579925899149127,0.005579231385432949,0.005576602443847818,0.005535614157229725,0.005232099364852275,0.005347408366952618,0.005424250194596678,0.005031816119101193,0.0050404039351946124,0.005049583583886157,0.00505938258549366,0.005069748844357851,0.005080947093843084,0.005451392945231135,0.00545323748951203,0.005498786563151202,0.005605636908043831,0.005704074106265756,0.00579440951777321,0.005876918092115976,0.005946838185456338,0.0060225217451184655,0.006097144710404383,0.006171018553255535,0.006243075770160926,0.006312752872542301,0.0063797620458095955,0.006443846887870292,0.006504872249944133,0.006561713159072414,0.005768130742661264,0.005869387676402101,0.005921895786911603,0.0059696091096727725,0.006013063823774819,0.005357683321151214,0.005360100555354575,0.005373642308761871,0.005385895274007051,0.005593786286389854,0.005699372629927467,0.005796420933411244,0.005885233979591274,0.005966042198961088,0.0059748654396267085,0.006026727094011258,0.00608761844050239,0.006155274752091827,0.006225088267236236,0.006294833384843752,0.006362275090113908,0.00642680277561938,0.0064882274945905144,0.0065404573126926924,0.006569917245737838,0.006297088733561279,0.006369546743540085,0.006385837475428253,0.00639973257582761,0.006411502735519017,0.005267034933345133,0.0052716928042599925,0.005277033862295723,0.005283287241350037,0.005390780752011263,0.005490135048850998,0.00558166170661993,0.005665580409187479,0.0054874228223062375,0.005465521142999865,0.0054680991735399686,0.005479442861282991,0.005487871956559242,0.005482915628688466,0.005509616262747029,0.00555429158886448,0.0056109645970600155,0.0055800443655466235,0.00568846333650384,0.005751343970609049,0.005808686638311288,0.005196733892976432,0.005201221497004651,0.005206343565790669,0.005212150542908278,0.005218781889296667,0.005226803894736392,0.0052707401127329795,0.00567813116382736,0.005690525030853588,0.00570189715850763,0.005697638788257433,0.005801687871755902,0.005670117778156601,0.005602360368162467,0.005616409700728814,0.005644772176990228,0.0056756967229556025,0.005715020884850957,0.005757761127483432,0.005800743886423767,0.0058147284515402175,0.005643456468591009,0.005808674678749773,0.005796078729995227,0.005784333597856484,0.005773454964176289,0.005763443064671528,0.005754301519923426,0.005746062568748584,0.005738850265118238,0.005764995662520111,0.005868296484887885,0.005962659125665037,0.006048402662382212,0.0060703455693738445,0.0061301597553551045,0.0061997375633400815,0.0062723828827491,0.0063445156644245364,0.006414788761318727,0.006482400827465414,0.006548066686828875,0.00661096513874279,0.006670711781132135,0.006723963973659777,0.00676772764254844,0.006796110699631783,0.006818400200354844,0.006831695643180476,0.006828560330325838,0.00678896537362249,0.00622340087212691,0.006297771051280975,0.006310849859725689,0.006321846352889163,0.006330897439376964,0.006338090903780019,0.005052652441734969,0.005045715599049529,0.005084832172028918,0.005138371006337636,0.005196759683770706,0.00525187162823075,0.005301100074280712,0.005342854616042936,0.005387939647076359,0.005434538331080926,0.0054824949307740855,0.005530254839102951,0.0055763754653353845,0.005619410104669654,0.0056628764336536215,0.005706129880434366,0.005748328918528352,0.00578654482499738,0.005819313067228022,0.00584368620025026,0.005853912064816843,0.005766592542171231,0.005826611366799466,0.005827682178964605,0.005827449892286209,0.005832157212657456,0.005837693500138591,0.005838062168222371,0.005827250791061467,0.005831230027731015,0.005843070616593572,0.0058590091818297345,0.005876266369831266,0.005893891470506262,0.00591134494423881,0.005927952478610072,0.00594290127752971,0.005955014299876701,0.005970401849349496,0.00598513804057648,0.005996760657027758,0.0060072127214833996,0.006014311870344904,0.006013338557696399,0.0060008977856752434,0.005963527952854085,0.005853228329379872,0.005645045983183287,0.005266634691740996,0.005146280596930002,0.0050006046888695895,0.004811447792936018,0.00468316291219701,0.00463244416743916,0.004610013283240484,0.0045953810764828625,0.004595925782645339,0.004552260721993316,0.00464763186182539,0.004699737339124444,0.0047477399823617665,0.004791994238294224,0.004832840542809744,0.004198412572665176,0.004213293705778524,0.004228536547490371,0.004244137763273388,0.004341515036085996,0.004280089773666844,0.004378667001697996,0.004470925049282631,0.004557046240219832,0.004637212255053946,0.004711524475528263,0.004780125970053069,0.004843232783188489,0.004901182956218695,0.004954297013539996,0.005002909524517864,0.005047371235928897,0.0050880455021644014,0.005125287237665764,0.005159479451688126,0.00440502281860871,0.004417925256635525,0.004431145764832688,0.0044447097829939785,0.004458661346241342,0.004473073151758741,0.004487912445166208,0.004503159616033858,0.004518806974524951,0.004534968438298393,0.004552347787207122,0.004585405846092274,0.004610326409527673,0.004633921784518784,0.004655626413831687,0.004634209235791666,0.004656919893281836,0.00468194958745046,0.004721559810972166,0.004766351981343674,0.0048091806856952485,0.004852177996325773,0.004889952418408075,0.004919507874661139,0.004933607335489418,0.004925398454917113,0.004897865722401872,0.004895383190514968,0.005006300471089871,0.005145799088432869,0.0052711214085272694,0.005407231774486816,0.0054030674037030685,0.005400169974500255,0.005643861490653281,0.0056341177636583415,0.005625148390492177,0.005616915627708495,0.0056082637806833795,0.005550718299312284,0.005552756832656507,0.005566954822013932,0.0055918553973891795,0.005616332764155395,0.005642845219800612,0.005677138090075399,0.005698890461227035,0.005819734976142715,0.005736658443428366,0.005722440227013284,0.005709339918353794,0.005697410671714476,0.005687101093457019,0.005911652780623746,0.005901805832550389,0.005932659966016516,0.005942047204626882,0.005951992472258948,0.005962665814345166,0.005951700025984863,0.005940099173556522,0.00592851974380844,0.006029533837962642,0.0059543370453373915,0.00590028417091833,0.005874580845230453,0.005845541369109137,0.005815779867764322,0.005804042465874215,0.005832013047172451,0.005869410008573586,0.005905680938098323,0.005954093431267072,0.005992449562057264,0.006002456108613268,0.006041085131535175,0.006215232647969323,0.0061998636897508605,0.006393319027833543,0.006399470704866569,0.006406617362946504,0.006415871102038298,0.006695088943394987,0.006698980649065428,0.006705209443799212,0.006711054963932576,0.006715333386066632,0.0066917363424676265,0.0066676571217559955,0.006581188510992277,0.006575391885683491,0.006593918262743117,0.006625124473217006,0.00667236533031753,0.006797236615987305,0.006912969473861799,0.006913005404255424,0.0070638407869562285,0.0070627644525969105,0.00709442058978183,0.007094401660032127,0.007126511397176539,0.007127874821181059,0.007160353029972414,0.007165657447902095,0.007198100744586921,0.007330066963182081,0.007436150077539013,0.007531575778220359,0.007616748426808475,0.007692095739000105,0.00775810547778142,0.007413859618478941,0.007279031796889458,0.007248318739706674,0.0072561024323053985,0.007280770299263991,0.007307775900698712,0.007288800310383781,0.007391755678535084,0.0074431959284379,0.007487921265463469,0.007526505088208705,0.0065978389207815204,0.006578132174500896,0.006559526590231764,0.006542013451884302,0.0065256344654844745,0.006510584891954426,0.006511278626755161,0.006925703265245765,0.0069134313181252426,0.006985747675635734,0.007005697156613437,0.006979732559792989,0.007088046534437285,0.007185129111334164,0.006781190338994357,0.006718950788860539,0.006736581781996023,0.006753888039048879,0.006783043473954681,0.006807837146219195,0.006814520112623707,0.006826105225468051,0.006993445745819617,0.0069654875147648065,0.006940861449949448,0.007153336214343123,0.007153975461041074,0.007160373465017196,0.007465122593587319,0.007480073155526409,0.007496485022452597,0.007823687887522005,0.007823055299824608,0.007817857433499399,0.007791003704321851,0.007899426568452498,0.007637927531166698,0.00756131935954352,0.007550891085120992,0.0075573790877152035,0.007566665738215789,0.007571428522161863,0.007589316455590855,0.00760920244732141,0.007615202309285574,0.0075695836730101515,0.007712923702066105,0.007622824451250057,0.007581547281881507,0.007542404440165873,0.007506328844222061,0.007770277155249561,0.007759854000646429,0.007750410387605962,0.007742075433129826,0.008025326906944182,0.007980595462385323,0.007936915628523342,0.008044567267465288,0.008141914972601952,0.008227969987792006,0.008147829240017107,0.008082633602814882,0.008035633666241873,0.007959637708423058,0.00782916335231485,0.007716235108166758,0.0075712310229810635,0.007268256248233796,0.00750556443816423,0.007468347755439611,0.007432652041450006,0.007398493560423691,0.007365937127747737,0.007335850765380818,0.0076717341798212095,0.008004086764376911,0.007999112346218152,0.00802483260004372,0.00824648277320284,0.008353946079624428,0.00844947109775616,0.008533729288709416,0.008607476392594097,0.008671725781487788,0.008727016804561507,0.008773902852990081,0.008812944464475754,0.00884482898024186,0.007762167224050689,0.007722560375715778,0.007684392530596365,0.007650430024880074,0.008220935689206817,0.008421060484683716,0.00843687348272743,0.008452971706414467,0.008469347068329686,0.008485998421791756,0.008502934805145395,0.008520165178113706,0.008537699517478499,0.008555522069430797,0.00857361682126966,0.008684955784522523,0.008784110199184878,0.00887168855136288,0.008948563007745533,0.009016032832602076,0.009074211342690914,0.009123514102364061,0.009164509345950776,0.009197791595320406,0.009224000877884303,0.009243907769073812,0.009258112759686256,0.007930224382097876,0.007891807949306755,0.00822564896107692,0.00852280131187389,0.008758573895489737,0.008774304851019448,0.008790134167817472,0.008806085025079069,0.008809824185827564,0.0088396842825608,0.008845551261498571,0.00887562552810329,0.00885935786559466,0.008808436008781954,0.008755852929235043,0.00886971261046837,0.008674651648209021,0.008525243695337983,0.008462243686151994,0.00843479926601336,0.00842102821077029,0.00841357355164401,0.008435355124756863,0.008469940793383606,0.008508664351516837,0.00851774538305796,0.008471211359408093,0.00831306957607355,0.008553319094329492,0.008497316685876924,0.008443142379439736,0.00839076806159175,0.008340170100952313,0.00829132948769487,0.008244225357128496,0.008198897852769704,0.00831159218979093,0.008412979696923265,0.008502835584024931,0.00856074074791829,0.008627836838626737,0.0086967541470475,0.008764801251030734,0.008838152395962083,0.008910972707536128,0.008980296526388135,0.00904481872068362,0.009102807285254443,0.009151961244762054,0.00919048301969417,0.009213483012771936,0.009212237002933846,0.00920457720250886,0.00917914797535581,0.009109687683680277,0.008977964383004303,0.008505394598910058,0.008574506383968394,0.00855773470524826,0.008539199937613135,0.0085191080458708,0.008497634059488637,0.008475382471723851,0.007509522570327634,0.007060726724811014,0.006783833551234573,0.00659019013608875,0.006497568280745903,0.006451480270035492,0.00642555226201273,0.006440833654937018,0.006480407745072645,0.006535285701444752,0.0065553306124022685,0.006525888844191018,0.006433002644686158,0.006342158731855998,0.006225937086325717,0.006005987176354574,0.006196921072106096,0.0061929480565490035,0.006189590641935096,0.00618694354502623,0.006185076808888638,0.00618398734782283,0.006183379824078107,0.006301198282305071,0.006233928581348359,0.0062342915437593885,0.006273196508216247,0.006326500700661282,0.006387727089192116,0.006452532513729258,0.006517492194549511,0.006594192430982176,0.006678206466246654,0.006766941456390373,0.006848561325443676,0.006921036310291481,0.006981375348018224,0.00702408833652867,0.007032730614637695,0.006906826114998968,0.0070042918641816014,0.007031985542888812,0.007056230116555649,0.007077323668359487,0.007095544410577627,0.007111290084927367,0.007125209064339477,0.007136816304560675,0.00705437216138745,0.007014290044325531,0.006982587255585665,0.006948414877966323,0.00694225791563459,0.006951154097632534,0.006968278196259279,0.006989840808080927,0.007011663330280475,0.00703006875749245,0.007049207581978861,0.0070674209179851484,0.0070831077936170305,0.007076159972075998,0.007011269333702276,0.006530197289050663,0.006602774524066575,0.0066167708831292955,0.006629133521786812,0.006640070164321739,0.005358285967234814,0.0053704515062946625,0.005486052019643418,0.0055931796766444586,0.005634677895140082,0.005689895619885909,0.005740789569878935,0.005777478121246283,0.00581449385352906,0.005848571555664971,0.005877031134925608,0.0059217364521088,0.005975738919215348,0.006034577632294287,0.0060833847112460775,0.0061118273811396175,0.006070123393283262,0.006170833557821662,0.006214826805489744,0.00625494129368159,0.006291503292229026,0.006324837659051489,0.005336622956808342,0.005346628698027658,0.00535687441884946,0.005367266011625646,0.005481069484551084,0.005586386813611451,0.005579404581309569,0.0056197611989433245,0.005666102215430201,0.005707610290138993,0.005744001453634821,0.00577307452464471,0.005793536975667,0.005839838923705971,0.005902235860206901,0.005974870370585725,0.0060416890293522405,0.006100048100211247,0.006145213458153705,0.006167825748543624,0.0061405216704461885,0.005777411018811748,0.005892895532447504,0.005953212454943655,0.006008468565531929,0.006059049467772769,0.006105356878645147,0.005284992056645383,0.005293547809985231,0.005404071301393768,0.005378848000479657,0.005394925904790666,0.005424502478219939,0.005458813087147106,0.005504542438096128,0.00555482517505972,0.005605117118691245,0.0056714564142037556,0.0057471888430439926,0.005828531170925191,0.005894149724585344,0.0059393690231397565,0.005958217072380956,0.005974145737852191,0.005982626748034175,0.005972183116998471,0.00588120837115031,0.005985500183120071,0.006031617528095262,0.006073638904929684,0.006111922890096462,0.005229649653603671,0.005338134475522548,0.005438253939008708,0.005435765691893166,0.005462245368826462,0.00548332429678626,0.00549065129435283,0.005519980341677712,0.005560991398120606,0.005607212411533067,0.005669664719138903,0.005740797774649178,0.005816367261831437,0.00587943885810663,0.005922769366814354,0.005925244853744798,0.0058029020118277146,0.005900941610325901,0.005944091651877139,0.005983314201761195,0.006018977009633694,0.005135222391448316,0.005143551308033925,0.005152464036000258,0.00516188047395336,0.005171452792631646,0.005180835550936504,0.005289829927453833,0.005277169518671321,0.005289536031042741,0.005311634999325441,0.005346297485809606,0.005384892542347866,0.005422236991522263,0.005482850447987421,0.005556500772110818,0.005638735113283105,0.005701300438654684,0.005722824653295471,0.005570920991989363,0.005685991794650912,0.005752005589703959,0.005812522702276527,0.00519791250795957,0.005205400491481433,0.005213374926144526,0.0052218262164444845,0.005230744127370457,0.005240059744163927,0.005350331889568296,0.005452526589779074,0.005546779734185699,0.005509086317978652,0.005534505156637089,0.005571386780847282,0.0056143687963019434,0.00565676428693463,0.005693568420748727,0.005740058561327088,0.005788404418066211,0.005833786309810212,0.0058418669524395,0.005514247047450272,0.005629710688690298,0.005699113728360933,0.005762804956011244,0.005189879809728216,0.005197556851708749,0.005205694082712288,0.005214306744675463,0.00522342280429924,0.005233081302964049,0.005243290751768572,0.005253826814229451,0.005264415038405992,0.005375779672923394,0.005334269025566383,0.005309793696015584,0.0053138706699091785,0.005338235889318515,0.005369790783399012,0.0054004925072884,0.005446293809813762,0.005499117365317997,0.0055523304068978725,0.0056004089541707176,0.005642204001043002,0.005674827467446573,0.00566614956677095,0.0055980951496081115,0.005444999833935352,0.005583895194446405,0.005419221313877662,0.0054228703193500314,0.0054268204178878334,0.00543103004196719,0.005435434125362813,0.0055446012164809474,0.005645183376026301,0.005431434343916362,0.00542319885298001,0.005427786896336111,0.005429581949681027,0.00546221387375225,0.005506483189441105,0.005552511270209502,0.0056073418588286385,0.00565909618200473,0.0056230749260087216,0.0057492822577613345,0.005832644600868392,0.005472466712915082,0.005473963245349735,0.0054760638842694795,0.005478787855828481,0.00548213788535093,0.0054861206241885955,0.005490749702398264,0.005495989568894728,0.005501914319790215,0.005509288960606178,0.005621509706375516,0.005725452595965956,0.0058212420155119,0.005643556211861031,0.005589422056879598,0.005520800301484197,0.005493541816635915,0.005491245239316741,0.005501050330602225,0.005550902706571285,0.0056195621245665375,0.0056922460314758234,0.0057470224710665626,0.005697572141573672,0.005829984770792197,0.0059192180942950695,0.0055919949805963345,0.005593282234997412,0.0055951051519729685,0.005597524871846207,0.005600615315245526,0.005604660871568173,0.0056104772219029014,0.006008454559848198,0.0060290656865944385,0.006032103822204766,0.006030093443320549,0.006026922035314845,0.0060228922199784644,0.006018560563035627,0.005976654906735006,0.005962593245236304,0.006048187286328548,0.006053083485337864,0.006063353504196688,0.006251405819724457,0.006256974071912193,0.006296636143335815,0.006469687588837254,0.0064845776688028526,0.00653089448256487,0.00656151847622695,0.006591995392472382,0.0066223297313690475,0.006652532142504252,0.006682585703529809,0.006712501551136138,0.006826546392867476,0.006930698229615185,0.0070254317170462205,0.007111212026877855,0.007188394068724068,0.007257466398077844,0.0073189443042524375,0.007373344088168205,0.007421175199319573,0.0074629727675594535,0.007499282342384651,0.007530644661959967,0.007557583142543779,0.006403576053109515,0.006396151916517378,0.006766373985719264,0.0067817402694079565,0.007069690940924253,0.007078184941826176,0.007119546781230579,0.007128281682692133,0.007169892601080961,0.007179440822565982,0.007221197821807877,0.007201708488693619,0.007317670944644802,0.007423017272926,0.007518215645061046,0.007603693760723555,0.007627506666363412,0.007703146861015338,0.007783069798372929,0.007862421719106043,0.007939506291668385,0.008014005533887288,0.008083537304631351,0.008131510192198895,0.00819879588562414,0.008202305939983712,0.008202831900247304,0.008200667797684785,0.008196088594193442,0.008189379235818955,0.006592209691660065,0.006584491520926488,0.007097422188532178,0.0074975512004013,0.0075110181864919984,0.007487403507450651,0.007602387959050954,0.007706251086493254,0.007799554093368877,0.0077084082813975744,0.007702718463136283,0.007704905789214795,0.007713746849342163,0.007711211843431458,0.0076811693050497015,0.007680066985442009,0.007682252661825009,0.007529669595146234,0.007650866830020996,0.007712856864253619,0.007767704196148808,0.006920087085464619,0.006902516671235778,0.006885922487029764,0.00687037436187847,0.006856204518833908,0.007271997996323279,0.007665527904123571,0.008010061205693383,0.007975827503882522,0.00808869249695626,0.008189665198432025,0.008241740947129535,0.008304970935583312,0.008368513587880358,0.008427597364618044,0.008491393408099894,0.008555885285116575,0.008618786080970968,0.008684617347741685,0.008750932219832835,0.008815827586764685,0.008871382971023852,0.008913622478238552,0.008934544619764643,0.008922273111285293,0.008830640270275364,0.008165226872925766,0.008256711982973076,0.008267020719295647,0.008273716738865048,0.008277188264585398,0.006813382539193187,0.006929325600708932,0.0070358332810994345,0.007132612457365637,0.007188341051593706,0.007264086952389945,0.007339824338246657,0.007408013913844967,0.007479490864041856,0.007549862707563779,0.007615811804030229,0.007686017358868939,0.007756490863265886,0.007824482537057177,0.007890685313592122,0.007954086263088496,0.008013941300382266,0.008069285615217286,0.00812010868233363,0.008166405813175778,0.008207331318010895,0.008237186192436265,0.008271238392965164,0.008221347312888124,0.008172995037427407,0.008126162368913562,0.008080738283716651,0.008036573366978238,0.007927208486627818,0.007848674105191078,0.0077840693422437,0.007726530635283389,0.007664369557641646,0.007591249462666297,0.007497623598985496,0.007431736757375078,0.007380532820437259,0.007331895987301618,0.00725420433607447,0.007066704073912986,0.007112294073059274,0.0071050033966240786,0.007097379275700979,0.007089521899089548,0.0070815648031509835,0.005523063879560609,0.005535034829387037,0.005547176173585273,0.0055595138604033366,0.005572073203138557,0.005691915454406837,0.005803155756182745,0.005906059150520816,0.005924368212155503,0.005978042348654067,0.0060390568357519825,0.006109943913532635,0.006184972992170872,0.006261002788897825,0.006328958363044126,0.0063786386909029874,0.006375360879902706,0.006026434845239795,0.006144112478125451,0.00621233691281594,0.006275205621548501,0.00555821605913986,0.0055690726722228195,0.0055802430734464,0.00559175317401769,0.005603663072292646,0.005616128304431239,0.005630240254416606,0.006170351794040535,0.006170735664297463,0.006172907413749436,0.006290977573353217,0.006083127098709777,0.006079453374650822,0.0061146117568224205,0.0061591428889175084,0.006202014893825325,0.006240345935710638,0.006287722278625142,0.0063406940645902975,0.006393009725733786,0.006394476299800679,0.006315117646780116,0.00645217770417906,0.0064412231140722805,0.006431494676712509,0.006424217118375805
1.75,0.9941387499772327,0.9882468076860724,0.982255242721969,0.9760906686825853,0.9696744615200206,0.9630450409567646,0.9562402697355985,0.9492914985375044,0.9422583847226473,0.9351689423105128,0.9280239647528892,0.920808352922126,0.9135027096966657,0.906025563453188,0.8984251710166777,0.8902089374451346,0.8814067344087031,0.8719933484312763,0.8617494285091707,0.8426910949793865,0.8327829626172493,0.8131742440749589,0.7783393968780231,0.7533324843298017,0.73717622276358,0.7198840332517839,0.7028652165770334,0.6863328345754864,0.6703443173063512,0.6549605279291097,0.640175009195727,0.6259738003444423,0.6123259883410522,0.5992019007029921,0.586558770571574,0.5743656039162821,0.5625731619425439,0.551119770333303,0.5399780064339124,0.5295857364356767,0.5193007502557951,0.5091294320879648,0.4990774910361446,0.48915004563089465,0.4793516522132563,0.4390559961578175,0.4315839659771595,0.42382948224088707,0.4161302172962435,0.40852951373524743,0.4010187503829384,0.3935868715606867,0.38622098307946745,0.37895010752384245,0.37179088220992756,0.36474590243276955,0.3578234103279436,0.35102349208849176,0.34433261420235756,0.3378349348934155,0.3315680678449472,0.325539444894035,0.3197349468402521,0.3141372338606237,0.30872372991941743,0.3034827547748427,0.29839969253873416,0.29345460239349835,0.28858872862954893,0.2837457337355421,0.2789118054490358,0.274063059743903,0.2691682341518085,0.26417475820177794,0.2591010261102672,0.2539684688093302,0.24878545568856228,0.24359974281819677,0.2384384021033901,0.23330907826734135,0.22826934046349978,0.22335291393666323,0.21857593901653063,0.21395843832595798,0.20950834472249336,0.20522554648360153,0.20106606157069146,0.19673822139072228,0.19262972394759495,0.1886363038286251,0.18474386337781928,0.18093364176629664,0.1770326647266945,0.1732791206212611,0.16968346037767856,0.16619874290432426,0.1628234077680617,0.15948657387625867,0.1561999169633098,0.15296774436601926,0.14979033727463723,0.14668006756199048,0.14363788583559498,0.14065871121005818,0.13774367996479778,0.13489212459797975,0.13210153689759296,0.1293671505803484,0.1266790323961994,0.12400730718105496,0.11997489659333471,0.11606026685266913,0.1125060856619793,0.10883112294445536,0.10530573678430635,0.1019232736498263,0.09648733665776187,0.09302515613764084,0.08976621878458532,0.08716536159780075,0.0845944567479605,0.08212108930219214,0.079745572721042,0.0774631279161017,0.07526990889653909,0.0731617835243854,0.07113460624197268,0.06918174152781974,0.06731120426319384,0.06552558049844884,0.06382450918324185,0.062201114828799295,0.060648156778644366,0.05915783718460794,0.057702493312201356,0.05625391118027989,0.054795803835432644,0.05335321156804232,0.051940897710757036,0.050566481793992125,0.04923897440113371,0.04796385162468364,0.04674303926542666,0.04557855232217247,0.0444697805865507,0.04341466771630974,0.04240820439596147,0.04144573804555388,0.04052396981957882,0.03964194344057997,0.03879822594814355,0.037990905578228706,0.03722009655259432,0.03648524230083409,0.035785288173063035,0.03512072238517161,0.0344910132332173,0.03389501978085427,0.03332804607812142,0.032785260378491776,0.03226162326791813,0.03175939813771216,0.031279289758762936,0.030820820864709036,0.030382125248969074,0.029960902134348093,0.029554429863341673,0.02916000737313659,0.02877506817330725,0.028396633128499337,0.028028365146236005,0.02767059280290473,0.027322228045149673,0.026982377079276705,0.02664948397003901,0.026320886090951595,0.0259961390760634,0.025674672526560464,0.02535572650285366,0.02504019931494276,0.024728369443354256,0.024420172577453048,0.024114857982461678,0.02381157920372989,0.023509339085588624,0.023207390634288862,0.022904866312057296,0.022600698134142123,0.02228662797995573,0.02195485636398914,0.0215983688653624,0.02121893011326287,0.020820225120218933,0.020405114952549888,0.019981261032655587,0.019554230437033207,0.019127752585360286,0.018702634749420122,0.018279851845925413,0.017860466570742674,0.01745096718887496,0.017055202231254066,0.016675182629828283,0.01631064194829356,0.015960947442341295,0.015625365760039898,0.015303729126007642,0.014995790245753468,0.014701039732864409,0.014421943053090941,0.014159579746280798,0.013914074364771227,0.013683620749387941,0.013466454518999244,0.013260972511746455,0.01306600677041101,0.012880276914453636,0.012702471928692801,0.012532696727146523,0.012370670065516532,0.012215722534087387,0.01206824196095488,0.011928350430589119,0.011795955787119658,0.011670898443889598,0.01155296285641539,0.011441832779088208,0.01133719925501865,0.011238526387008053,0.011145019436188053,0.01105571922386248,0.01096642867550225,0.010882767913939885,0.010800160115128207,0.010718701077313292,0.010638369194045566,0.010559225683404207,0.010481305253942794,0.010404256403132047,0.010327831176903501,0.010251794140983648,0.010177799978411393,0.010105641433181718,0.010035159622585506,0.009966447903567443,0.009899476806026417,0.009834219091986852,0.009770542629620908,0.009708446248471198,0.009647929208136731,0.00958918710064683,0.009532152895486734,0.009476744731032634,0.009422767271784026,0.00937011285616599,0.00931856689982856,0.00926822557475325,0.009218129012229464,0.009099640549293554,0.009003959063935441,0.008949010128423772,0.008906229377103263,0.00887067010105895,0.008838075646590343,0.008807287120340136,0.00877792034426126,0.008746400932118937,0.00871494118948886,0.00868473270599727,0.00865555796339862,0.008627007359187321,0.008598388032030365,0.008570398976351458,0.008543314658842355,0.008516904428904074,0.008491450477515091,0.008465338779577235,0.008442337685781945,0.00841965847864176,0.008396465942676744,0.008370935146409814,0.008115658708210793,0.008037645210229462,0.007970813525859426,0.007931491386744639,0.007906468399122162,0.00787843465776883,0.007846580344828961,0.00781643308065346,0.007823427345718803,0.007833119481420037,0.007785924655572619,0.00773038734221081,0.00767534813238844,0.007623452633238387,0.007576115015463265,0.007533804839843141,0.007495956796746377,0.007451903526199659,0.007416165897231542,0.007378866639737236,0.007358049383789083,0.007315416110562421,0.0072764106157296345,0.007240832340680401,0.0072084889650808415,0.0071791999515096695,0.007152797173251021,0.007129101342191366,0.007107906747172887,0.0070890083245921135,0.007008507038815677,0.007001771340317628,0.006994062098547283,0.00698890487477196,0.006987128289830537,0.006988636825656137,0.00699358478094548,0.007001874564865614,0.007013281929387305,0.007028138952930719,0.007046552478646894,0.007068460623557407,0.007091323680028557,0.007117133314048597,0.007144238295204228,0.0071721204418888065,0.007200182811032189,0.007058834848671214,0.0070756315884921445,0.00699776003594536,0.007041532718010511,0.007004105843360064,0.006989507127009039,0.0069803960955231595,0.00697690978317922,0.006991380375708256,0.007001668460430314,0.00701115639948645,0.007020388924475511,0.00702902868834979,0.007038282439055908,0.007048774590003828,0.00706075626785024,0.007074157598039463,0.007088760841771551,0.007104127837152139,0.007119955543212815,0.007135807128987691,0.007151070652293832,0.007166380149364394,0.007182083815876311,0.007198271839465936,0.007215140884554573,0.0072323005898394885,0.007247902212552947,0.007252587994888492,0.007265108173006847,0.0072275627798417735,0.007191644427442206,0.00716073683310959,0.007135533620727363,0.007114811541958992,0.007097515694354318,0.007082982156807159,0.007071807293244987,0.007064121559693008,0.0070595191882547636,0.007058283693581894,0.00706047496694268,0.0070660253528633055,0.007074914834398997,0.007086997105937317,0.007102025929793854,0.00711894625666159,0.0071338713074241755,0.007152672031325232,0.007172067041614123,0.007191636834343245,0.007209594251015045,0.00721696228532951,0.007240156834054726,0.007212030607336475,0.007186231169195667,0.007044516600620034,0.007034146345010203,0.007021610647393285,0.007008844100350426,0.006997376401451202,0.0069878406368662814,0.0069801199918146616,0.0069601707008674395,0.006947648859462862,0.0068620108698776985,0.006877074179401552,0.006877845501606051,0.006879106655019505,0.006487191595542202,0.006408758708374412,0.006446944142166492,0.006214806534838603,0.006260974291619306,0.006300328219258145,0.006338011544568791,0.006342967011181851,0.0063788674793723256,0.006420971833306239,0.00646641309393861,0.006514209661960488,0.0065636699490883915,0.006609682027916847,0.00665384493628176,0.006695553896586765,0.006736545191077418,0.006777551538002579,0.006818806136316042,0.006860143940492172,0.0069010782321207225,0.006940498812341868,0.006975455304846531,0.007012670883152424,0.007049196315738406,0.0070847300143137264,0.007118788919901522,0.007148404645281707,0.007094136179937227,0.00713349071928231,0.007117081619484178,0.007102321381383554,0.007089185725018127,0.007077767539294489,0.007068466619363226,0.007059782695283461,0.007062346872077368,0.007062948776123726,0.007066950500490125,0.007074336125167008,0.00708533995100744,0.007099540559227692,0.0071163929339198295,0.007135899426807335,0.007158130793729183,0.007183233180428075,0.007211064314926239,0.007241351563589507,0.007273707451721558,0.007308168799156045,0.007344653418087612,0.007382845109661318,0.007419744985522337,0.007460172581626081,0.007500702113595458,0.007541003683556942,0.007580924575600247,0.0076219463831620924,0.007662816057365164,0.007689599493043507,0.00771005028733654,0.007725927775109441,0.00773713524519123,0.007743006660275024,0.007745142833850305,0.007744368027795723,0.007740701407359902,0.007735415840997813,0.007729162739491873,0.007722021972497138,0.007714851597053844,0.007707654625889264,0.0076990079147741825,0.007679930742637553,0.007661302566352804,0.00764465568644618,0.007629887513787735,0.007616902817754299,0.0076056134320842215,0.0075959107024298495,0.007487839310232712,0.007437775927743203,0.007396044740553877,0.007357711491079701,0.007384874782575696,0.007397531301150235,0.00740640283112193,0.007413651040973009,0.007421590509724895,0.007431234594249513,0.007442878831668783,0.007455899432936396,0.007448065424253394,0.007445943998118217,0.007455496461633003,0.0073949701567998655,0.007372631659582281,0.007358046714506192,0.0073038109262175775,0.006946696214003837,0.007006159347608138,0.007040755455224613,0.007073924647297847,0.00710614700079746,0.007105645631872615,0.007124012263287469,0.007152012499336758,0.007197835776064934,0.007229742292375645,0.007259583037407802,0.007288616467686339,0.007316595109396451,0.0073438121392451535,0.007370213656357959,0.00739550170184942,0.007419162405105832,0.0074406691422704,0.007459355092738598,0.007477580433238447,0.0074958004202479766,0.007510250804384413,0.007523942737767087,0.007537137000329081,0.007549993301473485,0.007562754043162039,0.007575815649750975,0.007589685987772337,0.006354756786864629,0.00641389185189298,0.006525107869153236,0.00664437445760364,0.006764080185014225,0.006856109578148261,0.006939276085758534,0.0070198610788934765,0.007098083552018574,0.007174385934675059,0.007248659070166195,0.007321117627923522,0.007392004501621409,0.00746143940816238,0.007529370619878975,0.007596559625729483,0.007663515908976205,0.007730676582113977,0.007797421850545305,0.007862758809126628,0.007925118131881292,0.0079832368403508,0.008034307534876722,0.008073199756431247,0.008097196901535566,0.008125580606811057,0.008165086629595326,0.008198306327488674,0.008227984045889467,0.008256409536818405,0.008283212907907801,0.008308183383662527,0.008330951955978319,0.008352890150955493,0.008374798249150817,0.008396855157471598,0.008420471137388794,0.008446628757537723,0.00847596158592569,0.008508456326135,0.0085439731138913,0.008582280863298913,0.00862277753044224,0.008664858930137844,0.008707894270304257,0.00875079609409177,0.008791472132460433,0.008815846302433265,0.008843973758626809,0.008871607052110929,0.008898841493173765,0.008925474258721464,0.008949430124369322,0.008972422820281892,0.00899476115632663,0.009016648867444323,0.009038213111627348,0.009059580809793907,0.009080846481171268,0.009102053659930939,0.009123217702577553,0.009144336628628385,0.009165357567254031,0.009186196641169646,0.009206613078588081,0.009226061509031927,0.009244430852033496,0.009261522426684118,0.009276944101288421,0.009289682358362476,0.009291776668016836,0.009295035096977215,0.009295869635568802,0.009294470507952554,0.009291051505544172,0.009285779298557346,0.009279213458672542,0.009251718867979142,0.009221445301835291,0.009189792190197095,0.009156304911855389,0.009122326922727424,0.009088422704721514,0.009054741620465283,0.009022147066244149,0.008991105476174733,0.008961813592479322,0.008933440923004986,0.008884055577178009,0.008840579386460505,0.008800281985695225,0.008762825268700416,0.008728659334694208,0.008697214324749935,0.008667752356276393,0.00863868042189637,0.00859085569710153,0.008558878641569763,0.008535452242942188,0.0085180851887217,0.008496498841358453,0.00847638073305757,0.008457687384614661,0.008440341450088746,0.008424109414045445,0.008409119705785176,0.008395397277147084,0.008382844525764722,0.008371960442921112,0.008363027467806398,0.008356133124445596,0.008351079301194131,0.00834759855263361,0.008345308581282532,0.008343798681116312,0.008338916404769988,0.008335845924453472,0.00833153060889836,0.008325803428377247,0.008319098335815463,0.008310712456195779,0.008298818318626779,0.008274353595360325,0.008264900943411363,0.008259188774701536,0.00823185915963269,0.00819433051482487,0.008149970217692738,0.008100265994354556,0.008049727362623896,0.008000541634724016,0.007953773501652616,0.007910417998252489,0.007871018795543994,0.007835792944235654,0.007805099687573231,0.007779031454959852,0.007757498335148157,0.007739374909493053,0.00771951399609671,0.007705015975119274,0.007692881407303202,0.007682652004218574,0.007673161772384257,0.007662131830945726,0.00764253932143295,0.0076086449563046,0.007582703932456992,0.007588103258495531,0.007567623649586368,0.007543465138087142,0.007519993426983583,0.007498598645383169,0.00748038389014786,0.0074657983018734855,0.007454978526575227,0.0074477226501434134,0.0074437612277591415,0.0074427316978585845,0.007443580447873786,0.007439441996461383,0.007438863813526174,0.00743829255984243,0.007433821190051739,0.007439916748242916,0.007393422009910802,0.007350760162523316,0.007311711398016872,0.007276042057395664,0.0071636784561611095,0.007124472273633892,0.007110788886351055,0.007094585649918544,0.007083482170071771,0.007077585510988324,0.007076661049715909,0.007080373887111229,0.007088381200092429,0.007100320388525834,0.007115827368263673,0.007134541239083331,0.007156116475084158,0.007180182191281937,0.007206419963435479,0.007234474647157345,0.007263956444301558,0.007294391646156961,0.007324977319269,0.007348598070714734,0.007373687650783689,0.007397109254917182,0.007419170286318844,0.007439879663444625,0.007459258602967707,0.0074771698965242165,0.007493828942492705,0.007510073305578851,0.007522252011742865,0.0075331056075702155,0.0075432742851352826,0.007552996487289816,0.007562102960249178,0.007570185357110709,0.007576447294148866,0.00758181584960755,0.007586827754992009,0.007591704979825188,0.0075959973213387735,0.007593678077787774,0.007593711421473008,0.007593591010495687,0.0075932288032439016,0.007592652501066241,0.00759187416944652,0.007590904402612231,0.0075896148629055775,0.00758360006788397,0.007578379636478906,0.007575348506501673,0.007573143350580906,0.00757154556888972,0.007569098253915509,0.007566458146565066,0.007563927796872348,0.007561700029355804,0.007559911316785009,0.007558667764120341,0.0075580513643005755,0.007558125866554701,0.0075589419062759775,0.0075604897387680555,0.007562659198361758,0.007565141470908705,0.007566935711101577,0.007552262292954809,0.00753973351033164,0.007527134439143251,0.007514090225118916,0.007499575885339388,0.007475486617378367,0.007467631738725076,0.007397984593053286,0.007033147707824014,0.006992701537693636,0.0069524257609790314,0.006915841427050046,0.006883846538444112,0.006856592869388078,0.006833944604045531,0.006816190093358663,0.006803319527098713,0.0067951607397708745,0.006791485487789731,0.006792018265524819,0.006796418298851837,0.006804114441792791,0.006814432345324911,0.006826480537923094,0.006839113272673231,0.006846925933221403,0.006857791853629666,0.006868801661099474,0.006879740041834305,0.0068902475897534825,0.006899773798107426,0.006907679176753527,0.006912867041856947,0.006925233820456249,0.006914655083881206,0.006900433480148147,0.006883838833242462,0.006865440853354289,0.006845634063137963,0.006826569486817751,0.006809156392691285,0.006793805808920437,0.0067811274644312735,0.006771420270806841,0.006764813253658721,0.006761397198947733,0.006761105192129137,0.006763785049067227,0.006768761861881044,0.00677489109622288,0.006773674481730901,0.006776374788322061,0.0067803154227798375,0.0067848883769912665,0.006789590973352524,0.00679385170095426,0.006797563760287753,0.006806574334326465,0.006802858775462203,0.006794975413583789,0.006786389758993193,0.006778387852205593,0.006771298074731989,0.00676579728289979,0.006762229691817556,0.0067607442411158954,0.006761553208496059,0.006764718133309115,0.0067701741915431445,0.006777554540956935,0.00678634149235362,0.006795643880523544,0.006804494541344746,0.006806313146494227,0.006810531593298459,0.006814558923824416,0.006818239475072926,0.0068224659128719245,0.006826712287852232,0.006830008989635578,0.0068313366782979815,0.006831139531224177,0.0068356503193299735,0.00682407021704213,0.006806301332208625,0.006784937563737124,0.0067607135551789165,0.006736074376296797,0.006712103023983692,0.006689057874631647,0.006668699606827291,0.006651733531171925,0.006638266791912045,0.006628150138246057,0.006621023367763712,0.006615303864398643,0.006613372199709428,0.0066127002173999435,0.006612977704515874,0.006613535684345303,0.006610533346008543,0.006202494067969112,0.006173892389693284,0.006193310840582249,0.006210616810084675,0.006218049840157192,0.006205884155163515,0.006237218392604962,0.00621108449218497,0.006182142514320951,0.006154657809492907,0.006130023625147896,0.0061082025959673485,0.006087999942115552,0.00606716928013236,0.00605425658574213,0.006043141987305034,0.006033748235108568,0.006025987410230203,0.006019766642806929,0.006014999588878259,0.00601160744927433,0.006009517608158597,0.0060086671923736835,0.006009000658825242,0.006010469285635182,0.006013006619560703,0.006016508052684146,0.006020858645745857,0.00602595758193334,0.006031757412034824,0.0060382696827454155,0.006043720262892078,0.006051285409950086,0.006060730725041477,0.00607202170260259,0.006084996009947834,0.006099382527224559,0.0061151851829833095,0.006131111778607178,0.0061507653571546105,0.00616992023785622,0.006188636655846884,0.0062069682486020905,0.006224957075524507,0.006242640609346523,0.0062604629536580185,0.006278799011761604,0.006297796815444448,0.006317531047956559,0.0063061795304518815,0.0063216259369847485,0.006339317687630767,0.006350918749337799,0.006362827779079566,0.006404810201297934,0.006435907027244433,0.006463845392637133,0.006490843580178451,0.006518605573263404,0.0065479025075269445,0.006579085154726139,0.006612007580484325,0.0066462856316146434,0.006680979418338865,0.006710536567086273,0.0067425906724658214,0.006774202451914015,0.006804200321992441,0.006819387160432612,0.006852918716000732,0.006838376232383056,0.006825332447938536,0.00681371748820889,0.006803442867652765,0.00673048584307748,0.0067105787607276085,0.006703856738134124,0.006715467079349642,0.006724961504008105,0.006734843474272091,0.006745573642640612,0.006756728441531478,0.0067693868221721295,0.006784137657184359,0.006801208812568709,0.006820697259881864,0.006842600403620437,0.006866840252059346,0.006892929996886515,0.00692009662878564,0.006945453801932378,0.00697275824236418,0.0069983852581910165,0.007022288346589906,0.007042043662577635,0.0070675284400202746,0.007036017012791281,0.006958661878246682,0.0069334129309440605,0.006915047982432539,0.006902452300543269,0.006899692512583731,0.006896325587372538,0.006895123271110399,0.006896662125938827,0.006900924397908977,0.006907932974601454,0.0069174366297959245,0.006929021862773083,0.0069429339926768445,0.006959164079476649,0.006977511340138251,0.0069976960656320045,0.007019386838902332,0.007042161282848939,0.007063514520228391,0.007086147878299487,0.007107274343539728,0.007126942243803936,0.007145175280438279,0.007162171502785194,0.0071776102635616535,0.00719216909803228,0.007205592670531536,0.007217746720704304,0.007228621783883394,0.0072384943347003055,0.007247620449136614,0.007256240117779414,0.007264517154084147,0.007272572087000538,0.00728054387054599,0.007288498276992859,0.0072965083520629,0.007304613680595491,0.007312811220132859,0.007321211552043316,0.007329776233538113,0.00733822036893482,0.0073457753062302865,0.007353213021740623,0.007358099393976331,0.007360415435675281,0.007359622491267854,0.007354792200286997,0.007253297345578733,0.007239190704660408,0.007234483060440696,0.007232377123327034,0.007233783036096273,0.007230435104678276,0.0072249612873975235,0.007218337089311825,0.007211011390063638,0.00720370671878923,0.007196865156152515,0.0071906760382585,0.007185380136449045,0.00718109697205838,0.007177848924082433,0.007175601496831441,0.007174257664629216,0.0071735168717596606,0.007170925450088426,0.007169454795195128,0.007166715892398373,0.007162728871986964,0.007157191481628922,0.007148625369262194,0.006406669078519182,0.006333643580426618,0.006336557001886719,0.006352609886798729,0.006357087037651832,0.006369406813907917,0.006389244978582389,0.006411895709845903,0.006433725040065116,0.006453816112203111,0.0064725960247390395,0.006488391083875666,0.006492718334636846,0.006517835301948269,0.006482378261714843,0.006449875091198297,0.0064201747584659834,0.006393130083164713,0.006368597091368987,0.006346439754714485,0.006326529904227202,0.006308750677839355,0.0062929961383653,0.006279440586251706,0.0062696338426868675,0.006262658142017219,0.006229459017219912,0.006219290409662206,0.006218109326147125,0.00622392584719107,0.00623566930770348,0.006251427664691487,0.00627033631423872,0.0062914715988466865,0.0063142149767771725,0.0063380901929658146,0.006362777986842517,0.006388034920915055,0.006413620062719778,0.00643925705061104,0.006464073430514656,0.006145419717586643,0.006192684385180142,0.0061950799600324815,0.006197895018223998,0.0062012740186879545,0.006205688899388719,0.006211151467023239,0.006208440932017575,0.006218089430919079,0.006231974301462962,0.006248636145894737,0.006266823539372904,0.0062900677397278275,0.006317365328351476,0.006341850359097517,0.006366350363613827,0.006392043677392418,0.006419196496685504,0.006447789770602891,0.006477640967884011,0.006508462921863292,0.006538976254665455,0.0065703435655746255,0.0066001076890162295,0.006627965829806447,0.006651668135979931,0.006679317644690788,0.006652295568079831,0.006627590144726633,0.00660515123211258,0.00658768583305903,0.006576483089758101,0.00657034728302267,0.006566561843698167,0.00656440492849787,0.006563291110758026,0.0065603851065574315,0.006559104983412848,0.006559464644206138,0.006561610968973113,0.006565915470034956,0.006572397876540978,0.0065808312980740686,0.006591198450279341,0.006603362662461809,0.006617089259497785,0.006631470938075544,0.0066448982814954404,0.006652692379780249,0.006667223195572312,0.0066689705490606144,0.006670750540574704,0.006672631513843519,0.006674680564173096,0.00667697269540729,0.00544235048721784,0.005539609806409287,0.005631249495636555,0.00571696471827699,0.005796008767288743,0.005870609710686577,0.005942138206768895,0.006011227372990278,0.006078169780354256,0.006142746946958667,0.006204696597137238,0.006263604747187952,0.006320108938349372,0.00637464352870019,0.006427444769492786,0.006478913187424272,0.006529291402639595,0.0065787326433380386,0.006626543369171165,0.006671956389668451,0.006714099676886923,0.0067521300865738525,0.006784804463584043,0.006810060427591925,0.006824251083989413,0.006822793654654597,0.006813283294578664,0.006808127633425823,0.006807536769024486,0.006810788397647053,0.0068173816868958275,0.00682688352924703,0.0068388212454572,0.00685275068482409,0.00686821615020881,0.006884662921058056,0.0069024899123986076,0.006921900679535017,0.006942927954312815,0.0069655045162793664,0.006989469903175456,0.007014598162628662,0.007040314663682401,0.007065643148637567,0.007085113121108572,0.0071070723767758396,0.007128119454614919,0.007147830361562661,0.007165806284093068,0.00718141527941991,0.007196634288750792,0.00721315549184851,0.007212695730432045,0.007211967599515985,0.007211178579838854,0.007210273350511689,0.007209041254794694,0.007208200024451693,0.007208163043576086,0.007209134117955227,0.007211153692865709,0.007214213517646717,0.0072182720650156955,0.007222883728350276,0.007227062801402297,0.007225573730342366,0.007225639895021525,0.0072243153878006625,0.007221550181224369,0.007216742886538767,0.00720617846827675,0.007204139048936169,0.007001858058134563,0.006939913718170131,0.006891128775912857,0.006856549301097959,0.006817354904419081,0.006783616592426599,0.006755148403621543,0.006731696740601413,0.006712721164848644,0.006698269477416822,0.006688146652643447,0.006682068518124427,0.00667964893928365,0.006680523246492417,0.006684332146612688,0.006690734965046767,0.006699385129081502,0.006709932264226088,0.006721125075390641,0.006733620485752407,0.0067445868227441015,0.0067537546905506365,0.006759767403814497,0.006661074990230047,0.006620886347766557,0.006628468030506352,0.006639297486819711,0.006653269104014849,0.00665994530939988,0.006665028648347018,0.006669476075062838,0.006673610244675995,0.00667754055590773,0.006681300264436016,0.006684877328091466,0.006688206626189044,0.006691803149689413,0.006695960085275508,0.00670079085423202,0.006706332690297766,0.006712505457175437,0.006719160641033224,0.0067261964661983345,0.006732997801638415,0.00674023396925799,0.00674546761302126,0.00674891130312827,0.006750738765064038,0.006751119916916288,0.006750176751607253,0.006747835286375389,0.006744246643846003,0.006740455865315109,0.006721532049825697,0.006703029655810354,0.006685754939204811,0.006669875048358396,0.006655498888891403,0.006642702880201627,0.0066314790760987705,0.006621784663813451,0.006613536407647471,0.006606592849632084,0.0066010256033535416,0.0065964745309857725,0.006530111259754306,0.0064711321488866245,0.006376824178129476,0.006336641786259121,0.006279675262428447,0.006227341298366116,0.006179354563793802,0.00418966356333137,0.0042620873194988106,0.004334519240269136,0.004405960268528617,0.004478971672161614,0.004537401643680111,0.004593171089056769,0.0046473302652326135,0.004700028035374061,0.004751199065976536,0.004800606182229379,0.004847834447959731,0.004893481057461683,0.004937613463634693,0.004977499112380097,0.005018679872126742,0.005054195856585327,0.005097059934880486,0.005111703667605174,0.005126071701905701,0.005140224500180473,0.005154217526966224,0.00516810302896737,0.00518193277326823,0.005196466277172254,0.00520329747407864,0.005218622468482198,0.005237897146267503,0.005259873503072496,0.005285428007793291,0.005314974932702632,0.005317723850833605,0.00532195993032292,0.005329766469468406,0.005341392962088812,0.005356666361341145,0.005375247554021794,0.005396796709774746,0.005420893018985376,0.005446416260538338,0.005473929395502649,0.005501249775867182,0.005527818214581436,0.00554787043063178,0.005574920810686908,0.005563866381715342,0.00555422628736407,0.005545933856602465,0.005538914372539555,0.005521977985883628,0.005518917188226252,0.005522342026430219,0.005530486005749489,0.005537703036007172,0.0055477997429367034,0.005560705204905928,0.005576174213640712,0.005593950344779169,0.005613656813067976,0.005634768381612957,0.00565599541962393,0.005663743809971672,0.005674079117546395,0.005682893958403746,0.005698591028631662,0.005681416071350608,0.005666004142320704,0.00565227376284599,0.005640695483538299,0.0056319590867019605,0.0056259318515484375,0.005622560501031057,0.0056214178167519994,0.0056169820768929846,0.00562099534979612,0.005630341588958122,0.00564370228919538,0.0056599315113034995,0.005678458466112469,0.005698902552200187,0.0057207506082035476,0.005743559575175213,0.005766952897541889,0.0057903163239947176,0.005810727035458546,0.00578066394523784,0.005809597712795318,0.005801460426224954,0.005795121234226397,0.005790339967562263,0.0057870699725252415,0.005785337114613772,0.005785285864159467,0.005786573716028945,0.005789628959836038,0.0057946234161912425,0.00560905975693402,0.005618557251550933,0.005640317675871909,0.005666376751570239,0.005693267211686268,0.005723242183931342,0.005756467774019555,0.0057913680637655075,0.005827237391581258,0.005863310723055366,0.005899048452696466,0.005934978616927637,0.005970697055526577,0.006005936516491752,0.006040305698922856,0.0060734063548164696,0.006106539271065991,0.00609489017961105,0.006084504447433758,0.006075342085897466,0.006068797904740907,0.004913146293473088,0.005003901843500693,0.004952565687534705,0.005044750390797401,0.0051305277979827035,0.005215998944952839,0.00530004625165131,0.005381481274301116,0.005461311408992781,0.005542535964770984,0.005600468637590586,0.005650828554965426,0.005696687778381105,0.005738546236181006,0.005775145668401904,0.005805728113127877,0.005840004573389145,0.005872046555102981,0.005902036508340854,0.005930137639913298,0.005956501538953058,0.005981281151860422,0.005130282346678644,0.005221168453791555,0.005164438915262116,0.005256275065948906,0.005203525698091737,0.00522041608901429,0.005313651872875933,0.005401475169608537,0.005484056917802403,0.005561489413223109,0.005633745451589888,0.0057011484347489405,0.0057639360143221,0.005820642789413877,0.005873632439524063,0.005924466110806523,0.005974897362506568,0.005534837354910045,0.005547012167527005,0.005565242771716211,0.0055874502470704916,0.005612451248824978,0.005643836978147553,0.005683750351840525,0.005753614025378633,0.005950381213072825,0.005961418508012578,0.006000462368567267,0.006012949219439607,0.006052996932879724,0.0060653629032891435,0.006079856699684691,0.006094120633212329,0.006107774643505286,0.0061205187183917,0.006132781205889673,0.006233928965237036,0.006328441693240991,0.006416780054997693,0.0061774199833968335,0.006189463433091801,0.006204828951767411,0.00635084667124889,0.006376863301127613,0.006403375404331564,0.006430353553030042,0.006467573207186309,0.00650828853926457,0.0065525322382512345,0.006600715627463507,0.006657437782724326,0.006731434897574356,0.006917587109421854,0.0069417914372876454,0.0069868416137227945,0.007010644764150491,0.007051049230411329,0.007103632852791134,0.0071090550510197964,0.007120604867775632,0.007126389708413464,0.007233919907419199,0.007333984173090802,0.007349266449513276,0.007447016563997245,0.0075312806176138555,0.007168751284748379,0.007256444212047096,0.0073863016781731934,0.007406342725576728,0.007446301239459552,0.007468021520443635,0.007507317473573299,0.007535574313370324,0.007563972077925315,0.007592126200307074,0.0076203510445927896,0.007729183487129424,0.007835829171377403,0.007934562164301648,0.008009346089796289,0.008101694557591976,0.008184481131879294,0.008261188549313972,0.008332837476509846,0.008399714090472299,0.008463207345825431,0.008524220962197068,0.008583213265572256,0.008641448342833064,0.008699722281801107,0.008758547382772965,0.00881770594902007,0.008876782833360918,0.008934783616561411,0.008960297490366335,0.008989045263120589,0.009016538343075812,0.009026283102611474,0.009060402214426834,0.009041170031045797,0.00873683898652655,0.008733034627560634,0.008739966463363232,0.008752677024065873,0.00876831662124463,0.008786980220296156,0.008808417775010156,0.008832256743078103,0.008858033030951975,0.008885548900882573,0.008914516671700255,0.00894458111432164,0.008975786645113774,0.009008094908006753,0.009041360932402456,0.00907535801487512,0.009109832847599957,0.00914452157140391,0.009179206447531707,0.009213668301139252,0.009247682324204134,0.009280966948348448,0.009312772167151595,0.009340231757758137,0.009357603686340818,0.0093753296012297,0.00938918512056626,0.00940003040412203,0.009378021589759034,0.009354530123195506,0.009330928773400547,0.009307764676066636,0.009285287026867367,0.009263908282328344,0.009243823922840596,0.009225097427704082,0.009207866408009836,0.009192209350867413,0.009178121585893255,0.009165537360977916,0.009154342811103774,0.009144383468629197,0.009135429902901088,0.009127030030439003,0.009118196940462725,0.009108660294022455,0.00909760001744752,0.00907375968220554,0.00905259293354687,0.009030655908433372,0.009008158508090898,0.008985172290266989,0.0089621707178912,0.008935478182319642,0.008906995756564133,0.008877417935497567,0.008847067007774604,0.008817267289428223,0.008788714423475561,0.008761764588098776,0.008736488760284943,0.008712930198470227,0.00869106377408397,0.008670643051405306,0.008651255989275535,0.008632137458509244,0.008612538847216973,0.008590463563546412,0.008543623297706292,0.008501916762023153,0.008462442511215359,0.008423492776001953,0.008381655670391617,0.008319457393552958,0.008292235973127485,0.008218470609529288,0.008129914986490622,0.008039251964305253,0.007952312210315133,0.007870624053114022,0.007794401987538125,0.0077239159491476065,0.0076593025646553535,0.007600667595600037,0.007547748090319406,0.007500103463259205,0.007457258989755596,0.007418691044746401,0.007383451171394687,0.007349658218828312,0.007026820943656067,0.007016024481124891,0.007002780802996647,0.006991442753350849,0.006981885777375525,0.006973993804971935,0.006967660809399294,0.006962748554974988,0.006911729849583814,0.006916814270396753,0.006918015787899133,0.006923217325145197,0.006932920792434356,0.006946958669661833,0.006964722008161839,0.006986290680804711,0.00701156336327427,0.007040320035341476,0.0070723128426971055,0.007107221094933768,0.007144675160463462,0.007184279672260963,0.007225567330066967,0.007267847582930485,0.007310488429812956,0.007352539444025111,0.007392289594985234,0.007428732430734182,0.007455405498785626,0.007483573214053041,0.007509036422460458,0.007530349505166853,0.00754638289898237,0.0075551918479028375,0.007561372287307026,0.007587393956517953,0.0075665269377047815,0.007535447527823415,0.007501717917111569,0.007469025314453265,0.007438621906811308,0.007410660807852365,0.0073848011680554375,0.00736020988779229,0.007335519381014968,0.007309270458796555,0.0071565179510979515,0.007132143923880372,0.007106491864007716,0.007083276702398147,0.007062350747771612,0.007043576797976137,0.007026827527318632,0.00701198466556238,0.00699893455362335,0.006906578896367023,0.006881515699189455,0.0068705292796819,0.006882035948534665,0.006890931457557967,0.006900002839250712,0.006909633775686865,0.0069195093142145545,0.00693101924717903,0.006944719551136081,0.00696065579743734,0.0069793019473010824,0.007000884764841125,0.007025446114843246,0.00705184386331175,0.007070838172445737,0.007093156216054039,0.007115259867968424,0.00712812681301871,0.006378667418815533,0.006449218031628829,0.0063330279668648345,0.006369152059305623,0.005986002914492293,0.00604115237959145,0.00609851525859923,0.006156714384392221,0.006215221016644208,0.006277092103421622,0.0063285289766008565,0.0063786755060051105,0.00642856382471808,0.006477641862447641,0.00652496104904824,0.0065692170172836515,0.0066105489352956135,0.006647250881154304,0.006660567640050066,0.006663802623992851,0.006691555441185776,0.006697641595513786,0.006703858531603381,0.0067102312640130645,0.006716784918506417,0.00672353746956785,0.005451392945231135,0.0055551907904264584,0.005498786563151202,0.0056029470723585086,0.0057067999326254094,0.005809630707298761,0.005910820513989762,0.00601012827108608,0.006106825784873045,0.006201349438625596,0.006293770840624547,0.006384185499218348,0.00647264584450618,0.006559188554291968,0.0066438436573802015,0.00672665354382779,0.006807609399084194,0.006886611795028513,0.006919795279693292,0.006956095201244787,0.006992114499422436,0.006005854194715894,0.006103599897426087,0.006161998242748674,0.006217068258408835,0.006270259009844363,0.0055937862863898544,0.005695856846106669,0.005797710993020148,0.005898481495903343,0.005997513624394935,0.006095603929852223,0.006188015876389966,0.006277278087710281,0.006364037815419788,0.0064488003799197105,0.006531822072438293,0.006613246166784568,0.006693102961510227,0.006771417102956859,0.006848158085730721,0.006922952645866298,0.006994752179202663,0.0070472653350323496,0.00709976449950573,0.007148477300416954,0.007189347451262574,0.007237015352925847,0.007223369959597405,0.007210842291645495,0.007199399589842169,0.007168729839939312,0.00715136607924855,0.007140042982858758,0.007130001763603623,0.00714375712409067,0.007147296389166256,0.007149226790553923,0.0071509056390833894,0.0071528206804902135,0.00715488354068651,0.0071564309169959706,0.0071591491765152565,0.0071639523236422765,0.007171364035370789,0.007173843831011989,0.007180456347657028,0.007169419263603987,0.007186572556989931,0.007171469108136213,0.007157561683108251,0.0071448148095438835,0.0071331978617865215,0.007122690204129207,0.00711330211465879,0.00567813116382736,0.005779907365376579,0.005876412851013976,0.005967781956303896,0.00605100495630731,0.006136787170142032,0.006210576841168573,0.006276296504351665,0.006338595579832372,0.0063984086161741425,0.0064560453544893655,0.006512113456528579,0.00656693653188403,0.006620633572184455,0.0066717949094414865,0.006711097126961895,0.006756487184827669,0.0067985201418299945,0.006837444754828038,0.006873495590429769,0.006906892194355161,0.006937840966496292,0.006966537530647687,0.006993359873066676,0.0070115013070316074,0.00703748871293655,0.007066932635548187,0.007103896885296441,0.007139512455351207,0.007175764001874922,0.007213099541910895,0.0072516109306104545,0.007291214778405897,0.007331784294419357,0.007373174563346848,0.00741529616793862,0.007458051900408468,0.007501275246946627,0.00754460744301075,0.007587555591947297,0.007629354425996855,0.007669762015317823,0.0077084025276563375,0.007744542173731719,0.007776466710984672,0.007775987985052767,0.007778877467353895,0.007781269701871607,0.007781928327077071,0.007774630748474504,0.007781295214729309,0.007721653124761635,0.007665001473033388,0.007613480083865606,0.007567506500768977,0.007526995103941025,0.007491458299824215,0.007460317311044326,0.007432969895810276,0.007409424299695046,0.007389624082512516,0.007373447296630698,0.007360670148060377,0.007351005156179235,0.007344107430553393,0.007339832982389442,0.007338013010408431,0.007338445613995404,0.007340791012167379,0.007344655111286129,0.007349517026877695,0.007354593470121688,0.007354579673770365,0.007357728711848392,0.0073606320190750555,0.007363128110542229,0.00736544909174537,0.00736761305536669,0.007369351665080754,0.0073701190661230685,0.007370749810139507,0.00737169431194786,0.007373197514142926,0.00737535607152669,0.0073782409657227235,0.007381828789799278,0.007386035264394628,0.007390737700153234,0.007395760535536141,0.007401252680577649,0.007407152467601488,0.007413275682466133,0.007419549059576597,0.007425791939598055,0.00743159293089372,0.007436392155483373,0.0074389430463098595,0.007435605258453071,0.007421687883652825,0.007389162442548882,0.007352341800869448,0.007310179031359389,0.007260665803929837,0.007207355523344306,0.007154459076541906,0.007103422409148394,0.0070545777084050415,0.007008622506628059,0.006961475473417487,0.006922068573290105,0.006887293095118744,0.006855752202916937,0.0067923119316382315,0.0067740095407612996,0.0067245835286945665,0.006678981637492656,0.006636990197833018,0.006212212895831974,0.006202147510036141,0.0059921303056392535,0.005969946743751099,0.005969217123382649,0.005976465109756462,0.005987731541939987,0.006003608056428466,0.00602318814444776,0.006045889398274747,0.0060696345467857495,0.006093868276405642,0.006117770494534283,0.006142312604291705,0.0061662662354078895,0.006184124087704163,0.006214446287816943,0.006204490719154472,0.006195858062340963,0.006188487248874043,0.006182320113006174,0.006177305188020969,0.006173399350606233,0.006170556862917458,0.006168733155145849,0.006167886287157511,0.006167983482237446,0.006169493887628101,0.006173380038885954,0.006178772710228214,0.006185237191016649,0.006192338251530109,0.006197974415578445,0.006204753302514233,0.0062127825011400895,0.00622267255267768,0.006234532090841923,0.006248076108288133,0.006263164027941822,0.006279436939362072,0.006296387435856014,0.006313179767386516,0.006328698453006201,0.006342077424987678,0.006354804330273702,0.006372841690335709,0.006397283879795392,0.006426878675887717,0.006461764523787752,0.006494392342368962,0.005643861490653281,0.005739394558928254,0.005828774502748796,0.005912259003509494,0.005990195598653284,0.006062876864310947,0.00612825899983521,0.006190039000118118,0.006249064112669587,0.006305926478544963,0.006360653837559883,0.006413376873477287,0.006464568620957431,0.006496942532171426,0.006550235309255153,0.0065960561685333464,0.006638387345135621,0.006677505701328947,0.006713669807065161,0.005911652780623748,0.006006347778603284,0.005932659966016517,0.005942047204626882,0.005951992472258948,0.005962665814345166,0.006060438043341051,0.0061522723666610915,0.006238178292145277,0.006317744460488809,0.006397900694245194,0.0064690813212848735,0.006532822195281975,0.006590909289060234,0.006643513455930284,0.006691351837240864,0.006736189728473967,0.006780590291240587,0.006825265900335919,0.00686985755181857,0.006914715851635587,0.006959200307023254,0.007001808053816403,0.007044078444980555,0.007093007991839144,0.006393319027833544,0.00639947070486657,0.006406617362946504,0.006415871102038299,0.006695088943394986,0.0066989806490654275,0.006705209443799213,0.006711054963932578,0.006715333386066631,0.0068169401793860985,0.006911278843552435,0.006998716687301127,0.007076503944976028,0.007149321757723965,0.007218729783299796,0.007285587948208338,0.007350935906596389,0.0069129694738617985,0.006913005404255425,0.00706384078695623,0.0070627644525969105,0.00709442058978183,0.007094401660032126,0.00712651139717654,0.007127874821181059,0.007160353029972414,0.0071656574479020945,0.0071981007445869214,0.0073300669631820815,0.007424840458643948,0.007524798012928398,0.007624962149706842,0.0077236887925133425,0.00781963638822643,0.007915888291597983,0.007988607365765597,0.00804990755296371,0.008105807918061798,0.008158634652147128,0.008209482202055845,0.008258641561881623,0.008302798477779144,0.008349192522898986,0.008394019609440292,0.008432336467868909,0.00847962948144849,0.008476622074349181,0.008472805908167501,0.008468287151030306,0.008463164951769336,0.008457534314127487,0.0084514946430108,0.006925703265245765,0.0070312485896299,0.006985747675635734,0.007005697156613438,0.007111411433417224,0.0072017785305581285,0.007298334678204117,0.0073953043113425205,0.007465510785448736,0.007528041107299972,0.007587570102117659,0.007644307434687317,0.00769913705395142,0.007752020921437874,0.0078021585040991635,0.00784997353544468,0.007903613962753115,0.0079527662888753,0.007153336214343124,0.007153975461041074,0.007160373465017198,0.0074651225935873184,0.00748007315552641,0.007496485022452599,0.007823687887522003,0.007823055299824608,0.007817857433499397,0.007923146801100593,0.008013909364533155,0.008111685687372389,0.008189927638974057,0.008259080221456258,0.008323040954827391,0.008383030899079538,0.008439502433429792,0.008492571414121351,0.008543283289937822,0.008592010692728962,0.008638195706592201,0.008656531862414097,0.008703906123197899,0.0087439600766758,0.00877962681098566,0.00881127095201099,0.0077702771552495605,0.00775985400064643,0.007750410387605963,0.0077420754331298264,0.008025326906944182,0.00812858005928676,0.008223948408963637,0.00811841027954235,0.008206297722029965,0.008301636924374049,0.008399666143317764,0.008487739755837258,0.008567193270925613,0.008639456938355298,0.008703423318113041,0.008756800873100587,0.008801170444444091,0.008835494153106936,0.008852284653653987,0.008880292370807752,0.00890480634104458,0.00892610743948258,0.008944461272429203,0.008960122173947102,0.007671734179821209,0.008004086764376911,0.007999112346218152,0.008024832600043719,0.008246482773202841,0.008344440708293334,0.008442746689057905,0.008538058222365062,0.008616099359516053,0.00869165100967898,0.008765016322241978,0.008839905504679802,0.008908879564339821,0.008945289042568078,0.009039081751072835,0.009071822901758092,0.009100583819402692,0.009125751662856093,0.008220935689206817,0.008421060484683716,0.00843687348272743,0.008452971706414465,0.008469347068329688,0.008485998421791756,0.008502934805145395,0.008520165178113706,0.008537699517478499,0.008555522069430797,0.008573616821269659,0.008672491963280163,0.008773146125810464,0.008863877714015166,0.008919049973826637,0.008991672096213873,0.00907454169283515,0.00915945616723301,0.009243689954635183,0.009323749678624817,0.009393579163114063,0.00946116107385019,0.00941432479981922,0.009508462670583131,0.009529130049332691,0.008225648961076922,0.00852280131187389,0.008758573895489738,0.008774304851019448,0.008790134167817472,0.008806085025079069,0.008809824185827566,0.008839684282560802,0.008845551261498571,0.00887562552810329,0.008859357865594662,0.008969202889759508,0.0090703891528759,0.00916216747031713,0.009255254814281435,0.009332749694276679,0.009397686708385792,0.009455077534396492,0.009507110263565214,0.009554781714587273,0.009598851604144438,0.00964128760393098,0.009683007082311457,0.009724311277863716,0.009763714026026517,0.00979847436471165,0.009823128966428512,0.009858725630003224,0.009889451741162673,0.009915679060245458,0.00993775672345379,0.009956012697259181,0.009970755248737839,0.009982273348358392,0.009676900895320901,0.009693346101794316,0.009724677219510735,0.009763068658411166,0.009802029111223761,0.009841967061648398,0.00988291208976223,0.009924770001504197,0.009967776212695604,0.010011875722983442,0.010056879281280465,0.010102547842676108,0.010148583275408695,0.01019452130130869,0.010239821358003129,0.010283721817337492,0.010325055956280723,0.010363640992545428,0.010398720917157663,0.010428233707602767,0.010449299513520626,0.01044084416393074,0.010435564831273926,0.01042708262389476,0.01041071694930851,0.010347397867190954,0.01025303095301784,0.010257618446755863,0.010212162563024933,0.010145993745097795,0.010069045831346343,0.009986155717534065,0.009902848274249337,0.00982156222067088,0.009743305550824784,0.009670143237131426,0.009603142897129689,0.009542760153836078,0.009486819592920762,0.009432507402816875,0.00937648177095805,0.009318968241552051,0.009258764718795255,0.009190715801594035,0.00913636517448247,0.009084947461802956,0.009036327654278814,0.008990386721360792,0.008946995156076007,0.00890599652725095,0.00882888374715969,0.008800372924880263,0.00876984479570703,0.008740849760003796,0.008715268022578604,0.008693649144284058,0.008676185444971935,0.008662857180754643,0.00865348209233213,0.008648491822822228,0.008648078036283782,0.008652230035403401,0.008660321127040337,0.008671656179283883,0.008685426501409238,0.008700588156300012,0.008715313459999291,0.008720679216400731,0.008730878101379834,0.008741707198960239,0.008752742058588428,0.008761983027998578,0.00874590560849036,0.008751772430375056,0.00876090725828442,0.008776983748880873,0.008787694034764574,0.008795488403546076,0.008800954725428026,0.0088041072841671,0.00880653170854242,0.00880908022488582,0.008812218900720852,0.008816198270675304,0.008821052024571263,0.008826561539172778,0.008832727204765287,0.008839464092229488,0.008846610088384107,0.00885298057625454,0.008855648993789742,0.008829037863680281,0.00880631853966322,0.008780949137799718,0.008684563987619106,0.0086776317402687,0.008605464480899107,0.00848614190595571,0.008411428156942393,0.008366122085825784,0.008325347304693418,0.008289518591959122,0.00825812513467797,0.008230189211993985,0.008205540323192899,0.008183865066030412,0.008164750898147177,0.00814894216172925,0.00813679128701907,0.008128344149891435,0.008122872973823927,0.008119162213263345,0.008110383990232008,0.008106877295777061,0.008104219378035788,0.008099930869630874,0.008021581216717045,0.008034253390360116,0.007995637285222464,0.007959798493576174,0.007926571553062488,0.007829650739793234,0.007781559368714187,0.007769832128332559,0.0077582486562119855,0.00774920240382985,0.0077428496013100855,0.007738793959424866,0.007736652573626107,0.007735960755544586,0.007736229551004226,0.007738776926268835,0.0077443521867712,0.007753312914009869,0.007765164741934278,0.007779306416482466,0.007794929056192876,0.0078107912351750245,0.007824321860116723,0.007815933422234394,0.007813637449045712,0.007813848438490091,0.007812254561686775,0.00778092802366148,0.0077941054812383235,0.007764517262870578,0.007626805458076803,0.007612349232515603,0.007597263679023522,0.007583677510899734,0.007572176191775719,0.007562886568050789,0.007556279636082657,0.007552467678237169,0.007551326431923616,0.007553570902943078,0.007559543040128125,0.007569319616714659,0.007581872156392906,0.0075959937708282455,0.007610240493969614,0.007624456417744206,0.007638262628420202,0.007650715046905661,0.007653008307246147,0.007660056503829578,0.007666045226983177,0.0076444618051527136,0.00766342862415645,0.007583641625357798,0.0075405141069656775,0.007530438683533494,0.007520627213195477,0.007512523016498404,0.007505771714140043,0.007499596076307693,0.007495100095223556,0.007492801512596644,0.007492877321844972,0.0074960696346963755,0.007502698623607188,0.007512795663063845,0.0075255168178732755,0.007539696993888759,0.007553158467983188,0.007556534553968015,0.007564120105329193,0.007570679021652657,0.0075618591671044256,0.0075786098963077884,0.007549249263083778,0.007522084821651659,0.007497004807055861,0.007473860719554771,0.007452483490047576,0.007386379662062351,0.007375685032479358,0.007364772017624885,0.007354957170700834,0.007346702817423894,0.007340590248163398,0.007336747655144145,0.007334981136777506,0.007336372110869091,0.007341444274063481,0.007350422485638103,0.007362067519777022,0.007374120112101246,0.007373097888708603,0.007376286635605057,0.007370973428170345,0.007386956146222822,0.007370615151553728,0.007355662560536399,0.007342043848232573,0.007329706111177295,0.0073185855953057455,0.007206619425883417,0.007179649316499238,0.007169909136715732,0.0071835753413456065,0.007194289430893285,0.007205450151186066,0.007217626545765011,0.007231086700294434,0.007245764053880301,0.007261343498352195,0.007278318139129412,0.00729675660397901,0.007316425680650937,0.007335342965858271,0.0073326694103882355,0.007333275058491575,0.007281953490016218,0.007298617409645214,0.007285047003674144,0.00727271813299099,0.007261583323589928,0.007251598692808748,0.007242724460808933,0.007234913922795275,0.007228085600034021,0.007222145924400885,0.0072161761788451465,0.007217049650297906,0.007215805107130564,0.007213661873891703,0.007212234294377604,0.007212531062617814,0.0072148402860937105,0.0072188723208694615,0.007225172724990159,0.0072339079228063135,0.007244902168521403,0.007257730541507635,0.0072719482528884405,0.00728700120622388,0.007300727788333957,0.007310172882872033,0.007291761529186321,0.007300947879929002,0.007301194744373986,0.007301645105743192,0.007302300256267976,0.007303149820595157,0.007218620386477907,0.00720204925671979,0.00721918781899615,0.007224182559897683,0.0072282684455084005,0.007232252328447281,0.007236026498838686,0.007241163629039071,0.007248180539827076,0.007257059790731294,0.0072681695245703955,0.007281265397096577,0.007286616502152257,0.007291357563166759,0.007311909004762935,0.0073128626711825755,0.007313876687496566,0.007314981294350461,0.0073162058570304086,0.007317577413263271,0.0073191216521332194,0.007320863455647896,0.0073228224883047,0.0073250132658089,0.007176556136579978,0.007175057910822199,0.007186680603367452,0.007213715177807755,0.007229909797914342,0.007242338864292288,0.00725063237289576,0.007257300832117741,0.007263873610194922,0.007270802950308541,0.007279947942015803,0.007292097251829084,0.007307258111114682,0.007324329806257916,0.007332937760290041,0.007347080006267201,0.007370594368767818,0.007376005846497451,0.007381197838380147,0.007386215240114562,0.007391103250910037,0.00739590901432645,0.007400698245907451,0.006008454559848201,0.006029065686594439,0.006137817780347705,0.006240670563336119,0.0063375288019926306,0.006428618237226847,0.006514243421023956,0.006594685778977508,0.006668241236865782,0.00673673080651692,0.0068056746990884254,0.006871216911074919,0.006251405819724457,0.006360639328704641,0.006296636143335816,0.006469687588837255,0.006484577668802855,0.00653089448256487,0.006561518476226949,0.0065919953924723825,0.0066223297313690475,0.0066525321425042515,0.006682585703529808,0.006712501551136138,0.006822521453788682,0.006933221320867749,0.007043104946320316,0.007151480007384453,0.007257795518134997,0.007361758726378581,0.007463073758288118,0.00756138509060111,0.007656290608900174,0.007747314684823928,0.007834779915820551,0.007918011223737063,0.007994002374636051,0.008073947933814432,0.00809015025487443,0.006766373985719264,0.0067817402694079565,0.0070696909409242534,0.0070781849418261765,0.007119546781230578,0.007128281682692133,0.00716989260108096,0.007179440822565981,0.007221197821807877,0.0073336087934479524,0.00743018879987891,0.007530078111219841,0.0076299263429705465,0.007732443650394413,0.007835605019048278,0.007933903157474081,0.008030281894850467,0.00812508234936446,0.008218399652768207,0.00831024528501163,0.008400620096461817,0.008489396534994849,0.008575545483758365,0.008660236159050176,0.00874018261381204,0.00881540545776745,0.0088846707339795,0.008928773319314149,0.008992822483235652,0.008971304808250036,0.007097422188532177,0.0074975512004013,0.0075110181864919984,0.007622479305626746,0.00771765312175162,0.007818188236584584,0.007920396896217182,0.008023511194253376,0.008115919457095631,0.008202577915464023,0.008284219241292395,0.008361480775855542,0.008434048506448927,0.00850081929097131,0.00856366516548315,0.008623024078386657,0.008668543659632249,0.008715191696399236,0.008717786429904385,0.008772651034258677,0.008780928979533769,0.008787856257768515,0.008793561609136908,0.00879816980782048,0.007271997996323279,0.007665527904123572,0.008010061205693383,0.008119148829663065,0.008213854385407797,0.008313538339513237,0.008414759877836365,0.00851271494573931,0.008608133296965052,0.008701165281422882,0.008791722917221757,0.008880202518481291,0.008966796861610551,0.009051578066472452,0.009134853416712786,0.009216776544053878,0.009297354715359158,0.009376185026609238,0.009452683280488256,0.009525887626409886,0.009594281412191544,0.009654064370344039,0.009672222757493161,0.009692737075187965,0.009708315974074408,0.009697850249639199,0.009723259774335797,0.00915022701035759,0.009122838976904456,0.009110474004450255,0.009110086411164748,0.009112386435499862,0.009118221934555925,0.009127383692557006,0.009139303680252307,0.009154010661746842,0.009171330309214411,0.009190936167233935,0.009212972718589797,0.009237357402672442,0.00926383123565346,0.009292183290746674,0.009322162628728927,0.009353494414069194,0.009385869952547733,0.00941899767345377,0.009452602447499113,0.009486381465920566,0.009519594714207507,0.009552589047979836,0.009580790216521069,0.00960379549208084,0.00962290459095681,0.009638725707358867,0.009652732182668884,0.009660117280111158,0.009662813298879257,0.009661797392614512,0.009657656276569712,0.00965035049670519,0.009639542542534086,0.009624432792767834,0.009606753335499206,0.009587449176366978,0.009566748529078808,0.009543240907865022,0.009506747263286739,0.009474234386724036,0.009440904093678076,0.009402533139079041,0.009319903357936525,0.009301549700606596,0.009204394764123146,0.00911345292687256,0.009028378227788495,0.008948844430867568,0.00883632039595864,0.008756112489469732,0.008692743854048644,0.008649736029097995,0.00860992181914171,0.008574927728993322,0.008544864618350632,0.008519974587265312,0.008500215496967821,0.008485393097353303,0.008474862878408432,0.008467476840379407,0.008460338995154703,0.008430364419008346,0.008403737872022003,0.008256034529844785,0.008255681923708295,0.008218634267922314,0.008184308186174792,0.008152564738510603,0.008123274071946514,0.008096317069674721,0.008071589043431275,0.006170351794040534,0.006285674661983223,0.006394623421640998,0.006477557998653553,0.006581629900968278,0.00666904728290431,0.006751214561421424,0.006830296361719625,0.006906912056007311,0.006981153696126555,0.00705296652199539,0.007123015907242223,0.007191726899490786,0.007259151285446705,0.007322755700021752,0.007378617751833096,0.007438299216654367,0.007494015238238987,0.007546200550843515
2.25,0.9949365859661866,0.9898612021030742,0.9847728328345641,0.9796674009709871,0.9745367423482525,0.9693690176470044,0.9641553368354105,0.9588894959787186,0.9535672751881019,0.9481879250669274,0.9427519978669171,0.9372599716419845,0.9317113274353341,0.9261045726471444,0.9204340892947275,0.9146970693994265,0.9088654044914914,0.9029141266392653,0.896818375565375,0.8905433419079867,0.8835829561749703,0.8765008893543422,0.8688782314458215,0.8598894818476583,0.850121112819871,0.8400755771752029,0.829711270345169,0.8190655560148177,0.8081854395478525,0.7971213124992168,0.7859299988427743,0.77465765633744,0.7633416968146304,0.7520160792213533,0.7406908914828496,0.7293708609595246,0.7180677264236996,0.7067966897854213,0.6953546203926415,0.6840310019988776,0.6728403181505168,0.661775109924938,0.6508294220768973,0.6399099983271094,0.6289647525539641,0.6184301931689701,0.6064069056557456,0.5946760038966863,0.5832069194278506,0.5719898625568203,0.5610216102225626,0.550304575110952,0.5398373899024734,0.5296144885465596,0.5196301084353322,0.5098754425959277,0.5003401860335123,0.491015064043711,0.4818792720107165,0.47291596343999087,0.46412034310837125,0.4554932586270039,0.4470370874490501,0.43875369991440305,0.43064406733179367,0.42270797181505004,0.4149446151777476,0.40735249212772906,0.39992900190200664,0.3926685060972835,0.3855628259608996,0.37860352774318745,0.37178173671298925,0.36508780972893534,0.35851042351019113,0.3520406776339142,0.34567009898516765,0.33939046799613715,0.3331967553085423,0.32708408969356934,0.3210483847251153,0.31508945828392915,0.3092091646864902,0.30341028331239395,0.2976964703368704,0.29207161486007366,0.2865393898686042,0.28110099106544106,0.27574246501219574,0.2704706880385747,0.2652867621515728,0.26019099824405023,0.2551825931658528,0.25025171120103823,0.24540145534316846,0.2406352806983714,0.23595407259754722,0.23135863570847695,0.2268460765380197,0.22241443037546943,0.2180620739918391,0.21378748727707347,0.20958994158762348,0.20546886643204745,0.2014234437256131,0.19745303116427818,0.19355686776297137,0.18973405945030775,0.18598341185444486,0.18230328371262042,0.1786905774978621,0.1750711889479048,0.17144567973081476,0.16783907603864015,0.16424394949042118,0.1606670345588777,0.15712087269971745,0.15349114779000272,0.14988466220418956,0.14631047075087428,0.14280092135776562,0.1393538978796678,0.13597090343881105,0.13265327635003424,0.12940222704401932,0.1262186886767057,0.12310354301704307,0.12005726676121815,0.1170799957477414,0.11417232887807093,0.11133481390863938,0.10856793115289547,0.10587174732939694,0.10324595383534899,0.10068987530881177,0.09820163479239925,0.09577834629894716,0.09341677195074631,0.09111525647159446,0.0888724808714132,0.08668697325257224,0.08455752235953476,0.08248285557393066,0.08046186656377718,0.07849389464620775,0.07657870268977661,0.07471617874512328,0.07290587474578679,0.07114709154114063,0.06943888967477356,0.06778038049743111,0.06617062794298094,0.06460869142858129,0.06309380454475509,0.0616252037879163,0.060202132934056816,0.058823879708391154,0.05748975029147446,0.056199032323491514,0.05495081157447521,0.05374397288476277,0.05257720305191165,0.05144937947940567,0.05035947860465489,0.04930647361785124,0.04828928086085203,0.04730676408308348,0.04635770578285565,0.045440916659333946,0.04455507621724816,0.04369878514197808,0.04287087653712479,0.04207032942750022,0.04129612342353013,0.0405471905562786,0.039822542703743,0.039121105332201894,0.03844185381489276,0.03778376849678869,0.03714583385271957,0.03652710501291939,0.035926703701496567,0.03534379722012607,0.03477756042095898,0.03422717033510606,0.03369179826017776,0.03317062301027721,0.032662824045753006,0.0321675419538466,0.03168351527781993,0.031209137721309805,0.03074249064370973,0.03028183881305608,0.02982576551223297,0.029373097075935606,0.028923130460842023,0.02847542383995696,0.02802967340509439,0.027585643144095298,0.02714344909628991,0.02670348133334675,0.026266442464905948,0.025833040662205375,0.02540396862097133,0.024979829899642057,0.02456117413854144,0.024148485552336906,0.0237422011907471,0.02334271313495455,0.022950344920013233,0.022565512615255,0.022188660283659428,0.021820192848469987,0.02146038086132102,0.021109395022875812,0.020767311016813544,0.020434126045310697,0.02010979794032868,0.01979422311192814,0.019487341012876535,0.019189079450211206,0.018899335892346315,0.01861804940211524,0.018345174748781237,0.018080661570986523,0.01782447353180165,0.017576533880954225,0.017336747243899574,0.01710499271368034,0.016881128045338128,0.016664977919342152,0.016456327288059815,0.016254756157677477,0.016060158641797072,0.015872198405609786,0.015690562902508046,0.015514938961524179,0.015345023125885688,0.01518053355689123,0.015021183569198772,0.01486675101247067,0.014716973374219285,0.014571688188228108,0.014430774199248469,0.014294076780497118,0.014161453543706865,0.014032769479202581,0.01390790046744536,0.013786722102942137,0.013669119870500008,0.013554981158276753,0.013444208077745292,0.013336700318261964,0.013232358775797214,0.013131079762861729,0.01303275981896011,0.012937290147757559,0.012844573049269776,0.012754466490003408,0.012663274805783272,0.012572235091528484,0.012483445691049604,0.01239740477083449,0.01231432542371631,0.012234193630730108,0.01215693414182572,0.012082456265488786,0.01201044483900446,0.01194076658273424,0.011873359436050982,0.01180816526376175,0.011745105459046445,0.011684069157473198,0.011624997735478227,0.011567835345541195,0.01151251495925623,0.011458982832004737,0.01140710452450831,0.011356947783581837,0.011308432493350182,0.011261439690149776,0.011215762406143553,0.011159407181474705,0.01110216599802523,0.011044662917425537,0.010988325363861405,0.0109338182262431,0.010880870765813714,0.010829199864387021,0.010778817150709594,0.010731571075854937,0.010687415948059796,0.01064324474970342,0.010598630672306672,0.010553612497630272,0.010508387989758878,0.010463217323069096,0.010418380842774183,0.010374098524151073,0.010330024045833719,0.01028657516694676,0.010243467956809882,0.010201548117759574,0.010159525750496733,0.010117837818925468,0.010076625776948948,0.010036010960492902,0.00999608823394401,0.009956917344645776,0.009918527769252302,0.009881148799791697,0.009845778691747466,0.009808128869541013,0.00977213397556991,0.009737638570560706,0.009704710090330039,0.009673440419602221,0.009643910358948082,0.00961619825570937,0.009590393236106005,0.009566567996690705,0.009544814513625157,0.009525216862031836,0.009507846804664101,0.009492628685130402,0.009479593300110438,0.009468684887020283,0.009459823986994539,0.00945290471378487,0.009439036198222879,0.009426804360421814,0.00941105890905321,0.00939859424836089,0.009384853371205858,0.009371067758087995,0.00935749948289713,0.009344408376512705,0.009332682319012577,0.009322015025132814,0.00931230521100988,0.009303488286329788,0.009295489341542494,0.009288312928189374,0.009281996741871476,0.009276587434178082,0.00927214053368756,0.009268674814227188,0.00926618231997922,0.009264632178600045,0.009263976528951749,0.009264138701086376,0.009265076642529606,0.009266767439081327,0.009269193732082603,0.009272349187421036,0.009276207671207855,0.009280637818072824,0.00928501954832458,0.009289739119636198,0.009292171864025213,0.009292510080971038,0.009291114826200746,0.009288357880876506,0.009284516606263662,0.009279811399891286,0.0092744361734136,0.009268623160475867,0.00926262893672836,0.00925666578784608,0.009250943468723622,0.009245644725057196,0.009240932107245364,0.00923694532788812,0.009233807957064565,0.00923162389604908,0.009230436743424658,0.009230086754978531,0.00923072647183673,0.009232330478949705,0.009234853101411259,0.00923814724288618,0.009241124617592713,0.00924498506915637,0.00924678359961323,0.009247985517029399,0.009241704536345527,0.00923516564283218,0.00922823645680859,0.009220929436490919,0.00921333756527881,0.009205579182559619,0.009197778282427786,0.00918932313484177,0.009180663785631859,0.009167718739152874,0.00915638129869118,0.009145800028618645,0.00913601952683584,0.009106487715570296,0.00907442656362772,0.009046280830363018,0.009007211644877623,0.008972188028082351,0.008941038387327098,0.008914753553566298,0.008890175123401678,0.008868780052760112,0.008850684063132898,0.008835852777873644,0.008824207525951502,0.008815639731864965,0.008809800881078097,0.008806445700750586,0.008805311638931387,0.00880625609618569,0.008809181300662943,0.008814006083297132,0.008820655543499957,0.008829020353282186,0.008838936080994748,0.008850085117721777,0.008862513856867921,0.008876114041043326,0.0088907680037588,0.008906339834799801,0.0089225480868006,0.008933192701971725,0.008944327336834541,0.008952175830275135,0.008954862804549973,0.008950257989626446,0.008947320519041521,0.008956707430662429,0.008965199684250314,0.008973758387902892,0.008982955157302049,0.008993045605245949,0.009003760690553456,0.009014924988854877,0.009026457420439905,0.009038331951349038,0.009050594588225302,0.009063337123641158,0.009076674321773288,0.009090708836007048,0.009105526305779968,0.009121188779938236,0.00913775715579194,0.009155284768803989,0.009173805636893158,0.009193196731451801,0.009213591164126803,0.009234927411317475,0.009257116348099708,0.009280068833399784,0.009303775241298311,0.009328167752917631,0.009352466034667434,0.009376341836924559,0.00939963190830795,0.009422170280861489,0.009443770752916447,0.009464383022559503,0.00948394084917674,0.00950234557438798,0.009519568698912432,0.00953559322863125,0.00955040361163745,0.009564037595970252,0.00957654605228617,0.009586826132029644,0.009595934284244479,0.009603568566402139,0.009609861863278958,0.009614898877552675,0.009618559578977236,0.009620612440829259,0.009624154539811788,0.009621861944255766,0.009617036156239434,0.009610230027970195,0.009601714685217557,0.00959495766520302,0.009589113856890135,0.009583940821493064,0.009579321315897907,0.009575271950691138,0.009571870677258098,0.009569205930000069,0.009567336994056711,0.00956516087454976,0.009562904813637524,0.009561376073521317,0.009556807013301182,0.009551345910809137,0.0095454442737765,0.009537076493492128,0.00951003314087949,0.009485837255229666,0.009456957878480193,0.009366170264244293,0.009357463514466402,0.009349181172280313,0.009342238876895467,0.00933704149692869,0.009334394564923007,0.00933342416070529,0.00933392753044673,0.009335785746701634,0.009338881255444666,0.009343129865392711,0.009348461667730516,0.009354806749608958,0.009362094995253046,0.00937015128630874,0.009378753944040752,0.00938782831429002,0.009395591125545243,0.009402972573547629,0.009409102315837699,0.009412254932214342,0.009411437888812815,0.009394112325316306,0.00769416039988987,0.007801513107031376,0.007839807691668525,0.0078800887640256,0.007925172074343755,0.007975400964737336,0.008030322195526443,0.008087899923436807,0.008147239201623142,0.008207936922282557,0.008269689524983198,0.008332223888942777,0.008395307557362147,0.008458746542879248,0.008522408358736263,0.008586160962777745,0.008649892390004401,0.008713550075868257,0.008777121041296085,0.008840619391826413,0.008904027427561679,0.008967277302877165,0.009030223888796311,0.009092664981559603,0.009154264555032286,0.009213552221642819,0.0092716133892226,0.009327847066354738,0.009382912594362825,0.009436535241642683,0.009488611891175313,0.009539202052284836,0.009588401269880401,0.00963620633809699,0.009682549982364976,0.009727469138082548,0.009771006875682874,0.00981322871637569,0.009854302029026768,0.009894429076513504,0.009933833358697831,0.009972718897144206,0.010011270886991266,0.010049652269819707,0.01008798576527687,0.010126356000048308,0.01016481025740492,0.010203336951075876,0.010241816934182205,0.010279398000789588,0.010316298124138656,0.01035250562084545,0.010388016203580451,0.01042282947052109,0.01045683091495991,0.010490005005489404,0.010522363934768877,0.010553931704998137,0.010584742358109692,0.0106148494537451,0.010644303972010919,0.010673156924395738,0.010701464611776198,0.010729270351121393,0.010756608213512698,0.010783495520653776,0.010809935654963253,0.010835903620090116,0.01086137007637327,0.010886297055301074,0.010910628441106771,0.010934258844296637,0.01095667723237399,0.010978006200733473,0.010998167144867546,0.011017097447921639,0.011034750069360921,0.01105105983891509,0.011066019668153897,0.011078613519528309,0.011088813421309409,0.011096683714119319,0.011102267719272344,0.011105682100329022,0.01110707216968863,0.011106584044437175,0.01110440621595717,0.011100732925847784,0.011095752466035964,0.011089586129048944,0.011081214202559392,0.011071065640307607,0.011059404241789639,0.0110464615262517,0.011032479507056414,0.011017657081271195,0.01100214371645827,0.010985985408436766,0.010968214692731649,0.010949717920443582,0.010930955338932596,0.010912237422490017,0.010893326056669319,0.010874295830059725,0.010855240834261213,0.01083623566544129,0.01081734306725038,0.010798645559038969,0.01078021607066455,0.010762118745586456,0.010744453187458832,0.010727308578670826,0.010710769537646053,0.010694897540601536,0.010679736387282054,0.010665307668764298,0.01065161053838269,0.010638429523565467,0.010625829164486839,0.010613712434922361,0.010601979040141027,0.010590544734891637,0.010579279118408197,0.010567966050223985,0.01055593264129705,0.01054399260862036,0.010532320262816846,0.010519770389454643,0.010505889667943743,0.010490398752011531,0.010473120719073213,0.010454127350913724,0.010433602460026952,0.01041177426642834,0.010388915491656693,0.010365298455941956,0.010341187774581607,0.010316845686724882,0.01029252407763527,0.010268456001667987,0.010244803275811726,0.01022145243443651,0.010198663428214794,0.01017652664103846,0.01015510364780769,0.010134382730065181,0.010114227481280536,0.010094144482121689,0.010073371107187956,0.010052340227249492,0.010032680864232058,0.010012971438781534,0.009993031531335123,0.009972912058577069,0.009952736067923705,0.009932680171166322,0.009912939206878742,0.009893704916338905,0.009875152716435924,0.009857427455285037,0.00984064319914167,0.009824844408349303,0.009809717304592406,0.009795407738316926,0.009781869564990974,0.009768636305705014,0.00975645416342186,0.00974254395184453,0.009727179612081978,0.00971061210703694,0.00969339354139038,0.009671252032559618,0.009648240115605502,0.009625713359279177,0.009603498280362527,0.009581829445452043,0.00956094067541065,0.009541047430149987,0.009522341320327025,0.009504992657183017,0.009489148754732052,0.009474930963113672,0.009462443181314518,0.009451754546031716,0.009442905316424789,0.00943590451481364,0.00943074160187863,0.009427386515338698,0.009425786440966682,0.009425850089306758,0.00942712398350983,0.009429615587464467,0.00943317005282,0.0094376465466115,0.009442898564479737,0.009448790340058747,0.009455188413827097,0.009461981728617275,0.009469110462639114,0.009476334295582861,0.009483577264515545,0.009490805074210868,0.009498003005555965,0.009505159556723744,0.009512243558341795,0.009519185499796233,0.009525973480602537,0.009532616517183642,0.009539128901861255,0.009545488542725954,0.009551362780410357,0.009556900570104434,0.009562113086461712,0.009567006283225923,0.009571587206645677,0.009575863121178913,0.009579841421045359,0.009583511938499862,0.009586619014379091,0.009589210300552209,0.009591405233361865,0.009593250734055857,0.00959478070448122,0.009595956847382214,0.009596784634372246,0.009597291830398941,0.009597520559464497,0.009597525453855664,0.009597369215349207,0.009597116585485009,0.009596841555642294,0.009596603378815113,0.009596451059127398,0.009596412521926117,0.009596497460142621,0.009596663352025619,0.009596055971549547,0.009594829476192262,0.009593015156545162,0.009590623039514603,0.009587609301821065,0.009583150065033033,0.009578405766735205,0.009570705487972411,0.009544403119470383,0.00951739290030318,0.009489705366402802,0.009461556937156524,0.009433201511032331,0.009404901540921318,0.009376903908403008,0.009349461357699405,0.009322816459075497,0.009297189962664175,0.009272788035518986,0.009249776917233644,0.009228289405446094,0.009208409530568435,0.009190181087295347,0.00917359943791312,0.009158601147447149,0.00914484738098909,0.009132424777950057,0.00912126507864783,0.00911129274992985,0.009102408366658803,0.009094472313103048,0.009087321814062837,0.009080748276079883,0.00907507443737154,0.009069048705409123,0.00906247764288646,0.009055256246817656,0.009047305138191384,0.009038607370179197,0.009029241718378064,0.009019379283185342,0.009009202725856985,0.008998906323166116,0.008988674008970618,0.008978675922527978,0.008969064348499953,0.008959978358819246,0.008951541158570534,0.008943834131040078,0.00893687500972822,0.008930242443697983,0.008924119628678034,0.008918541406345352,0.008913500350315651,0.008908945902943595,0.008904802954877203,0.008900997050352962,0.008897765055245687,0.00889440196989438,0.0088906892392729,0.00888663225000274,0.008882284459766944,0.008877716121693703,0.00887303287933658,0.008868357517709468,0.008863814580486205,0.008859538205969764,0.008855650335380563,0.008852257145194223,0.00884943011442884,0.008847209359629318,0.00884558680558919,0.00884450500229815,0.008843570528481457,0.008842898541880268,0.008842464138281471,0.008842235753249519,0.008842220992485453,0.008842382288345682,0.008842635680560288,0.008842850988144026,0.008842938113072824,0.008843133103583343,0.008842588002596892,0.00884103015052124,0.008838326714820856,0.008834396934442235,0.008829295930474147,0.008823157359894517,0.00881612315958961,0.008808415309104931,0.008800260235245095,0.008791871188154452,0.008783434601386872,0.008775107188628605,0.008766954822933614,0.008759162555109869,0.008751774577324078,0.008744816516008098,0.008738277863218551,0.008731949472517434,0.00870479801687736,0.008677662565681029,0.008653005523706552,0.00863055283759197,0.008609648270293513,0.008589169888248201,0.008571334764649564,0.008553031574170629,0.00853414540456199,0.008514793794452668,0.008495177706026522,0.008475477161320258,0.008455128482719928,0.008434815619014015,0.008415170018234044,0.008396214237427145,0.008377963431005954,0.008360351312441281,0.008343418719881517,0.00832720151133213,0.00831168954540296,0.008296899322370968,0.008282836813274318,0.008269433491846922,0.008256632501525873,0.008244334855661355,0.008232323619808453,0.00822028952696571,0.008207813953011593,0.008199889916175889,0.008192610911150294,0.008185875102115558,0.008179763339866251,0.00817435330253847,0.008169709286212282,0.008165905433392533,0.008162994498730342,0.008159890677469797,0.008157975439503026,0.008157252672424507,0.008157540486179582,0.008158738332275494,0.008160627430651067,0.008161801415602273,0.00813126091854623,0.008071532415659357,0.007995880981711119,0.007884004306412075,0.007906474323371443,0.007927062387557032,0.007947219193934672,0.007967048601183937,0.007986235753441016,0.008004815701539924,0.008024360028599256,0.008044246819075965,0.008064294966866307,0.00808445412804256,0.00810477242261519,0.008125340759004151,0.008146264453316622,0.008167645390019693,0.008189546246107123,0.008211969973638022,0.008234622473411706,0.008257619039369517,0.008280916916745644,0.008304415409474294,0.008326693445670514,0.00834927034126817,0.008369578466473293,0.008387576617381681,0.008402969725832845,0.008419312334638149,0.008430896637653992,0.008440706107704515,0.008449502764481247,0.008458271327481812,0.00846689168042885,0.008475411603427683,0.008483883659495586,0.008492338686564082,0.008500881765287571,0.008509632119426768,0.008518713867435801,0.008528254348889088,0.008538366355167318,0.008549146043023606,0.008560650386378902,0.00857289270093417,0.008585736824777456,0.00859924799251758,0.00861330098868756,0.008627775518891198,0.008641879329145372,0.008656587342302454,0.00866926229652977,0.008677186116917803,0.008683293706395132,0.008688019747751477,0.008691721333326201,0.008694946008992465,0.008697676911887749,0.008700067942158971,0.008702283229326386,0.008704480747002488,0.008706810060904345,0.008709412973084843,0.008712403803934734,0.00871591052254533,0.008720043034366241,0.008724885931056305,0.008730493120802698,0.00873689759128258,0.00874410867378996,0.008752006234073201,0.008760616158205004,0.008769819469778603,0.008779506603556931,0.00878957558614883,0.008799932089102966,0.008810450065053727,0.008821046885175326,0.008831633613155277,0.008842124040294889,0.008852438230437534,0.00886252082507449,0.008872359457510304,0.008881945423986792,0.00889128365037635,0.008900411571327455,0.008909355616530334,0.008918143797102275,0.008926808164458,0.008935379493532465,0.008943878944623994,0.008952321811229028,0.008960719868006232,0.008969069547452354,0.008977327868930579,0.008985494066361734,0.008993442255227408,0.009001052857191726,0.009008185410641866,0.009014651189156047,0.009015469634694885,0.009015450444171555,0.00901510060181393,0.009014552476276194,0.009013979047661953,0.009013123146221507,0.009011905210569073,0.009010290764586525,0.009008275264101341,0.009005929576733074,0.009003314411111693,0.009000495356155871,0.008997552426856181,0.008994559046233806,0.00899157919123923,0.008988663983209019,0.008985856107827758,0.008983180294997478,0.008980533665933993,0.008977972148622906,0.008975425552345396,0.008972828783540944,0.008970104899446423,0.008967097313013948,0.008925932868002277,0.008883337968278532,0.008843287954750862,0.008806319815423284,0.008771644603598075,0.00873952353338228,0.008710195294495944,0.00868364436599617,0.0086596729585355,0.008638021716424936,0.008618508601043209,0.008600879846918135,0.008583648662684148,0.008568780488131818,0.008553010269169851,0.008536522651204591,0.008519456310439717,0.008501969669915467,0.008484188894886007,0.008465982865549095,0.00844708934731723,0.00842565579149454,0.00822619531822005,0.008126674095838109,0.008091085914489924,0.008090439265306682,0.008088060691760877,0.00808520079016737,0.008082330443685703,0.0080797962070001,0.008077877178248845,0.008076745861068834,0.008076526835146,0.008077298384670818,0.008079108664758035,0.008081980170578502,0.008085928027589442,0.008090939753209084,0.00809698083292748,0.00810399399867635,0.008111879785539334,0.00810287724037165,0.0080968535549058,0.008091270503700874,0.008077972744392788,0.008062646982702374,0.008037691330413706,0.008036354783617488,0.0080349703621608,0.008034135100719243,0.008033996038074158,0.008034626382135809,0.008036039291995882,0.008038434605779306,0.008041956811754033,0.008046397016445574,0.00805171073269532,0.008057926788558534,0.008065090723403433,0.008073246000089747,0.008082434775194592,0.008092667396876684,0.008103877161126198,0.008116050892840742,0.00812904919521988,0.008142725349861286,0.00815577849720738,0.008169017258824657,0.008178615961738578,0.007930398662977277,0.0074832293693681395,0.0071960941236551305,0.007178025702641146,0.007179034963802157,0.007190861772160156,0.0072496312682244915,0.007304828489768061,0.007356651026753069,0.007405514923809507,0.00745172069291524,0.007495487123700066,0.007537036993341291,0.007576560096605416,0.00761422669261841,0.007650231471376485,0.007684762938918276,0.007717989699631784,0.007750018610007656,0.007780870654235024,0.007808706774293789,0.007835236728220028,0.007859685301133472,0.007881643098664732,0.007899666016261556,0.007904040292149608,0.007927563889361474,0.0072059700046682015,0.007193320186907873,0.007202894340740082,0.007216295255143996,0.007232939034997556,0.007252398426880288,0.007274351985364229,0.0072985685854875925,0.007324891624632609,0.007353218012527397,0.007383302827510696,0.007414816489727,0.007447502868158475,0.007481143608258405,0.00751555715286396,0.007550606839368392,0.0075861913908385255,0.0076222304618146905,0.007658615242731276,0.0076952036004144094,0.007731816525701573,0.007768242448357469,0.007804220497534225,0.007839396700481224,0.007873230934569509,0.007904981009742757,0.007934342527914955,0.00796167445786704,0.007987325795666455,0.008011598349036834,0.008034770142301039,0.00805709532103684,0.008078800480869173,0.008100094474433554,0.008121041074661819,0.008141639911520955,0.008161962354554231,0.008182103887368954,0.00820215970457382,0.008222212426281152,0.008242332920970033,0.008262576773580953,0.008282966832405104,0.00830347438790342,0.008323790891167547,0.008344055875411201,0.008364225553804816,0.008384232462139544,0.008403968621543046,0.008423300808872495,0.008442208039133666,0.008460779711219195,0.008478147760586266,0.00849435917285268,0.008509473588921523,0.008523552406735337,0.008536648201189304,0.008548862736444427,0.008560308644074657,0.00857110291577994,0.008581359162157711,0.008591183051427144,0.008600661026244098,0.008609842773318985,0.008618723747614498,0.008627030020068165,0.00863487592733936,0.008642217377633963,0.00864901030438648,0.008655182145786647,0.008660286750343506,0.00866519334320163,0.008659357206963572,0.008650644760481994,0.00863987669839545,0.008627885516296188,0.00861448559973228,0.00860002670638361,0.008584912136344951,0.008569445804138971,0.008553884377856551,0.008538462916128168,0.008523411494203832,0.008508933961110993,0.008495206369000917,0.008482369762559798,0.008470528632427901,0.008459756827423963,0.008450105521992211,0.008441604825481935,0.008434218646786241,0.00842794683905428,0.008422643736401421,0.008418158456810577,0.008414278987183115,0.00840555027731583,0.008395254526983163,0.008385922357584152,0.008377634912800063,0.00837046841994821,0.008363959123189683,0.008357970506485676,0.008352433124076748,0.00834730668687315,0.008342566366285713,0.008338200465494805,0.008334203806485356,0.008330569991666464,0.008327329393542854,0.008324511723951137,0.008322136133753799,0.008320213121751985,0.008318747825326803,0.008317737449957105,0.008317174144867007,0.008317018829368692,0.00831726930340371,0.00831779829734803,0.008318497095331587,0.008319267907508025,0.008320015083686709,0.00832065356463788,0.008321100018290657,0.008321264562419134,0.008321134920387016,0.008319937769463619,0.008317760909298389,0.008314727707830953,0.008310967362572943,0.008306637393280802,0.00830187002911207,0.008296789741304109,0.008291510247007135,0.008286138400441343,0.00828075520228442,0.008275432431937072,0.008270218249815293,0.008261931526034804,0.008251135142719555,0.008235998929739186,0.00821971120100415,0.00820147746395819,0.008181698942666727,0.008160819443240243,0.008038371129198116,0.007926928349986262,0.007825805182240705,0.007734309377712373,0.007651925513776576,0.00757734627211425,0.007509962990787235,0.007449263755421968,0.007394780978829321,0.007346077641113723,0.007302738967783057,0.007264357352532937,0.007230592327091534,0.007201111213224843,0.007175446212904802,0.007153434396049003,0.007134127248304449,0.007118095518023581,0.007103655232132397,0.007090633796455196,0.007078765632375821,0.007067373459924318,0.007051583633256258,0.007016149699803493,0.0070124124653262974,0.007009229272124206,0.007006960681523406,0.007005723878577513,0.00700557664444229,0.007006622051087415,0.0070089871783404045,0.007011221217189641,0.007013414699640298,0.007015775085931691,0.007018508416174678,0.007021802149218662,0.007025826419532456,0.0070307084551903785,0.007036533602660913,0.007043318420341122,0.007051106812575838,0.0070598282884040435,0.0070693879225042855,0.007079061856040075,0.007089436768201546,0.007098450709896738,0.007106213655229933,0.007112523825999071,0.007119431764396817,0.007125025239000299,0.007130065063270765,0.0071348983623406295,0.007139763927172241,0.007144600039586725,0.007149565106334865,0.0071547968973019165,0.007160415316777584,0.0071665132233398,0.0071731777009306835,0.007180468292083515,0.007188380620022502,0.007196208388820758,0.007204096596460872,0.007210972611447438,0.007218154470642362,0.007223708252966805,0.007226075697890942,0.00716832324987582,0.00711044848143002,0.00704320656281641,0.007000848319305138,0.0069901570855862875,0.007005252893058483,0.00701922550497199,0.0070325470330190355,0.007045500545399358,0.007058293723930444,0.007071073427535853,0.007083943355217464,0.007096995725896186,0.0071102961764238064,0.0071239175013057925,0.007137883555920544,0.007152184407950876,0.00716666557381841,0.007177687616202097,0.007183783673834737,0.007194938824344891,0.007204591713772807,0.007209150037130482,0.007194163175926475,0.007203211159180871,0.007159759081678743,0.007106378611819051,0.007011259015986055,0.007032183852981824,0.007042361609505283,0.007052423890789133,0.007062961493057659,0.007074125213060523,0.007085894955903824,0.007098375219459566,0.007111683222337639,0.007125854692055648,0.007140893346920778,0.0071567702974248155,0.0071734410602643855,0.007190895920412157,0.007209118346081984,0.007228061558974669,0.007247644020411589,0.007267697830955639,0.007288158362461828,0.007306315028757833,0.007263360842537422,0.006715148922237206,0.006764452318436189,0.006630569814356978,0.00662999088058127,0.00657353264664601,0.006578520924638613,0.006587635784975709,0.006600566406367196,0.0066169671002285595,0.006636468523818854,0.006658779998819611,0.0066838014620809036,0.006710170619447048,0.006737423496362093,0.006765318898362306,0.006793628941670152,0.006821033087545894,0.006848497894254556,0.006876233063337645,0.006904090492115986,0.006931928514105896,0.006958649936411274,0.00696828528688488,0.006996800537570411,0.006706283594728051,0.006711210533510108,0.006116076898952889,0.006158169936243464,0.00619503030704348,0.0061714332383750545,0.006163965364458109,0.00618438705190349,0.006223951755054752,0.006259984818664275,0.006310808774444859,0.006364273912803029,0.0064179019980786355,0.006471507218756557,0.006525078349062274,0.0065784809078617505,0.006631580461435977,0.006659071545588444,0.006685832443573683,0.006713102177267593,0.006741088292226127,0.006769826471891725,0.00679953817748686,0.006830606369057412,0.005950381213072826,0.006048752726556175,0.006000462368567266,0.0061004144606235265,0.006052996932879725,0.006154555640790678,0.006251514054740735,0.00634412938377669,0.006432458516573525,0.006516624514884268,0.006596710633778403,0.006642168684917798,0.006704227394522357,0.006745325143359044,0.006827850326993544,0.006893497468540586,0.006956318370423346,0.006350846671248888,0.006376863301127612,0.006403375404331563,0.0064303535530300425,0.00646757320718631,0.006508288539264569,0.006552532238251235,0.006600715627463508,0.006657437782724327,0.006731434897574355,0.006917587109421852,0.0069417914372876454,0.006986841613722795,0.007010644764150491,0.007051049230411329,0.007103632852791134,0.007213963590037214,0.007318342706497802,0.007417376194161059,0.007467793163869903,0.007526543168770147,0.007624372217186559,0.007705209654072468,0.007482340995044922,0.007592739225066111,0.007256444212047096,0.007386301678173193,0.007406342725576727,0.00744630123945955,0.007468021520443636,0.007507317473573301,0.007535574313370325,0.007563972077925315,0.007592126200307075,0.007620351044592788,0.0077291834871294225,0.007834655482232543,0.00793758393507329,0.008045946140514102,0.0081518727161344,0.008256393220046529,0.008359078641470218,0.008459710793945287,0.00855814336839194,0.008654260256711394,0.008748040868903902,0.008839509866633392,0.008928716999098973,0.009015782282761899,0.009100849929409766,0.009184066612777262,0.009265556103599488,0.009345413466621473,0.009423676877582922,0.009498759577386636,0.009571011229987344,0.009640529513694679,0.00970621532641382,0.009769965345072976,0.009829316167898847,0.009869485106254378,0.009907103369400856,0.00994285046842714,0.009977104492916573,0.01001008333950215,0.010042001712625558,0.01007304834372359,0.010103397373255725,0.0101331957770072,0.010162578139954774,0.010191667097074869,0.010220564443249425,0.010249382342668669,0.010278204324027535,0.010307082761069614,0.010336052266734506,0.010365132266722945,0.010394327443420648,0.010423630966403658,0.010453025081204234,0.01048248144728119,0.010511958815265737,0.010541379576528228,0.010570522501433588,0.010598854152104023,0.01062640928637118,0.010653003268744831,0.010678509926471296,0.01070127297884694,0.010721356477694857,0.010738912605324813,0.010754111231675804,0.010767131427590795,0.010778177904973634,0.010787455305717645,0.01079516351712717,0.010801509322634538,0.010806675263547519,0.010810813132280904,0.010814059956333815,0.010816538894073177,0.010818358023292828,0.010819607340262804,0.010820348306487794,0.010820587890330167,0.01082031870028042,0.010819491398819991,0.01081747837459288,0.010814457233003994,0.010810415458586487,0.010805353151602587,0.010799277866996793,0.010792225090486527,0.010784043708348873,0.010774701600598024,0.01076421125631558,0.010752608128393935,0.0107400178401057,0.010726586667112667,0.010712473850982316,0.010697842952288941,0.010682835948311075,0.010667564165046705,0.010652117587995764,0.010636559671752924,0.010620910712252844,0.010605151188226837,0.01058915956274399,0.01057167081142693,0.010553036407792931,0.010533437702996562,0.010512956406491534,0.010491466736770426,0.010467920356550663,0.010444135925706996,0.010417548465771795,0.010387499089192537,0.01035415186124521,0.010317984896062135,0.01027951390455535,0.01023921865091662,0.010197529284417934,0.010154858477552002,0.010111593148700287,0.010068072898476357,0.010024608737950556,0.009981450758916502,0.009938804215491318,0.009896812520784315,0.009855513010581494,0.009798960927728086,0.009745226490764574,0.0096940034642186,0.00964521739929384,0.009598459508729316,0.009553558994028034,0.00951029566484158,0.009471314775313924,0.009431882239531918,0.009394913498059269,0.009360049924459324,0.009327363604502852,0.009296987499791045,0.009269014296782042,0.009243501694661259,0.009220512992539018,0.009200107164849857,0.009182330699203245,0.009167220752200465,0.009154786392856351,0.009145004235900065,0.009137831075856065,0.009133202114077995,0.009131020701191593,0.009131163206906259,0.00913346416394868,0.009137679476286988,0.009143527320185647,0.00915040870966808,0.009158340602192784,0.009167109936983072,0.009176439401198895,0.009186009765955279,0.00919541469356544,0.009204515621029308,0.0092143465881327,0.009222415931760663,0.00922829880806991,0.009231992074164462,0.009233696001593348,0.009233662682323443,0.00923213997492157,0.009229351332496204,0.00922545280595426,0.009220505180646604,0.009214489307151704,0.009200354275539462,0.009185820226744768,0.009170839796148907,0.009155506949165393,0.009139946698032721,0.009124272060503666,0.009108607417605948,0.00909303624447317,0.009078344985216818,0.009059683855773187,0.009040733620748066,0.009022214461113396,0.00900524357228828,0.00898958114432046,0.008975153373568256,0.008961919084646634,0.00894983039687085,0.008938921421489394,0.008929260769753566,0.008920919343823995,0.008914001290232548,0.008908594289893334,0.008904764843313892,0.008902515576511423,0.008901372353851413,0.00890144197057263,0.008902642491986945,0.008904430245764223,0.008867204141098477,0.008835934253802748,0.008800340644096648,0.0087688136075872,0.008719326986288824,0.00867551202602491,0.008637126482638832,0.008603874268647836,0.008575452817325057,0.00855173943721948,0.008531917518596374,0.008515695284546997,0.00850285711084563,0.00849317897699071,0.008486409036850391,0.008482246972219084,0.008480429843569724,0.008480600044453305,0.008481437026343214,0.008481935589402486,0.008483750117213243,0.00848562945971055,0.008487436102166526,0.008489229966166387,0.008488627793654831,0.008492176700766275,0.008399557247401932,0.00834805984838082,0.00829667727284744,0.008253640292159147,0.00821840824212675,0.008190440030087094,0.008169207394118316,0.008154204850928009,0.008144929390397473,0.008140935138217759,0.008141811756524142,0.008147185886947607,0.008156715824298763,0.008170085701339687,0.008187011998893762,0.008207208385559474,0.008230388718034118,0.008256277310401797,0.008282355050577811,0.008308771413326378,0.008335492051095482,0.008308948575547878,0.008287693232119414,0.008132224006500113,0.008020289555525209,0.008025645069824158,0.007995852235723836,0.007973046347378028,0.007956769598529506,0.007946551661776985,0.007941927982680301,0.007942506677782716,0.007947684874694102,0.007957030868423802,0.007970177492052028,0.007986813220251545,0.008006665282850716,0.00802948838033451,0.008055065643469977,0.008083171883597676,0.008113578201973611,0.008146048936160916,0.008180308247982755,0.008215257278344129,0.008250854684338135,0.008286867187512802,0.008321991476832817,0.008357168094879268,0.008389185360356445,0.008416509885618595,0.00844537331089543,0.008470941222928892,0.008494047098762333,0.008515111965363396,0.008534300871360853,0.00855293452692563,0.00857051633758795,0.008587027261949947,0.008602525932504795,0.008617115325690526,0.008630878070755547,0.008643860537532352,0.008656202834903192,0.008668067180504212,0.008679617138818783,0.008690616789027097,0.008701311335841398,0.008709437899313137,0.008717056689306907,0.008722809127354169,0.00872639901136368,0.008726870246648097,0.008720099654574156,0.008453942906622509,0.008474267229495297,0.006357190625103596,0.006158584425024688,0.006233818047929383,0.00632067286418473,0.006406612577221394,0.00649187981987074,0.006575917638335818,0.006658375718359487,0.006739158363290336,0.006818213581334761,0.006895513420234703,0.006971086116704606,0.007044976949090846,0.007117228156562027,0.00718741473971048,0.007255421075003772,0.00732167178100881,0.00738607378769575,0.007448538011424301,0.007508958796956529,0.00756707505961028,0.007621855585141858,0.0074767982979408254,0.007542364112550347,0.007604931596906956,0.007665040874905145,0.00772299230141139,0.007779281529726399,0.007833922068504673,0.007887039286544372,0.007938780727286866,0.007989296516665838,0.008038733440401595,0.008087230234396045,0.00813491449512225,0.00818191546001782,0.008228322539744964,0.008274196610054525,0.00831957548691086,0.008364469322946166,0.008408848245795601,0.008452671710813212,0.008495882244372643,0.00853838802290423,0.008580014378485889,0.008619145336273499,0.008656104220697737,0.008690974065034898,0.008723760453982295,0.008754147938326474,0.008782974362610137,0.008806896478986513,0.008826345491324002,0.008841849256638617,0.008853932749643795,0.00886309335389152,0.008869786051857344,0.008874412615769576,0.008877321570887848,0.008878855982707812,0.00887930480876925,0.008878919842476416,0.0088779257720802,0.00887651915041949,0.008874867056218825,0.0088731191629921,0.008871407476498607,0.008869845682810023,0.008868523149422696,0.008867503589977132,0.008866820077654339,0.008866441880619977,0.008866057926889666,0.008865801497646793,0.008865624802364096,0.008865479536128821,0.008865337746105761,0.00886518557358252,0.008865003842545854,0.008864753750936925,0.008864452592106694,0.008864147053586954,0.00886389806805129,0.008863782446170821,0.008863843859098695,0.008864108528271446,0.008864595988269344,0.0088653182855048,0.008866277711552592,0.008867484085809016,0.008868943464789246,0.00887065206298912,0.008872602553407154,0.008874778751885458,0.008877144274693865,0.008879619780973973,0.008882059015935735,0.008884137649324731,0.00888534714704869,0.008884774222203577,0.008882297647915533,0.008877699123688423,0.008870726307930085,0.008861334615988235,0.008849704573113062,0.008836089751893794,0.00882074945200053,0.008803973379762707,0.00878579864967191,0.00876670825639836,0.008746995244701966,0.008726862760716944,0.00870455529776406,0.008682642115466807,0.008659534640476285,0.008635498392272123,0.008610889186865459,0.008565644627789986,0.008522752670820834,0.008471575256991803,0.008422302166650925,0.00837590461443884,0.008332605398530443,0.008292410064864772,0.008255358218830753,0.008221453635496475,0.00819067007153894,0.008162879849268721,0.008137940333235673,0.008115680537312686,0.008095992848074648,0.008078719182926344,0.008063054163355421,0.008049916032528142,0.008037076570203605,0.008024560987476581,0.008012346737522892,0.008000375341345786,0.007988850238420359,0.007977762012229056,0.007967047027432577,0.007955760238483002,0.007938491945514735,0.007794892143787709,0.007723915497733562,0.007663957869886547,0.007616628256701253,0.0076278037300255876,0.007638620191616227,0.007649115605916054,0.007659426544821847,0.00766964508942114,0.007679887430100531,0.007690245633380966,0.007700782182844024,0.007711566906828298,0.007722635504737902,0.007733999653145235,0.0077456355846849765,0.007757474707028114,0.007769422307403712,0.007781484726994658,0.007793900564763674,0.007804253397006919,0.007808766557458329,0.007810783640734477,0.007827793364125217,0.007738528057811453,0.0076725506191724305,0.007617055431670866,0.007590344955243167,0.0075939478536412724,0.007601094625521585,0.007611331602445886,0.007624325386320654,0.007639723557234704,0.007657226472511801,0.0076765255430240485,0.007697371612586897,0.0077196119714277945,0.007741431045351349,0.0077644976300890066,0.007788154003780408,0.0078116753730549165,0.007831187654439426,0.007858285029008023,0.007407264895013577,0.007422546128446158,0.007433174676655181,0.007443710475352208,0.00745419087262916,0.007316701363672604,0.007298293811021565,0.007301267179984841,0.0073358047639146065,0.00737228377440219,0.007410622579226344,0.007450291958955166,0.007490991299337169,0.007532780130583511,0.0075760543330104235,0.0076206916325014945,0.007666331969138466,0.0077127998321340815,0.007759602944192008,0.0078063058439678526,0.007852782759843378,0.007898950589276522,0.007943266651277134,0.007967321169015286,0.008013799059620914,0.008021553699169327,0.008029249047637133,0.008036932999622038,0.006695088943394987,0.006798006830052252,0.006895741918787216,0.006988557032603718,0.007076534725854658,0.007145216175306848,0.007227781349213487,0.0073122930231479845,0.0073964532352682475,0.007479742731393235,0.007561926474554033,0.007642853931679487,0.007622416549997353,0.0077065240699449354,0.007763119021430466,0.0070638407869562285,0.007166691287334865,0.00709442058978183,0.007198119841266593,0.00712651139717654,0.007231088392518297,0.007160353029972415,0.007265793958704338,0.0071981007445869214,0.0073300669631820815,0.007435912096226398,0.007540829653399928,0.007644899371054224,0.007748011153396855,0.007850128201646872,0.00795114964659813,0.008051148885351769,0.008148971909251804,0.008244160210930553,0.008336603918756583,0.008426325727261826,0.008513406713592582,0.008597947939295273,0.008679848010681066,0.008759376615602162,0.00883659081330953,0.0089106872686355,0.008982704692083046,0.009050046649185127,0.009112946726316353,0.009171312477008524,0.009224189604325065,0.009192009685696998,0.009247023847740465,0.008331978180697988,0.008364489425634676,0.008393100651290591,0.008411298125163082,0.00844360304401833,0.00847860558141737,0.008516553522921513,0.008557349683632755,0.008599426044524615,0.008642304056665849,0.008685766608992408,0.00872962704367649,0.008773778420483899,0.008818102658328318,0.008858262443174983,0.008896802478335037,0.008922859977416755,0.008968878124408344,0.008971024866781061,0.008973167098365934,0.0074651225935873184,0.00748007315552641,0.007496485022452598,0.007823687887522003,0.007931116574058185,0.008032945523309486,0.007984084493454247,0.00808827174851541,0.008191042324086809,0.008292798611221366,0.008392543710773227,0.008489898760653928,0.008584730746408635,0.008676995400384392,0.008766720471872975,0.008853941212322388,0.008938735019685812,0.009021154136685468,0.009101206628005322,0.009175197229738459,0.009246670312294921,0.00931449455827619,0.009373012592941269,0.009441695015139712,0.009452694414725508,0.009462556948680582,0.009471399160610215,0.008025326906944182,0.0081231659937903,0.008221990819145564,0.008327831629108943,0.008422183835047344,0.008515586109863811,0.00860846819686733,0.008700982957401265,0.00879263806428458,0.008883041434996382,0.00897189366361404,0.009058874912425751,0.009143569102894393,0.009225674343482227,0.009303549567353653,0.009377881182740865,0.009449381844033093,0.009517760951483758,0.009582578637162406,0.00963900482138588,0.009700827921457347,0.00800408676437691,0.008111167368929929,0.00802483260004372,0.008246482773202841,0.008353667360586426,0.00846008177585787,0.008565617646533293,0.008669991183755051,0.008772341864045477,0.008872643281990026,0.008970889223026798,0.009067277374570793,0.009161612428761592,0.009248128269900357,0.009335310539151822,0.009418689180137125,0.00948578947319994,0.008220935689206817,0.008421060484683716,0.008436873482727428,0.008452971706414465,0.008469347068329688,0.008485998421791756,0.008502934805145395,0.008520165178113706,0.008537699517478499,0.008555522069430796,0.00857361682126966,0.008684662879079529,0.008794925564426903,0.008904356264762048,0.009012278293122658,0.009116846321647373,0.009219138027188451,0.009319816716880374,0.009419081859247773,0.009516982582016267,0.009613386974789062,0.009707871204500755,0.009800452256906367,0.00988465198624786,0.009968018418731444,0.010049349142836882,0.008522801311873888,0.008758573895489737,0.008774304851019448,0.008790134167817472,0.008806085025079069,0.008809824185827566,0.0088396842825608,0.008845551261498571,0.008875625528103288,0.008988450814933806,0.009059371929707277,0.009154557177397615,0.009262180989816036,0.009368396006652083,0.009473324851121685,0.00957619454598852,0.009676415042427968,0.00977367588685772,0.009867801866953033,0.009958841098460543,0.01004690783559468,0.01013216660662663,0.010214760387452601,0.010294823072239096,0.010372400746503252,0.010446366217268964,0.010517424368090757,0.010586214190327016,0.010652588711175482,0.010716397141533574,0.010777479256275773,0.010835630851933153,0.010890323368960285,0.010945531831058019,0.01098179262350696,0.011016786141613047,0.011051328357121415,0.01108579065502927,0.011120192035489635,0.01115458303126743,0.011189020853760376,0.011223557584138809,0.011258265853099329,0.011293218619366602,0.01132847794110484,0.011364097912770882,0.011400082129772726,0.011436405121576185,0.011473014752170494,0.011509822459039294,0.011546684376721237,0.011583455326160615,0.011619959254075092,0.011655923466652571,0.011690941797659627,0.01172354131938514,0.011754022989070018,0.011782327718875734,0.011808139550214538,0.011829139766692557,0.01184396944895014,0.011858076435986147,0.011868887412730908,0.011875469311966693,0.011877479816527554,0.011874871260719505,0.011867898407386786,0.011856975075192656,0.011842551630354452,0.011825148238879663,0.011805261493745986,0.011783370875018346,0.011759808688809721,0.011734755608466353,0.011708215693433013,0.011680201514313922,0.011648160509006765,0.011614536267340683,0.011580038837453016,0.011544366890981624,0.0115075018123488,0.011469224385665068,0.011428894768368952,0.011395177074582097,0.011359284391214659,0.011323834940086798,0.011288685788154496,0.011253896793905312,0.01121963035109169,0.011186071070102792,0.011153414628618609,0.011121851109142248,0.011091552732757824,0.011062710379033225,0.01103548167198581,0.011010011021875502,0.01098640214916972,0.010964716967294771,0.010944972089841857,0.010927129246910559,0.010911057898242038,0.010896173539728628,0.010882658549110417,0.010870467745411052,0.010859536558680088,0.010849689413724812,0.010839524811978552,0.010830168970617516,0.01082171949763259,0.01081446577314774,0.010808048658234318,0.010802266705060142,0.010796969133707156,0.010792017548611359,0.010787374856748275,0.010783056496509456,0.010779103777715309,0.010775574694406776,0.01077249365969858,0.010769869157299038,0.010767709126691314,0.010766016668822816,0.010764786331012636,0.010763951772710858,0.010763299218462773,0.010761305089166598,0.010758246524535402,0.010754046503767007,0.010744531261089492,0.010735104280629624,0.010723079107511262,0.010705495894808794,0.010684954612262966,0.010663127272912883,0.01064030762177762,0.0106168062038855,0.010592895989700708,0.010568786329791606,0.010544673712401458,0.01052073985252771,0.010497138497208968,0.010474056521797054,0.010451657024924406,0.010430092598515442,0.010409469399336051,0.01038982473893424,0.010370840411006743,0.010352750988429077,0.010335549031093438,0.010319099064793958,0.010298907283696295,0.010280534304633092,0.01026121744087261,0.010241142739155589,0.0102210240756234,0.01019696966348537,0.010171713784033042,0.010147192304582208,0.010123359307437031,0.010100305342356487,0.010078128915008129,0.010056903242561666,0.010036679558970545,0.010017502069232983,0.009999391823047937,0.009982436701374256,0.009966730869769354,0.009952378087078533,0.009939450474273673,0.009927984969224328,0.009917974633662618,0.009909348828628525,0.009901908172457292,0.009894452809565446,0.009887298057340921,0.009880556044968118,0.009874108960256334,0.009865557027348872,0.009858019750088494,0.009850280435191153,0.009835763034442392,0.00982122585418035,0.009806620688110515,0.009792004403468236,0.009777480869166475,0.009763164129955135,0.00974919829513057,0.009735746523985052,0.009722958119652647,0.009711005820622941,0.009700037825703974,0.009690194224307853,0.009681552906983209,0.009674126322362668,0.009667852352678854,0.009662664049032972,0.009658478430546121,0.009655168392066647,0.009652158173994731,0.00964967601147637,0.009647636346361213,0.009644238402706624,0.009642308527025587,0.009636291699307955,0.009628297044492194,0.009620133193544381,0.00961180963284804,0.009603421918422941,0.00959504470229784,0.00958671674612936,0.009578535898653125,0.009570635631511353,0.009563151968382923,0.00955625208176371,0.009550081870377966,0.009544778577872668,0.009540427982755678,0.009537050821996271,0.0095345542714564,0.009532366550947663,0.009530687026861436,0.009529432866706312,0.009527212505513834,0.009525971722067886,0.009523275280716377,0.009519308254023914,0.009514053005453318,0.009507647584030264,0.009501352988651374,0.009491889492275408,0.009482291151464557,0.009472540000011393,0.009462696379537025,0.009452846955389099,0.009443115523090592,0.009433655081365226,0.009424601344211221,0.009416128632666183,0.009408396734270694,0.009401565027323169,0.009395719522699363,0.00939082466938494,0.009386150166463391,0.009381900228622902,0.009377115615927445,0.009373416514862317,0.00936906079207124,0.00936415940668413,0.009358807420355914,0.009353083972062486,0.009347650476140449,0.009336674855612516,0.009324845721651893,0.009313085144886749,0.009302586692837197,0.009293122972782675,0.0092846629133087,0.009277209551019626,0.00927079069336882,0.009265434104677433,0.00926115214356041,0.009257983172601326,0.009255940409442047,0.009255022604469068,0.009255126305184795,0.00925507849586656,0.009255056428076834,0.009251800921410517,0.009249542687404426,0.009246651714932804,0.009243209355474891,0.009239182875992102,0.009234556411150993,0.009229202707154788,0.009222371536644146,0.009213585358984824,0.00920989493651414,0.00920599948523498,0.009202234738527045,0.009198454244127704,0.009194605089515149,0.00919074009448329,0.009186977296089381,0.009183465697585403,0.009180324975801377,0.009177684171058464,0.009175644651658783,0.009174289334206432,0.00917367372201879,0.009173826907089067,0.009174747630924601,0.009176323148095198,0.009178294959564348,0.009178079536674797,0.009178535502611792,0.009179107461193731,0.009179733292003927,0.009180341578487287,0.009181659548997188,0.00917847579217293,0.009174534415797402,0.009171604450654645,0.009168988217961097,0.009166613131100733,0.009164465358807678,0.009162531994944722,0.009160893230643685,0.009159654915205635,0.009158917525820692,0.009158794020128492,0.009159352990296205,0.009160154383286637,0.00916067987875539,0.009162169430044774,0.009163536804876521,0.00916476733985243,0.009165858329142476,0.009166759080214455,0.009167366658305635,0.009167679781478946,0.009166915444427517,0.009158756281702863,0.00916148868657856,0.009156381019744893,0.009151433521801375,0.009147296716432857,0.009144709838597343,0.009143019158940223,0.00914199050390297,0.00914139124110624,0.009141147132698799,0.009141249525784219,0.009141698283005066,0.009142600106322115,0.009144081797936797,0.009146264305953848,0.00914920545178125,0.009152423858293453,0.009155738683092543,0.009159733749944174,0.009163633928371667,0.00916733114087956,0.009170633835503634,0.00917219418394629,0.009166946129608639,0.009172619338737687,0.009106165239731023,0.008212197647691944,0.008105981112673096,0.008077553667282834,0.00808069051295133,0.008095579653911071,0.00811538031221956,0.00813814790909286,0.008112756878207728,0.008041976883687395,0.00794003085804826,0.007986824917780836,0.0071143169192216665,0.007182417745603511,0.006469687588837253,0.006581520429536494,0.006530894482564869,0.006561518476226951,0.0065919953924723825,0.006622329731369048,0.0066525321425042515,0.006682585703529808,0.0067125015511361385,0.006826302529004039,0.006939609150746753,0.007052305548445605,0.007164166208583326,0.007275119629394376,0.007385099272484002,0.007494034630975322,0.007601851175399395,0.007708463426530871,0.00781377972156422,0.007917694367976538,0.008020127610818668,0.008120967541454988,0.00821855709821902,0.008312873039953327,0.008405774484777983,0.00842499197686033,0.007069690940924255,0.007182508445598997,0.0071195467812305785,0.0072331672397055406,0.00716989260108096,0.0072843026392107775,0.007221197821807878,0.0073232698851894975,0.0074389049198552845,0.00755316846878393,0.0076660578254401385,0.007777601028330497,0.007888000396196863,0.00799734997795022,0.00810546043416948,0.008212308441292053,0.00831790007157079,0.008422250054479535,0.008525375799534341,0.008627291077326751,0.008727983617672859,0.00882738742911741,0.008925500714040392,0.009022151944844304,0.009117180438696788,0.009210370853035386,0.009298516981888274,0.00938216930479499,0.009464729946778605,0.007497551200401299,0.007611664917806816,0.007681649713294416,0.007792302665834867,0.007901678882530017,0.008009980774455173,0.008117341044558916,0.008223850642612166,0.008328986330778944,0.008432530482275984,0.008534319652432247,0.008634238732494142,0.008732171705313863,0.008827955409411548,0.008921529012462393,0.00901283942940661,0.009101300080932195,0.009187131542392627,0.009267168708396709,0.00934520417452404,0.009418751794126712,0.009487538282446924,0.009549851404381332,0.009614407708174372,0.007665527904123573,0.008010061205693381,0.008095837818769554,0.008209030265669902,0.008320741834965898,0.008431187198022827,0.008540501478695301,0.008648567317929887,0.00875532033745779,0.008860714638129178,0.008964705658034967,0.009067283408927554,0.009168451986612414,0.009268221932392367,0.009366614400027454,0.009463639069256817,0.009559304352222579,0.009653597355986972,0.009746475724756655,0.009837849797143737,0.00992755662094098,0.01001524606309914,0.010098881240320075,0.010178814783090231,0.010255002227683146,0.010325537506579472,0.010394140072079306,0.010429172928449828,0.010460739553659166,0.010489787781765915,0.010517061938682919,0.010542788454078782,0.010567235021254477,0.01059065211786177,0.010613250279309776,0.0106352421800076,0.010656823609065794,0.010678165092128605,0.010699427667806488,0.010720738271366697,0.010742202151358179,0.01076390765574733,0.010785925127999774,0.01080830669860838,0.01083108557386692,0.01085427799973569,0.01087788507840041,0.010901892200941708,0.010926247335985366,0.010950919354001564,0.01097564099073833,0.011000111581239959,0.011024115562037156,0.011047481753175735,0.011070133338821736,0.011091754639820265,0.011112159334064555,0.01113123124447739,0.011148895061199628,0.011165091252699258,0.011179750518119582,0.01119276914367146,0.0112041300030873,0.011213844844781126,0.011221935498027445,0.011228349658260209,0.011232511508772528,0.011234755311801124,0.011235148154305635,0.011233534742775308,0.011227032266226912,0.011220090394637184,0.011208378517160618,0.01119243668380114,0.011172719220160068,0.01115118669567245,0.011125008137366237,0.01109609165609694,0.011065444881009301,0.011034205848917256,0.011002571764536022,0.010970821586838193,0.010939227877638713,0.010908073636781186,0.010877626967972651,0.010848133047091516,0.010819779778513979,0.010792665383453682,0.010766731844826117,0.010740731366595622,0.010714840336614318,0.010681606042063129,0.010649911284471349,0.010617868452591139,0.01058544731039371,0.01055236555707676,0.010517535633610424,0.010472629542023259,0.01044487288647059,0.010155417004919386,0.009851406613280435,0.009772174927041782,0.009701686134120275,0.009640549384387605,0.00958742771850148,0.009541615780390549,0.009502525391343403,0.009469644263329791,0.009442485928246234,0.009420594963262875,0.009403582438949856,0.009391096695234946,0.00938281117476338,0.0093756847482252,0.009372479250270627,0.009370340597837899,0.009362213803538886
2.75,0.9970362290606346,0.9939732233852001,0.9908157556774808,0.9875683416623192,0.9842350328277846,0.9808192352007487,0.9773235847258013,0.9737501481578847,0.9701005582575171,0.9663761726086849,0.962578195860059,0.9587077776007309,0.954765987905075,0.950753811330549,0.9466721013793548,0.9425213747797161,0.9383019749074175,0.9340127756550075,0.9296514238759662,0.9252144120162114,0.9206965741950592,0.9160668701378405,0.9113250604642084,0.906449297850317,0.90137649344041,0.8960771651061213,0.8905493776910056,0.8847892701435853,0.8787949447423047,0.8725669445194429,0.8661080942011347,0.859424738585101,0.8525256017412682,0.8454210601406992,0.8381222742588303,0.8306395432477633,0.8229827966112553,0.8151622337290323,0.8071884036243757,0.7990608084595537,0.7907939684594103,0.7824023574790522,0.7738992718323504,0.7652969719664818,0.7566021653933092,0.7478184435223364,0.7389717912073432,0.7299886770855143,0.7208916688548702,0.7117005609348072,0.7024337670955171,0.6931090342885163,0.6837435557895651,0.6743538372917667,0.6649557017936913,0.6555638413708924,0.6461914308824175,0.6368502748091864,0.6275456626523644,0.6182810779217391,0.6090613551981051,0.5998920999739192,0.5907790775461208,0.5817279790098862,0.5727443130564948,0.563833346534486,0.5550000500242842,0.5462490822049424,0.5375847136014962,0.5290107916944947,0.5205306827514496,0.5121471425093573,0.5038624409604506,0.4956784079552993,0.48759653017297433,0.47961815514596123,0.4717437112683275,0.4639728612212318,0.4563049593738858,0.44873802673882224,0.4412697999408284,0.4338984054094198,0.4266223259236412,0.41944036353842074,0.41235154836181265,0.4053551682442008,0.3984507550247991,0.3916380571336015,0.38491689905102777,0.3782863943724212,0.37174606068641997,0.3652954991766425,0.358934296806783,0.35266197382905295,0.3464775865432629,0.3403803954542271,0.3343699025655084,0.32844570297792375,0.3226074623565231,0.31685478534075645,0.3111872010522699,0.3056041800769719,0.30010517303087797,0.2946896533995972,0.28935708756167955,0.28410696106070255,0.27893870267109083,0.2738517135403033,0.26884533581390996,0.2639188860151109,0.2590716334328121,0.25430272744499594,0.24960753587843043,0.24498170757247215,0.2404224235136904,0.2359266351035352,0.23149176355479548,0.22711598299583277,0.22279167505904365,0.2185171491669418,0.2142913770064527,0.2101150014290475,0.20598852686524335,0.20191246852869452,0.19788749611232695,0.19391434238552668,0.18999392194898332,0.1861268609547321,0.1823137407275468,0.17855522153872144,0.1748519207064866,0.17120445334546663,0.16761341287828402,0.16407937006430356,0.16060291983624944,0.15718490186793674,0.15382587220713378,0.15052610012699888,0.14728570001608413,0.14410454610168041,0.14098231849033915,0.13791859351537425,0.13491277526365883,0.13196423360995166,0.1290724133652136,0.12623690612399843,0.12345740046593826,0.12073356367826514,0.11806507974129653,0.11545155844581795,0.11289259523550889,0.11038772218218071,0.10793644558415307,0.1055383079499947,0.10319283114684563,0.10089953660150337,0.09865792087627621,0.0964674754830967,0.09432768516346403,0.092238026942091,0.09019795813319553,0.08820690810286697,0.08626426992682312,0.08436941196913048,0.08252166352937113,0.08072032744067606,0.07896469233676177,0.07725402496153654,0.07558762769315497,0.07396474166483293,0.07238458249880426,0.07084631625645711,0.06934913164010444,0.06789220876250042,0.06647468625792864,0.06509575307475823,0.0637545887568858,0.062450369432043344,0.06118225006046037,0.05994937133202811,0.05875084989815518,0.05758580170993115,0.05645334564099562,0.05535260568104743,0.05428271104482998,0.053242795997665515,0.05223199928172702,0.05124946430205941,0.05029432693643144,0.049365754263391785,0.04846293234565412,0.04758503797283171,0.046731221120826325,0.04590046165881548,0.04509165557306552,0.044303708673408146,0.04353556257033637,0.04278613301368242,0.042054293780160346,0.04133900775059028,0.04063950601423884,0.03995517047727382,0.03928540290202712,0.03862963060571895,0.03798732333833128,0.037358019989862185,0.03674132117235856,0.036136872309307025,0.03554438454194844,0.034963595847101424,0.03439424949083387,0.03383611372361757,0.03328897876945691,0.03275265665413073,0.03222698711042876,0.031711825937480766,0.031207033174980872,0.030712491133797086,0.03022808837112375,0.029753731709163615,0.029289329250372902,0.028834790254125033,0.028390032360766364,0.027954977851003152,0.02752954935827788,0.02711368179772834,0.026707294507938878,0.026310303834653284,0.02592261764289291,0.025544142436586162,0.02517478248084837,0.024814438216093138,0.024463004414639226,0.024120359905961335,0.023786384670663446,0.023460947875392622,0.02314390053670643,0.022835079889468233,0.022534318077340437,0.022241440670751494,0.0219563008833004,0.021678726325020152,0.021408540461987535,0.021145590778738746,0.02088970951345684,0.020640729620049193,0.02039848630474093,0.02016281927478169,0.019933570323640737,0.019710584997287766,0.019493708969274545,0.019282789625279167,0.019077675324633576,0.018878217473537535,0.01868427047995999,0.018495691352865426,0.018312339571717996,0.018134076675964363,0.017960766725146488,0.01779227384300838,0.01762827566547847,0.017468531755635126,0.01731292267258082,0.01716136089684248,0.017013777541923934,0.01687010574458396,0.016730278561035858,0.0165942053631372,0.016461809866341066,0.016333013817977044,0.016207745877151455,0.01608593416929588,0.01596750621608453,0.015852392690988433,0.015740517588018917,0.015631805059206243,0.01552617743778224,0.015423558446159367,0.015323869033070021,0.015227037966629988,0.015132993770446806,0.015041662730054797,0.014952964378756754,0.014866203334850097,0.014781225535847396,0.01469791361184087,0.014616231636598788,0.01453617949060104,0.0144577502216578,0.014380918770243892,0.014305662151968842,0.0142320516329878,0.014160158002281693,0.014089887917667061,0.014021123982235047,0.01395376931760023,0.013887742619599146,0.013822985594613712,0.013759450017289296,0.013697100475565676,0.013635882949719758,0.013575767845001448,0.013516712462815522,0.013458720115701801,0.01340172728886861,0.013345696599429979,0.013290600007712785,0.013236417266855562,0.013183130045294115,0.013130716928535974,0.013079161449154157,0.013028459057427052,0.012978655857457846,0.012929578414971719,0.012881266730666517,0.012833766236766811,0.012787116074898604,0.012741357649801853,0.012696531447779909,0.012652689601353668,0.012609885875842547,0.012568177825628964,0.012527620554858976,0.012488268428248782,0.012450170763206042,0.012413370034578847,0.012377907982698113,0.012343821184059264,0.01231114011019112,0.012279888035778423,0.012249627945072533,0.012220390032060099,0.012191931455453811,0.012164367858040244,0.012137574599447157,0.012111496403220786,0.012086097144513176,0.012061357730293702,0.012037306377743032,0.012013961226755215,0.011991334768952814,0.01196943631706348,0.011948276785083263,0.011927867312233687,0.011908219659873324,0.011889354511175208,0.011871283535668638,0.011854017297598598,0.011837561781582889,0.011821922390560182,0.011807101966834642,0.01179309850474829,0.011779907538246889,0.011767523509488708,0.011755940219307353,0.011745151467550455,0.01173514485528291,0.011725896230753374,0.011717352057547703,0.011709480643297177,0.011702117863223208,0.011695120883882222,0.011688372220471184,0.011681777459706713,0.011675262404216112,0.01166877112870896,0.011662264024068118,0.011655739030086678,0.011649214128693007,0.011642714784929687,0.011636264703741205,0.01162989064429328,0.011623619462430582,0.011617483125696394,0.011611518128726371,0.011605764303677414,0.011600261542412477,0.011595039302453185,0.011590133299343221,0.011585575978125815,0.011581390520879066,0.011577589191613976,0.011574127110909178,0.011571023064221834,0.01156814994326339,0.011565460410632942,0.011562554651830504,0.011559415477926698,0.011556037169820755,0.011552415741158227,0.011548551137536979,0.011544457590981154,0.011540154848280065,0.011535633917890788,0.011530904280939164,0.011525762086582842,0.011520313253411015,0.011514613673957794,0.011508718353145157,0.011501618604953847,0.011493249920522088,0.011483884002267485,0.011473011598215052,0.011460923969323234,0.011447882511209616,0.011434180086933459,0.01141993136510088,0.011405319916530446,0.011390527237410596,0.011375725117323253,0.01136107248021604,0.011346721944402845,0.011332800138613817,0.011319414076736239,0.011306658447254578,0.011294614746494494,0.011283354484301617,0.011272945609701346,0.011263442182313378,0.011254887873483142,0.0112473108232426,0.011240721020160382,0.011235130297279282,0.011230544250176392,0.011226962093870405,0.01122437607100103,0.011222764309661936,0.011221785428582706,0.011221427860373421,0.011221484341066146,0.011221659707908777,0.011221556884530854,0.011221246618712438,0.011221323528928788,0.011221640998532198,0.011222140759386278,0.011222993342201653,0.011224317951749755,0.011226135379847966,0.011228437775380132,0.011231210659250737,0.011234443947690116,0.011238133718693033,0.011242281985757762,0.01124689397527654,0.011251980047213922,0.011257554511435211,0.011263634127220703,0.011270237885037192,0.011277386487025816,0.011285101253678343,0.011293395982393022,0.01130228591879482,0.011311775922266365,0.011321867427524416,0.011332556119428102,0.011343840291301822,0.01135571608583867,0.011368140694950851,0.011381072475975662,0.011394459534977025,0.011408245378663444,0.011422380111963205,0.011436804310038781,0.01145145239014492,0.011466256356058989,0.011481146696902412,0.011496055241457045,0.011510914562134746,0.01152566496269802,0.011540253777571915,0.011554574463275858,0.011568581332061904,0.011582215561953702,0.011595428424347121,0.01160817823149827,0.01162041401184283,0.01163206936087059,0.011643243095151128,0.011653649000439779,0.011663189155307951,0.011671801678601742,0.011679442743294412,0.011686257917682207,0.011692342089166518,0.011697772455257535,0.011702619302707924,0.011706954370259079,0.011710849220563608,0.011714379811435461,0.011717616135696855,0.01172056513377997,0.01172323875388054,0.011725689712310637,0.011727773317484284,0.011729463739664662,0.011730759873307055,0.011731556083459771,0.011730915701926324,0.011729064471698407,0.011725820159627488,0.011718039907533702,0.011710211796925524,0.011702350031917105,0.011694517987835674,0.011686796547179697,0.011679306071073198,0.011672118862930571,0.011665295788561826,0.01165889094614401,0.011652953113034166,0.01164752705820941,0.011642652952631186,0.011638370470114746,0.011634702082358696,0.011631656459808685,0.011629226266147272,0.011627401532234813,0.01162608071376327,0.011625216439785067,0.01162471928686747,0.01162441661961317,0.011624097262217659,0.011622915887757195,0.011528696095438771,0.011450287699459693,0.011378180617502714,0.011312195296391747,0.011252351578922659,0.011198648092655689,0.011150984282880737,0.011109119552641973,0.011072795941157777,0.011041758901655126,0.011015737265426102,0.010994469563843763,0.010977694953982362,0.010965171662411064,0.01095665669528586,0.010951921378022532,0.010950750306897504,0.01095294164608923,0.010958305472456874,0.010966663435773835,0.01097784617632876,0.010991690178953059,0.011008033467798753,0.011026712561124653,0.011047550625833727,0.01107029774073175,0.011094775616040662,0.011120785513011067,0.011148176037238134,0.01117679713124546,0.011206526696457787,0.011237305075727181,0.011269029083281536,0.011301557414686452,0.011334760899520005,0.011368491872643643,0.011402623306946521,0.01143706433431539,0.011471739579175135,0.011506589728375151,0.011541567760259263,0.011576639818764124,0.011611783522632922,0.011646986149593521,0.011682242018825187,0.011717550133963606,0.011752911996055474,0.011788328425171,0.011823788650242702,0.011859231817516074,0.011894612737954887,0.011929888914109954,0.011965026440945223,0.011999990125724303,0.012034742648932863,0.012069252893011827,0.012103492925423225,0.012137439761583628,0.012171080163605257,0.01220440228170155,0.012237397843147585,0.01227006498892781,0.012302400418675577,0.01233440142858279,0.0123660624653381,0.012397378974936021,0.01242834682772004,0.012458960829302401,0.012489214554762158,0.012519099970601025,0.012548606585825371,0.012577719041829681,0.01260639396128409,0.012634592662117871,0.012662275351108853,0.012689401633986215,0.01271591752282892,0.012741780314112406,0.012766951682881547,0.012791339752882455,0.01281486464858609,0.012837456894197085,0.012859055937996211,0.012879613314212463,0.012899091286908684,0.012917464494859176,0.01293471515848992,0.012950834175529842,0.012965816530838127,0.012979663501614211,0.01299232362800771,0.013003770432801622,0.013013992517451103,0.013022991065817405,0.01303077969390725,0.013037381539032883,0.013042820371708525,0.013047113197939946,0.013050227514840284,0.013052179401291148,0.013053010231329588,0.01305277561962207,0.013051518396706964,0.013049295107807312,0.01304615912367134,0.013042166879129825,0.013037382820458177,0.013031869104389124,0.013025688456849144,0.013018909783723135,0.013011594097965115,0.013003801838217127,0.012995590633379241,0.012987017961607592,0.012978140399237503,0.012969012523672219,0.012959685864497191,0.012950197987911838,0.012940587725420687,0.012930886760621858,0.012921114085254854,0.012911276518492885,0.01290137475746189,0.012891399261711619,0.012881313978028943,0.012871123024947192,0.012860841527173686,0.012850448772756741,0.012839884086683982,0.012829075366411863,0.01281794784522191,0.01280643544126271,0.012794485691492656,0.01278206493879559,0.0127691499501653,0.012755731583570169,0.01274181213996135,0.012727407226325248,0.012712544597316829,0.01269726251360539,0.012681605484317772,0.012665609708989051,0.012649322816994883,0.012632794482435261,0.012616070311455401,0.01259918943904939,0.012582181851748194,0.012565051042979742,0.01254775957214544,0.012530297100681731,0.012512739891234985,0.012495093809276958,0.012477352945705669,0.012459515939011834,0.012441589550750627,0.012423591684151011,0.012405549688920148,0.012387501681781678,0.012369489429826894,0.012351558037259687,0.012333751786983286,0.01231611463991888,0.012298671934936565,0.012281455145676431,0.012264491627664695,0.012247783059476937,0.012231369643974636,0.01221514587291982,0.012199021130226997,0.012182914877828964,0.012166780973245974,0.012150356172371894,0.012133603275867233,0.01211655761875617,0.012099246068330632,0.012081709486215564,0.012064001898348777,0.012046188165187488,0.012028342937500198,0.012010548083554706,0.01199288908050356,0.011975456823233201,0.011958337137979108,0.011941611940121229,0.011925354690103081,0.011909635003825638,0.011894518117245949,0.011880064119993993,0.011866327064430367,0.011853353311793175,0.011841163258237813,0.011829776561918246,0.011819198719211145,0.011809421062655224,0.011800428646011293,0.011792201228304515,0.011784714586004887,0.011777940803379126,0.011771852707381295,0.011766416615135705,0.01176159875229699,0.011757367891873524,0.011753698899825799,0.011750567660186482,0.011747950180463939,0.011745822875769899,0.011744159311691711,0.011742932373552568,0.011742111480299784,0.011741666343159929,0.011741551172424487,0.011741730392553378,0.011742170966772512,0.011742841987557108,0.011743714615581598,0.011744761976907922,0.01174595421711416,0.01174725470268889,0.011748616793897104,0.01174999982039622,0.011751373816582852,0.011752713307318636,0.011753998364946673,0.011755211713420774,0.011756340480802534,0.011757376637875865,0.011758318327647066,0.011759169160806177,0.011759936361209948,0.011760634485841403,0.011761275018206818,0.011761869023728626,0.011762423743831147,0.011762947206238836,0.011763447495896072,0.011763930056268744,0.01176435594211528,0.011764696313303612,0.011764925535598263,0.01176501990556586,0.01176495017893922,0.011764638595560352,0.01176407271446662,0.011763103836468797,0.011760785533934275,0.011757147983554343,0.011752223676151604,0.01174605597615424,0.011738704185434828,0.011730240692633065,0.011720749864582493,0.011710327045137497,0.011699075365778562,0.011687108275076621,0.011674537038236423,0.011661472482118606,0.011648020702867357,0.011634286028750692,0.011620369286775916,0.011606365496803528,0.011592361157313626,0.01157842050512745,0.011564608700706802,0.011550983783724936,0.01153759223137812,0.011524464837238048,0.011511624646316054,0.01149908597885665,0.011486853905599864,0.011474950178644049,0.011463332103082506,0.011451971995001252,0.011440820014557243,0.011429829006287046,0.011418944240850892,0.011408136359233257,0.011397387881222246,0.011386692158430358,0.011376049041526714,0.011365464655347058,0.011354948142566566,0.011344515705834689,0.011334189815154707,0.011323998052383601,0.011313970673303024,0.011304137176034207,0.01129450368946477,0.011285085455527442,0.011275894624281472,0.01126693428469485,0.01125820591150042,0.011249707922457757,0.01124143676254671,0.0112334020341808,0.01122557876421637,0.011217947268537079,0.011210480684041764,0.011203157857747472,0.011195964523518237,0.011188895127950953,0.011181951218559413,0.011175143306416545,0.011168484670022545,0.01116199170863856,0.011155680983137904,0.011149571618123452,0.011143683750003611,0.011138035984990264,0.011132642936056035,0.011127498112545067,0.011122601323189726,0.011117951102298525,0.011113540331343888,0.011109354839629512,0.01110538027406457,0.011101599632205117,0.011097994514248996,0.01109454156800314,0.011091232770685836,0.011088027941542374,0.011084869021176268,0.011081696146674305,0.011078452677163975,0.011075091406689391,0.011071575648622345,0.011067880497531305,0.011063986430696258,0.011059884556518339,0.01105557446290992,0.011051065223087568,0.011046373487785583,0.011041518383364615,0.011036527522358086,0.011031429268487472,0.011026251737190457,0.011021020943491108,0.01101574643896611,0.011009344408223308,0.011001866910575852,0.010993491058529394,0.010984372049951233,0.010974623202720139,0.010964295987187797,0.010953557577555912,0.010942407782135144,0.010930843152128373,0.010918874934974345,0.01090652060172399,0.010893806100156564,0.01088073005914391,0.01086732184490015,0.010853639097640129,0.010839732926384823,0.010825652135504144,0.010811439339397131,0.010797136896228632,0.010782786667217749,0.010768427650699965,0.010754097531547189,0.010739832208091582,0.010725658185950318,0.010711589843387055,0.010697636441655898,0.010683796265763743,0.010670053062819458,0.0106563693846911,0.010642969879759557,0.01062986771766531,0.01061707299784924,0.010604605133871282,0.010592483401966304,0.010580743406191168,0.010569423123989502,0.010558561584127664,0.010548131888725032,0.010538176847137787,0.010528731965435236,0.010519821086754469,0.010511461531938316,0.010503658316864698,0.010496343144062418,0.010487840742156616,0.010476699786453452,0.010462238402168488,0.01044275491033575,0.01042548793473679,0.010410206733713036,0.010396769004954393,0.010385047726590562,0.010374907207695338,0.010366223339912262,0.010358963179222658,0.010353066535616025,0.010348469754174165,0.010345113405559247,0.01034294625216996,0.010341925149888648,0.010342019101423525,0.010343198024805073,0.010345433467473004,0.010348694008393708,0.010352934569916676,0.010358118516194679,0.01036420903914753,0.010371166180210493,0.010378878695670894,0.010387320028986869,0.010396332738826527,0.010405762224603175,0.010415439146316343,0.010425388578591814,0.010435340011502616,0.010445193676756791,0.010454895158985391,0.01046444606068721,0.010473854859031977,0.010483125591089909,0.010492266449794242,0.010501295215279765,0.010510229583874204,0.010519092496287973,0.01052791429457259,0.010536727184701292,0.01054556488047674,0.010554460607533924,0.010563448501934755,0.010572561489122103,0.010581823648334168,0.010591261082374698,0.010600891990736182,0.010610727361886042,0.010620736517837378,0.010630937518938075,0.010641203025684973,0.010651273310727518,0.010661055184715159,0.010670485167880836,0.01067952219243255,0.010688158004421779,0.010696395329021053,0.010704240082087644,0.010711708212451373,0.010718822731492788,0.010725618924366295,0.010732138190223832,0.010738428743508478,0.010744538394665925,0.010750514425288809,0.010756401121670497,0.010762242852023709,0.010768083216939986,0.010773963873019614,0.010779917969986745,0.01078597814771485,0.01079216910017643,0.010798508502198767,0.010805004227296449,0.010811650251425041,0.010818435025605016,0.010825344258676392,0.010832361753514317,0.010839468490285947,0.010846644772276351,0.010853880185046193,0.010861160153989118,0.010868472481001977,0.010875816887192297,0.010883188213468994,0.010890582942969624,0.010897999976141612,0.010905439308919266,0.0109128993546103,0.010920375477899525,0.010927863883984973,0.010935361595861797,0.010942865618302986,0.010950370908268307,0.010957872663902555,0.010965359864785775,0.010972815942842327,0.010980214485075501,0.01098751173972209,0.010994410445824285,0.01100087860816411,0.011006914458455794,0.011012523624792613,0.011017722784468132,0.011022525786964627,0.011026937398923587,0.011030962424690862,0.01103462090059361,0.011037923230929909,0.011040882038436813,0.011043515072050668,0.011045839838914818,0.011047874095451481,0.011049634890407778,0.011051140811944617,0.011052411611794695,0.01105346721539956,0.011054321138392907,0.011054989024718695,0.011055482030879832,0.011055807338401611,0.011055964515528123,0.01105593588450748,0.011053754530176992,0.011049456094763035,0.011043293083916739,0.011035522928215295,0.011026349363003432,0.011015982217888819,0.011004632885940164,0.010992502026195035,0.010979757810725528,0.01096656316854625,0.0109530639398383,0.010939388958500398,0.010925576850889315,0.010911761731407479,0.010897897584615634,0.010883950244842346,0.010869894570876129,0.010855714978694772,0.010841403240090041,0.010826944710433644,0.010812311883878378,0.010797382544656094,0.010772926590720974,0.010744647911500553,0.0107160639182215,0.010688993257047743,0.010663253635728967,0.010638738063895906,0.010615372260683898,0.010593107348682943,0.010571914996923455,0.010551780119951736,0.010532698469070513,0.01051467262706393,0.010497708098141255,0.010481815580306024,0.010466999701409092,0.010453259847144139,0.01044058921750745,0.010428978215167747,0.01041841263252851,0.010407964586979113,0.010397780943956903,0.01038786966786669,0.010377814953601426,0.010367519281102359,0.01035649316924131,0.010345990276259964,0.010335967524085811,0.010326415872393573,0.010317335444514016,0.010308731523964621,0.010300612244979091,0.01029299891091609,0.010285922490398652,0.010279404233804666,0.010273466094976636,0.010268132143462961,0.010263428028250782,0.010259384581491868,0.010256026849564327,0.010253374669596358,0.010251439158764648,0.010250229916384416,0.01024974882708055,0.010249990115047583,0.010250880900001447,0.010252394275264304,0.010254307514675699,0.010243230734947888,0.010209580900811735,0.010162903061035006,0.010117839809554583,0.010075277198263264,0.010035623702959611,0.010001130033012832,0.009971305825532243,0.009945692325993778,0.009923899170024649,0.00990558986115953,0.009890462280883403,0.009878246922503005,0.009868697657652838,0.009861590537595109,0.009856714550600443,0.009853874168826162,0.009852889004032488,0.00985359376039427,0.0098558333148151,0.009859365935962348,0.009864051926975237,0.009869719541984425,0.009876185435646272,0.009883201831883189,0.009888830637015704,0.009896515637639956,0.009866460908762323,0.009837383515276856,0.009810366597135155,0.009785483358774247,0.009762775035731568,0.009742261769237379,0.009723945812844682,0.009707814856737735,0.009693849072682793,0.009682041560810112,0.009672384195946855,0.009664853636053655,0.009659405554754828,0.009655979698367925,0.009654504116516296,0.009654902602394462,0.009657097629391686,0.009661011763797944,0.009666566315262456,0.009673679714548699,0.00968226575754244,0.009692232116211218,0.00970347574064938,0.009715871443302763,0.009729273528567292,0.009743507047920047,0.009758393059545874,0.009773781700030055,0.009789551347619958,0.009805604957936299,0.009821867758678457,0.009838284364637078,0.00985481728488203,0.00987145457799584,0.009888191762630156,0.00990502405245306,0.009921942209298132,0.00993893657440201,0.009955998793333427,0.009973124948888554,0.00999031497060851,0.010007571646375205,0.010024898781267309,0.010042298488953575,0.010059756893812482,0.010077268077155895,0.010094822492672005,0.010112398335873478,0.010129970011226567,0.010147507271714122,0.010164988895225194,0.010182394970906419,0.010199663530896866,0.010216740350697227,0.010233580478431306,0.010250146811144079,0.010266413017704569,0.010282357723718086,0.010297966838881513,0.010313233695350692,0.010328157575055905,0.010342739056726294,0.010356979822263572,0.010370883846193175,0.01038445464544256,0.01039768145037585,0.01041055997866611,0.010423083921531035,0.010435245058780076,0.010447031899172187,0.010458408309441015,0.010469374355585054,0.01047938803275868,0.01048834339754045,0.01049618514091215,0.010502904438846737,0.010508486000325848,0.010512966933902631,0.010516377713761309,0.010518762717261227,0.010520173537709676,0.010520678732804474,0.010520355616760022,0.010519289397547848,0.010517567241186587,0.010515274824272024,0.010512495658256295,0.010509312213252934,0.010505804945806765,0.010502051328579802,0.010498122613421873,0.010494086030313737,0.01048999752917481,0.01048590214625224,0.010481829338386078,0.010477515482367727,0.010472880985810503,0.010467981882742793,0.010462877362118102,0.01045762804490512,0.010452269913140369,0.010446833831092689,0.010441348722287082,0.010435842777704266,0.010430345313827815,0.010424885933059312,0.010419492984943117,0.010414196915868364,0.010409022280774395,0.010403987943930309,0.010399108960019198,0.010394399886529475,0.010389874723487813,0.010385546537004442,0.010381427251731894,0.010377526109334888,0.01037385171648824,0.01037040564853171,0.010367181966344292,0.010364165008151975,0.010361334597640328,0.010358667528902004,0.010356129772074577,0.010353692143145592,0.010351328448955751,0.010348980598465665,0.010346597939322657,0.010344140918611718,0.010341591193688045,0.010338931320452105,0.010336152055822126,0.010333250635783262,0.010330232046987466,0.010327101520236795,0.010323864989967707,0.010320531587182902,0.010317112402659492,0.010313454309030023,0.010309441742974068,0.010304871490522439,0.010299715850343462,0.01029390782772347,0.010287403262928279,0.010280171847097792,0.010267019725501095,0.010248836126452303,0.010226426349453272,0.010200516063427043,0.010171765454518394,0.010140734546834363,0.010107923191746018,0.0100737791656269,0.010038703112664275,0.010003055359463272,0.009967156354368421,0.009931292532413875,0.009895709107492408,0.00986061405761667,0.009826176224720895,0.009792546350127787,0.009759817557120506,0.009728107321630172,0.009697439863414979,0.00966782911699494,0.009639274463349726,0.009611740110629976,0.009584937264624024,0.009557790448172874,0.009531956124377367,0.009507378324712656,0.009484024924002701,0.009461872322057703,0.009440902938625342,0.009421109341164158,0.009402493586225788,0.00938498535420559,0.00936852958068448,0.009353084011017221,0.009338620505289906,0.009325126864659498,0.009312593659173078,0.009301013337546456,0.009290380630833275,0.00928069127820822,0.009271943514705032,0.009264132049345833,0.009257247007704753,0.009251241627163457,0.009246102116087795,0.009241709422062401,0.009237955992467455,0.009234721110223417,0.009231997662955743,0.009229680098352821,0.009227711842529358,0.009226056373927545,0.009224692795098275,0.009223607064053172,0.009222790787102692,0.00922224446852368,0.009221971972890073,0.009221989630857531,0.009222318979344871,0.009222985639501196,0.009224011065826468,0.009225373466749074,0.009227057025606793,0.00922899086900611,0.009231176511421708,0.009233515832045259,0.009235835141005249,0.009235009939504588,0.009231211307338092,0.009224120431429558,0.009215214430344561,0.009206233878253457,0.009198515378978943,0.009191923974683207,0.009186354632339728,0.009181725541677437,0.009177971442284332,0.009175036300639169,0.009172878470308317,0.009171465392562451,0.009170783289626555,0.009170812344435458,0.009171535009160832,0.009172936045391673,0.009174990769686475,0.009177485286961778,0.009180138813912346,0.009183205253010142,0.009186583836275172,0.009189993177959108,0.009192418713455074,0.009195161684412107,0.009195484649890482,0.009193010756647326,0.009185737366682543,0.009179928789489662,0.009174938925875467,0.009170704710394178,0.009167198576325213,0.009164403374666074,0.009162303708149671,0.009160894640372634,0.009160180074804458,0.009160168007516466,0.009160868831009882,0.009162294872304822,0.009164457204581752,0.009167370930135268,0.009171042302906303,0.009175468044000018,0.009180638346141115,0.009186535171825957,0.009193138173426523,0.00920028880771645,0.009204797032596823,0.009180519655614098,0.009160324149181224,0.009134125376314571,0.009109596916927995,0.009083525881469715,0.009059155684683493,0.00903659117430881,0.009015917471534539,0.008997197791828511,0.008980474529186336,0.008965780083807492,0.008953139195934047,0.00894250726948575,0.008933830901464107,0.008927039444497655,0.008922055040801104,0.008918743050245129,0.008917015431209688,0.008916796974125186,0.008918008342263231,0.00892056737594864,0.00892434001736845,0.00892796971050225,0.00893324716018521,0.008922583183903566,0.008913424005154704,0.008872601832714468,0.00883537512857952,0.008804516176609824,0.008774177387563415,0.008745160636862164,0.008718804120123788,0.008695921831287352,0.00867612891034008,0.008659996496586777,0.008647443202757446,0.008638268795797413,0.008632280703635177,0.008629310798108348,0.008627758678938587,0.008623148176070822,0.008543958865516028,0.00842466897186417,0.008286305498922177,0.008085986223983445,0.007814652586241673,0.007269892571538174,0.007347111024641383,0.007261475676022665,0.007298217591320881,0.007175223401796942,0.007218819499119172,0.007177765842033564,0.007120566482190363,0.007114747541330136,0.007139157473691946,0.007184525594011392,0.007237644982665134,0.007302608076587488,0.007366335276857296,0.0074298703758520325,0.007485501112354694,0.007541103186842496,0.007569086189145287,0.007635142626808955,0.007666330532230837,0.0076971622648953275,0.007727662439390904,0.007757916648331067,0.007789132027649971,0.007821466631549341,0.007855055989079483,0.007890048378154678,0.007926818238554909,0.006917587109421853,0.007025836172114963,0.006986841613722795,0.007096138868248451,0.007200802404111757,0.007103632852791134,0.007203032482036742,0.007270102130102665,0.007368700291293731,0.007479444998074224,0.007586387628593626,0.007690176506227811,0.00779300842722282,0.007894061292230503,0.007962006168908459,0.00804749806865135,0.0073863016781731934,0.007494748537511882,0.007446301239459551,0.0075549187493718735,0.007507317473573301,0.007535574313370325,0.007563972077925315,0.007592126200307074,0.00762035104459279,0.007729183487129423,0.007838081304421271,0.007946294769176222,0.00805358208825052,0.008160266059528834,0.008266247655748793,0.008371488067664464,0.008475931950422172,0.008579518468220982,0.008682185152366302,0.008783874674008499,0.008884530526575604,0.008984102150989227,0.00908254831525544,0.009179831940000447,0.009275918431490405,0.009370781295897303,0.009464401880860066,0.009556767508401324,0.009647868197635504,0.009737612714371716,0.009825933095347867,0.009912770314341538,0.009998012011651859,0.010081649976327683,0.010163539697440754,0.01024278189343416,0.010319386696843916,0.010393395803479382,0.01046487211371442,0.010533888188278622,0.010600523126958975,0.010664868575762656,0.010727023155403201,0.010787090437043742,0.010845180126702185,0.010901404198698228,0.01095588020844449,0.011008715114548056,0.011060005046150139,0.011109841883618436,0.011158313960109032,0.011205505533084324,0.011251496258414574,0.011296360861255765,0.011340168856193196,0.011382984300885456,0.011424865444083802,0.011465863146609263,0.011506000145757042,0.01154526950809661,0.01158366683263185,0.011621180085442944,0.011657793126774474,0.011693407761457159,0.011727944907419857,0.011761336929970487,0.011793531825117193,0.011824496972293952,0.011854212975109347,0.011882673987753565,0.011909890414031815,0.011935874718321741,0.011960638302213309,0.01198419850244545,0.012006578683925012,0.012027807215431814,0.01204791640442226,0.012066941338364157,0.012084918253773443,0.012101881660715654,0.012117863701739964,0.012132892125318642,0.012146946290050248,0.012160014889829537,0.012172087088337353,0.012183154518826324,0.012193211567173887,0.01220225738389154,0.012210289445525442,0.01221730714424331,0.012223314075075832,0.012228327480366773,0.012232366008566945,0.012235456385336428,0.012237637039799402,0.01223894537354476,0.012239413313668181,0.012239075658023964,0.012237969813258628,0.012236134302778232,0.012233606477745409,0.01223042053193284,0.012226602423854946,0.012222111404553744,0.012216927185370709,0.012211039993841011,0.012204433850481861,0.012197087932728131,0.012188936641358762,0.012180058254610692,0.012170356733225848,0.012159691456763586,0.012147947734682779,0.01213503240176563,0.012120884574317956,0.012105468516464653,0.012088785459840105,0.012070860947007104,0.012051736270309336,0.012031475939731815,0.012010148187033196,0.011987829886245178,0.011964604235732382,0.011940557137382015,0.011915771449207701,0.01188950341203267,0.011861983533129235,0.011833413275899611,0.011803978674613365,0.011773833940667822,0.011743102574822388,0.011711888259192768,0.011680425992524971,0.01164870245061108,0.011616851389192858,0.01158498225202332,0.011553223024222497,0.011521688045098955,0.011490491043881342,0.01145974477638968,0.011429561209174962,0.011400050096156853,0.011371320533646817,0.011343472149231308,0.011316592481368033,0.011290762496400044,0.011266056277254707,0.011242540307206035,0.01122027226589569,0.01119930014555605,0.011179660652452215,0.011161375804234238,0.01114445183036371,0.011128863736197514,0.011114582399416274,0.011101568529856422,0.011089771055441388,0.011079122810526485,0.011069543120493287,0.011060950375880282,0.011053309774104177,0.011046475843623303,0.011040292849525653,0.011034620524133449,0.011029336339666972,0.01102433910776929,0.011019550112824912,0.01101490054929434,0.011010325621729905,0.011005767008297944,0.011001168719793173,0.010996114551851203,0.010990610220116223,0.010984658668307085,0.01097826749724525,0.010971450308165964,0.010964225740264264,0.010956617771726069,0.010948641189650915,0.01094034864794225,0.010931540200120236,0.010922218787435104,0.01091242611909721,0.010902261518814207,0.010891811207421975,0.010881156258243794,0.010870374173074957,0.010859539688482743,0.010848729129867124,0.01083801998632829,0.010827495592904735,0.010817228360334727,0.010807281807071021,0.010797718766241847,0.010788598588136711,0.010779952778126808,0.01077181653033534,0.010764218789409669,0.010757158627856866,0.010748595006710996,0.010738921388457225,0.010727978889990908,0.010716038419343077,0.010702218323240956,0.0106869056996894,0.010670454497506575,0.010653184937041824,0.010635385643413854,0.010617327566066178,0.010599227214137518,0.010581276738213071,0.010563650036690412,0.010546503517801497,0.010529973555293098,0.010514179691230934,0.010499209344249383,0.010485117878018419,0.010471889004461579,0.010459455451449147,0.010447839174861789,0.010436996401104374,0.010426878761415778,0.010417443782063683,0.010408448638247128,0.010400241399213195,0.010387699032108589,0.01037325990115726,0.01035698844948359,0.010339406900928345,0.010320981426807235,0.010302125160900332,0.010283202618828306,0.010264536901493298,0.01024640935240922,0.010229065189824797,0.010212718543855123,0.010197555555081917,0.010183735913896014,0.0101714000086453,0.010160654094700558,0.010151575382244479,0.010144221470895564,0.010138632443995073,0.010134716330271715,0.01013239416203061,0.010131589618775763,0.010129471626980444,0.01012638793960597,0.010115447278463946,0.010099215071863822,0.010084328177262179,0.010068747474574697,0.010052860028530678,0.010037008555026284,0.010021493610996704,0.010006576823918588,0.009992489867990435,0.009979422818698814,0.009967535539651833,0.009956963805242984,0.00994782305108827,0.009940209864713907,0.00993420869714069,0.009929876411886314,0.009927247403350487,0.00992634189683172,0.009927166819381885,0.009929714497994006,0.009933921123284523,0.009939724440060258,0.009947053774197927,0.009955775201031422,0.009965811107363625,0.009976922984144775,0.009988796418238206,0.010001454194566184,0.0100146684230143,0.010028268736162867,0.010042118012800812,0.01005609783716083,0.01007017073273989,0.01008427803306077,0.010098366539081968,0.01011239977958622,0.010126344626626867,0.010140175413343815,0.010153874655748739,0.010167424996768768,0.010180810872309083,0.010194025634898907,0.01020705087399076,0.010219881862531852,0.010232397297985007,0.010244589090592756,0.010256379755303953,0.010267680945869544,0.010278359991397224,0.010288078836202223,0.010282262016041299,0.01027904407320319,0.010166723300301737,0.010050603733967553,0.009945014684417811,0.009849942867707646,0.009764732813227393,0.009688781263284508,0.00962149497067934,0.009562295598007961,0.009510639324025783,0.009466011928791224,0.00942792874409919,0.009395929119443236,0.00936957573251323,0.009348458340386667,0.009332168411241386,0.009320315162852493,0.009312552208937857,0.009308548369878052,0.009307986999573926,0.00931056429263962,0.009315980534971426,0.009323900216842847,0.009323877537963663,0.009327205728909101,0.009333525127787824,0.009342525590742643,0.009353932204033268,0.009367513555089602,0.00938305703296163,0.009400371639804705,0.009419287901033425,0.009439658164236102,0.009461353907431285,0.009484263047207816,0.009508292508703407,0.009533349109656367,0.009559343357516095,0.009586193723079577,0.009613825333566053,0.009642168165382992,0.009671154705470105,0.009700719257377595,0.009730796965651023,0.009761322000570538,0.00979222335341518,0.009823351008648635,0.009854570857937854,0.00988575717323431,0.009916791981458006,0.009947549426742067,0.009977955615608299,0.01000777121700266,0.010036798156247981,0.010064879856031272,0.010091898925134336,0.010117774952231423,0.0101424586881511,0.010165926314860785,0.010188179794831208,0.01020922499105221,0.01022907631003706,0.0102477599893045,0.010265312309233103,0.010281777563869846,0.010297206080068826,0.01031165297155236,0.010325176952643322,0.010337839187630354,0.010349701898350687,0.010360826983684596,0.010371264872700585,0.010381057539081312,0.010390228840084538,0.010398809178238475,0.010406826931948696,0.010414308791756635,0.010421283585598363,0.010427781139548366,0.010433831807506252,0.010439466996425433,0.010444720381760062,0.010449628056846526,0.010454233680405621,0.0104585678587394,0.01046265575541774,0.010466522141628163,0.010470191358538303,0.010473686957211887,0.010477031242735572,0.010480245733468776,0.010483351013098545,0.010486366278646526,0.010489309238635447,0.010492195743794811,0.010495031514222904,0.01049781456977943,0.010500535780563081,0.010503186826282563,0.010505723483270515,0.010508057526073507,0.010510076843175073,0.010511690120409794,0.010512802371433632,0.010513324379584407,0.010513185619460198,0.010512334430102894,0.010510740135625156,0.010508377706213125,0.010505220030924509,0.010501266137120277,0.010496530175254006,0.01049103589565326,0.010484715373683808,0.010477636779251594,0.010469782661232337,0.010461150230502415,0.010451754948266752,0.01044057987550972,0.010427841913672848,0.010413194969291854,0.010396837304789412,0.01037900868255295,0.010359946661388522,0.010339877092366135,0.010319021101988636,0.010297587210358427,0.010275772580793421,0.010253759248021119,0.010231713919475652,0.010209786145049561,0.010188114337869878,0.010166812719412511,0.010145942668224377,0.01012560913039238,0.01010579639682497,0.0100864909563468,0.010067678898512391,0.01004934408095005,0.010031481813811305,0.010014087183994814,0.009997152267234055,0.009980620750566346,0.009964151274635387,0.009941201716110524,0.00991588380737551,0.009888891596788688,0.00986096373974488,0.009835167719432984,0.009811361090431462,0.009789414435012947,0.009769216791894634,0.009750673204638799,0.009733701545898626,0.009718229987341596,0.009704199325731253,0.009691543426705562,0.009680197449013314,0.009670101023740526,0.009661196640232605,0.009653427469803327,0.009646736478359536,0.009641065519136419,0.009636370348027909,0.009632485630642017,0.009629061607938553,0.009625259623168236,0.009623227228258351,0.009616694846306109,0.00960711107860288,0.009595179679471847,0.009582513000415252,0.009570714291679485,0.009559922887522646,0.009550244126082632,0.009541757947386419,0.0095345247759532,0.00952858532001558,0.009523966079570874,0.00952068764984905,0.009518748773083022,0.009518050026658363,0.009518583547090342,0.009520308096927579,0.009523147491363952,0.009526298169571547,0.009531193675303525,0.009511521545985972,0.009492848602517005,0.009475492294630978,0.009457456974455962,0.00944546944719804,0.009427118986330987,0.009408875797681723,0.009391805656052294,0.009377454953445014,0.009365760424323863,0.009356666641735636,0.009350108133016878,0.00934604408437987,0.009344532976208127,0.00934563174129908,0.009349334158264243,0.009355601455425034,0.009364194534055018,0.009374840143498922,0.009387356549157202,0.009401594951698974,0.009417420707372282,0.009434640049864437,0.009449577175587339,0.009465853798589184,0.009480772094346028,0.00948213746049553,0.009500442516105597,0.009297822761417501,0.009047862519997882,0.008920200205773315,0.008883337404134679,0.008885311701158671,0.00889074458188798,0.008900184923777876,0.008913500940097338,0.00893042736620819,0.008950693144830971,0.008974027658036832,0.009000181816096546,0.00902211301781014,0.009039024492040169,0.009067637643483995,0.008863813119207108,0.008871426408272471,0.008640377912798702,0.008662202544692013,0.008393062954731226,0.008430702609597319,0.007962825941693723,0.008027203750319078,0.007330066963182081,0.007435244097215479,0.007540081902017509,0.0076443299745932326,0.007747873072138164,0.007850695211494054,0.00795278085465796,0.008054114374354736,0.008154688108453205,0.008254436534889173,0.008353279406637876,0.008451138243543673,0.008547941750436609,0.00864363135573475,0.008738145633956978,0.008831417577947327,0.008923397746916256,0.00901404249743463,0.009103269241636992,0.009191053757242142,0.00927723941860732,0.009361690730156445,0.009444275281274327,0.009524819143812802,0.009591765390361356,0.009664983289890624,0.009228737275217974,0.009130819696685062,0.00918701901299086,0.009241054726632907,0.009293980331199226,0.0093463265490588,0.009398335655759477,0.00945001771966401,0.009501303621995126,0.00955208351361874,0.009602282211208651,0.00965189999877468,0.009700964639366066,0.009749510400962658,0.009797349937058164,0.009844440956967846,0.009885291058290892,0.009920720106665457,0.009913773713336427,0.00995818299961352,0.00992238300268406,0.00988950283579847,0.007823687887522005,0.00788298230135006,0.007974758322942166,0.00808447542466013,0.008185374854920626,0.008285868400811233,0.008385928349498813,0.008485564830765693,0.00858473004674043,0.008683351269856854,0.008781359097539496,0.008878618903475972,0.00897498189452213,0.009070347637414898,0.009164637890974242,0.00925778833965062,0.009349741277155888,0.009440252027364116,0.009529273414976938,0.009616702775668257,0.00970070564210965,0.009782900221446438,0.009859794277686185,0.00993029983386197,0.010002896536900029,0.009996801797097247,0.009996132921500728,0.010000619694326857,0.01001030515179,0.010024287259037085,0.010042266120040253,0.010063977967710762,0.010089191009208508,0.01011766287909685,0.010149144322032275,0.010183393425318736,0.010220166097897226,0.010259214937158275,0.010300278892944078,0.01034302420671956,0.010387171838431039,0.01043249552971365,0.010478767015690593,0.01052574844727782,0.010570254191656253,0.010618131073704446,0.009605998448373346,0.009626964088791693,0.008246482773202841,0.008352904010993192,0.00845904407772699,0.008564751139075285,0.008669836082127243,0.00877426783482009,0.008877974583591708,0.008980887862510932,0.00908294814096579,0.009184110730957177,0.00928432051999757,0.009383238772687074,0.0094809861908086,0.009577450158011615,0.009671868056337497,0.008421060484683716,0.008436873482727428,0.008452971706414463,0.008469347068329686,0.008485998421791756,0.008502934805145395,0.008520165178113704,0.008537699517478499,0.008555522069430797,0.00857361682126966,0.008683860484638898,0.008793966836389864,0.008903754708659074,0.009012979065440853,0.009121553980707867,0.00922933701340353,0.009336257942528637,0.009442283692105409,0.009547394185118815,0.009651574112306561,0.00975480851136961,0.00985706299441128,0.009958309614337042,0.010058175656072643,0.010155917635272975,0.01025310880328961,0.008758573895489738,0.008774304851019448,0.008790134167817472,0.008806085025079067,0.00891667444298149,0.008839684282560802,0.008950916708808772,0.00887562552810329,0.008967249231633915,0.009080253415400908,0.009190706551327421,0.009299822660576103,0.009408312268295046,0.009516134028334854,0.009623263676258428,0.009729645186076273,0.009835199130633911,0.009939843109980551,0.010043477101949517,0.010145980188115312,0.010247263106418337,0.010347247331432769,0.010445867390287014,0.010543069222060232,0.010638804429877219,0.010732969005188643,0.010825501436513172,0.010916376652002187,0.011005563403988857,0.011093024416333011,0.011178716235558488,0.011262587305882126,0.011344555713063522,0.011424741959519428,0.011502255112918731,0.011577168391343226,0.011649595766662565,0.011719665951673695,0.01178750681002757,0.011853245412503292,0.011917006063856409,0.011978914170475035,0.01203909532341657,0.012097673287828757,0.012154771883713283,0.012210495507418335,0.01226494059559677,0.01231819676361575,0.012370345884343369,0.012421460644276508,0.012471602206621845,0.012520820792946237,0.012569154706124524,0.012616626013513427,0.012663234571608577,0.012708904212918076,0.012753572240915667,0.012797167739633006,0.01283960804397677,0.012880698487052929,0.012920187306888192,0.012958121056029616,0.012994420207670774,0.013028967204213569,0.013061629489004155,0.0130922829904554,0.013120826535903234,0.013147184320383254,0.013171315160723847,0.013193191913157626,0.013212813497318315,0.013230204155961356,0.013245403998186802,0.013258458960379482,0.01326941283551482,0.013278307843319933,0.013285051827127844,0.013289684383751941,0.013292279521318218,0.013292891468000317,0.013291564137228451,0.01328831840925221,0.013283141647853844,0.013276471446363756,0.013268270124308246,0.013258639615267874,0.013247674561395202,0.013235471888957708,0.013222132991435506,0.01320776916683123,0.013192498785139645,0.013176444658652413,0.013159734969275147,0.013142483676026735,0.01312480466796533,0.013106812817511197,0.013088621869911908,0.01307034234940631,0.013052079403245723,0.013033930272726637,0.013015979976838203,0.012998278574692244,0.012980882713903762,0.01296384351538423,0.012947200042992166,0.012930970793174117,0.012915101659496319,0.01289960089302072,0.012884485004771948,0.012869786913204503,0.012855524730508503,0.012841709704341779,0.012828346206046448,0.012815437158320045,0.012802986626166362,0.012791000555484386,0.012779489786621323,0.012768450941314605,0.012757880561267513,0.012747775786253584,0.012738134327403706,0.01272895418529255,0.012720233192194876,0.012711965879638635,0.012704136055386358,0.012696649820907539,0.012689432876490998,0.012682411124242308,0.012675293707496548,0.012668075595363731,0.012660614249416228,0.012652623903518973,0.012643972427177286,0.012634623794205792,0.01262456566597318,0.012613805913707204,0.012602367533650027,0.012590287597502931,0.012577615868088882,0.012564409948956759,0.012550734644404296,0.01253664487154629,0.01252219929332267,0.012507461095555377,0.012492495373564037,0.012477365470799043,0.012462114735410002,0.012446796170586078,0.012431459401664803,0.012416144238124418,0.01240065625133619,0.012385099056518113,0.012369423088542008,0.012353582109680392,0.01233757010192897,0.012321184540745366,0.012304376565371911,0.012287201948230766,0.01226971653881173,0.012251980736632454,0.012234057897948472,0.0122160142249281,0.012197920563506581,0.012179847055363084,0.012161862716618236,0.012144023602757082,0.012126386004821599,0.012109008350448442,0.012091949488358877,0.012075266849236132,0.01205901426217495,0.012043238871692664,0.01202797487214844,0.012013192623939484,0.01199888042947122,0.011985033035184412,0.011971636055361242,0.011958544938623738,0.011945784915518488,0.011933310603165775,0.011920747877608075,0.011908094704038858,0.011895347271086666,0.011882513136041046,0.011869606254631258,0.01185665119932719,0.01184368150474501,0.011830738001168606,0.011817868966421265,0.011805114224916367,0.011792518091831516,0.011780129578698468,0.0117679989999869,0.011756174461231379,0.011744698140856824,0.011733606376394546,0.011722929169709007,0.011712688267737791,0.011702874487462083,0.011693490937473728,0.011684532036357881,0.01167589016494957,0.01166761036413966,0.011659449596083657,0.01165129061789169,0.011643118258963876,0.011634929125387442,0.011626723653728225,0.011618507103321195,0.011610288219924856,0.01160208666159036,0.011593929126132005,0.011585849376517812,0.011577873835780869,0.011570034257338359,0.011562367676750262,0.01155491346031345,0.011547709818561935,0.011540788012487846,0.011534148043019403,0.011527800193139905,0.011521749884754729,0.011515930264839557,0.011510378827826193,0.011505001577785584,0.011499709865731816,0.011494419641538571,0.011489059083934092,0.011483629530889113,0.01147796494547139,0.011472070172712739,0.011465952967375985,0.011459625200269332,0.011453108539173123,0.011446432758254754,0.01143963424022582,0.011432755434019629,0.01142583154224063,0.011418903331119857,0.011412017478681943,0.011405222458837736,0.011398562168336143,0.011392040356249501,0.011385671087404422,0.011379417999785245,0.011373330513465629,0.011367365402154432,0.011361487608023068,0.011355665473097352,0.011349863439943299,0.011344082755718524,0.011338024418993639,0.011331651647304026,0.011324979521910293,0.011318088815644323,0.011311048025982104,0.011303921667625942,0.011296776446658136,0.011289678992025699,0.011282694753181732,0.011275886807055512,0.01126930324838452,0.011262989463041816,0.011256988203741885,0.011251334467666942,0.011246000780781395,0.011240970347081426,0.011236059081506726,0.01123131166349995,0.01122668618517645,0.011222147301067147,0.011217659943751134,0.01121318703033111,0.011208677086275317,0.011204043141465789,0.01119917959812123,0.01119435481419214,0.011189548940913709,0.011184767932419161,0.011180012160666554,0.011175280352513351,0.011170579941760348,0.011165928225287345,0.011161348015020719,0.011156866611952617,0.011152504757975636,0.011148286695169245,0.011144239575612575,0.011140391865424341,0.011136771921949826,0.011133406429520114,0.011130314793642812,0.01112750195833282,0.011124839056684389,0.01112235229203223,0.011120037729710838,0.011117885790257687,0.011115874432099663,0.011114020978370626,0.011112069918451062,0.011109979137855257,0.011107802380137064,0.011105558465187494,0.011103266917203985,0.011100946678498456,0.011098620717855405,0.01109631686492815,0.011094067853597572,0.011091909539113319,0.011089869083955655,0.011087975012455724,0.011086231544550547,0.011084615799671998,0.01108317024571765,0.011081878941274482,0.011080726087639197,0.011079696640511902,0.011078773782205812,0.01107793631883068,0.01107716419256483,0.011076395872582218,0.0110752381871232,0.011074266548066503,0.011073057728776568,0.011071626983280108,0.011070023911835746,0.011068332657471463,0.011066606451441469,0.011064885066713964,0.01106319717851591,0.011061573648325995,0.011060039024982345,0.011058616700811527,0.011057323952107762,0.011056183273301821,0.01105522217647533,0.011054469608832681,0.011053928065703815,0.011053590471497551,0.011053480279833964,0.011053579707877105,0.011053866392241339,0.011054309332514743,0.011054809582511989,0.011053568564990698,0.011052282015105835,0.011049439845137872,0.011000538073508068,0.010948872654493978,0.010898610548833081,0.010851299623336398,0.010807383903765134,0.01076692973310059,0.010729904142914167,0.010693638077497175,0.010655759124765398,0.010613459564150956,0.010577269325370738,0.010494804317585515,0.010423856955090662,0.010270296844787294,0.010180991676438387,0.010094169716908843,0.010013875460855791,0.009939731677691367,0.009871382974854412,0.009808494998861932,0.00975075003769953,0.009697848514661957,0.009653828998868632,0.009618143057860332,0.009590266153074588,0.009569703734343763,0.009555988735053691,0.009548681203896755,0.00954736620078074,0.009551649862681014,0.009561160987459063,0.009575546950628266,0.009594470831456972,0.009617609401162752,0.009644641998838117,0.009675180066914993,0.009696993880078778,0.009701034678279348,0.00973894812359583,0.009474650945493638,0.009460880586225783,0.00921884920572716,0.009221893377966623,0.008938598891855115,0.008959949859104819,0.00897687548052406,0.008998135307694615,0.009024161299763144,0.009054589325212302,0.009089089204471854,0.009127354363041462,0.009169110238419017,0.009214106124918228,0.009262097231799278,0.009312856605170365,0.009366172299070587,0.009421846405014887,0.009479691628132605,0.009539522739922647,0.009601163871208242,0.009664445763141636,0.009729208701889498,0.009795293217484702,0.0098625406281381,0.009930790173624311,0.009999724762312508,0.010065960426688041,0.010135819323331258,0.00842642739940513,0.008493448894094115,0.008560405145678613,0.008629379059317611,0.008700066233166711,0.008772308173703258,0.008845963719462668,0.008920900216348093,0.008996975162637012,0.009074044747889014,0.00915196787610633,0.0092306094564293,0.009309837496217489,0.009389517283008067,0.009469509880671917,0.009549680997505043,0.009629873719355208,0.00970995143723653,0.00978962193284515,0.00986880537093358,0.009947298179120403,0.010024894260488143,0.010098336746205635,0.010173924917969304,0.008010061205693383,0.00812146429146715,0.00823121745062172,0.00834064468248729,0.008449599475701494,0.008558036296963074,0.008665920807859318,0.008773218472060524,0.008879896588761066,0.008985923418215058,0.009091271960549124,0.009195917831105134,0.009299839573422362,0.009403015367901299,0.009505417441750747,0.009607019601958987,0.009707797573626527,0.009807727791517144,0.00990678583930138,0.010004944056927591,0.01010216794325515,0.010198406886287243,0.010293508046776114,0.01038734546518788,0.010479798041479381,0.010570652238334083,0.010659886839083959,0.010745849506737258,0.010828535205406664,0.010907991635701894,0.010984304395183771,0.011057570744486458,0.01112790042720942,0.011195411658948067,0.011260232903892933,0.01132249841309429,0.011382346336921602,0.011439912373810932,0.011495322886479432,0.011548703109461256,0.011600176572785833,0.011649864328054996,0.01169788416142135,0.011744349840536083,0.011789370367587097,0.011833049376091769,0.011875484655661931,0.01191676767444095,0.01195698200850008,0.011996204125026664,0.01203447865955992,0.012071832594624412,0.012108280552079088,0.012143831608131513,0.012178492908452219,0.012212260552741777,0.012245125660616245,0.012277075771937202,0.012308101986843189,0.01233819484865719,0.01236734327836956,0.012395527158963115,0.01242271632294277,0.012448882464971214,0.012474000010040407,0.01249804213249828,0.012520953819891446,0.01254270042606507,0.012563252728762322,0.012582575143391707,0.012600485309970735,0.012617040880447844,0.012632072778338258,0.012645448929192967,0.01265705323765249,0.012666878014736005,0.012674770497639924,0.012680689387153436,0.012684650484012122,0.01268673340029042,0.01268702801033249,0.012685635452525424,0.012682672221330963,0.012678264614967698,0.01267254692434129,0.01266565332971057,0.01265770990331686,0.012648840174314238,0.012639157649948546,0.012628705010801024,0.012617531587324315,0.012605299332582314,0.012592147748434035,0.012578111043608944,0.01256321990774748,0.012547488696669147,0.012530874783497698,0.012511335103244403,0.012493049782196073,0.012460855944799015,0.012414781712698247,0.012367222937304833,0.012318751652587296,0.012270017257338355,0.012221513480302593,0.01217359143350109,0.012126544771873755,0.012080582077713018,0.0120358784459994,0.01199261218415107,0.011950944229916433,0.011911014877222594,0.011872941370273088,0.011836677377077302,0.011802322653044674,0.011769853334210252
3.25,0.9989252629849018,0.9977530671637322,0.9964834303352522,0.9951166272079428,0.9936531591193,0.9920937129380449,0.9904391201342383,0.9886903116348541,0.9868482762284411,0.9849140421813477,0.9828886452498464,0.9807731250618366,0.9785685167317193,0.9762758559265238,0.9738961743811453,0.9714304932725139,0.9688798062185776,0.9662450717077302,0.963527138335869,0.960726686678909,0.9578441658585146,0.9548797238910002,0.9518318829554031,0.9486992284700639,0.9454793224723547,0.9421665363015561,0.9387539829416585,0.9352349852319096,0.9316029151227192,0.9278512035307886,0.9239731198622937,0.9199628395482367,0.9158154430528062,0.9115266663140947,0.9070944207612031,0.902517390063856,0.8977942230843835,0.892923813728989,0.8879055272408836,0.8827392799631871,0.877424958400044,0.8719632102919088,0.8663554031059969,0.8606035245777743,0.8547100795180699,0.8486777730075696,0.8425093564944727,0.8362087848364236,0.8297759863527299,0.823211996516285,0.8165185937754117,0.8096978335499803,0.8027525669556123,0.7956864368271807,0.7885036952623717,0.7812096673961558,0.7738105219629066,0.7663129637428172,0.7587262906722815,0.7510590056842359,0.7433181340482963,0.7355101200557956,0.7276412268054058,0.7197176501694432,0.7117455432896089,0.7037310156355959,0.695680124315782,0.6875988618307635,0.6794931241990027,0.6713686956409822,0.6632312581004188,0.6550863612518809,0.6469393988552277,0.638795570648539,0.6306598159984667,0.6225367524538817,0.6144309412399104,0.606346826407861,0.5982886458850136,0.5902607017401188,0.5822669769610906,0.5743109763785766,0.5663958078730028,0.5585242891227912,0.5506989976585612,0.5429223195669386,0.5351964755310832,0.5275235429762885,0.5199054751669336,0.5123441118452658,0.5048411482305355,0.49739816381771745,0.4900166123300819,0.48269782905194547,0.4754430594437918,0.46825342963790545,0.46112997556643526,0.45407365954204687,0.44708537381745583,0.440165973820383,0.43331625049328054,0.4265369278759634,0.4198286760172093,0.41319211336398176,0.4066277955512211,0.4001362345276615,0.39371786681822457,0.3873730678461954,0.38110214259532993,0.3749053454502051,0.3687828815890826,0.3627349071496789,0.3567615255955182,0.3508625932925452,0.34503774737685206,0.3392864973859464,0.3336082004416096,0.3280020971935469,0.3224673793978987,0.31700288167992824,0.31160745797552036,0.3062799445355962,0.3010192748678407,0.29582444341016034,0.2906945639615717,0.2856288169518876,0.2806264755115484,0.2756869503623344,0.2708097336038702,0.26599436798746456,0.26124040975834506,0.25654746418789853,0.25191518152332526,0.2473432602183861,0.24283141668295874,0.23837923447460196,0.23398642496320246,0.22965283537152756,0.22537836070587314,0.22116301199828042,0.21700681957344095,0.21290977495331223,0.20887185028752783,0.2048929578423936,0.2009729488151621,0.1971116314578991,0.19330878969797546,0.18956415951639324,0.1858775429159317,0.18224874413701483,0.17867756532861098,0.1751638126421064,0.17170727435029595,0.16830772894605459,0.16496492204485838,0.16167858007771949,0.15844840462712667,0.15527408668498693,0.15215530720315892,0.14909173731912265,0.14608303850651563,0.14312886206387818,0.14022884819019715,0.13738262468923274,0.1345897948819285,0.13184994268818637,0.1291626398740413,0.12652744277552486,0.12394392578721534,0.12141162849579058,0.11893007628365991,0.116498767702905,0.1141172056629536,0.11178487724942307,0.10950123531267393,0.10726575014609076,0.10507787655421205,0.10293705991104778,0.10084272481879915,0.09879427823388297,0.09679110351341132,0.09483257088379386,0.09291803815583889,0.09104685154095156,0.08921834653808532,0.08743184877894362,0.08568667481888352,0.08398213285574137,0.08231751421496111,0.08069208864574295,0.07910511769781495,0.0775558490554027,0.07604352013491891,0.07456739217490106,0.07312672742536323,0.07172077972049362,0.07034876356784539,0.06900984874139818,0.06770315065155334,0.0664278419331903,0.06518318455361732,0.06396846760285547,0.06278293787985374,0.06162581618318732,0.0604963171343749,0.059393675974091134,0.05831715046822214,0.05726601593609441,0.05623958792779355,0.055237195845408774,0.05425817252972746,0.053301866138485705,0.052367639752404854,0.05145487365182952,0.05056297348644737,0.04969136753757489,0.048839503003561664,0.048006857704496454,0.04719293231682791,0.046397258341145484,0.04561938697840693,0.04485888853479591,0.04411535651201891,0.04338840370368673,0.042677658687970424,0.041982771854789956,0.04130339918184811,0.0406392089902757,0.039989878453939004,0.03935509717506729,0.0387345665003234,0.038127998775133905,0.0375351165552135,0.03695565176416796,0.03638934436031154,0.035835941966447425,0.0352951938028004,0.03476685161419065,0.03425067294735096,0.03374641894665134,0.033253872715978156,0.03277280888065773,0.03230300525693304,0.03184425490580931,0.03139634432792943,0.030959062530421428,0.0305322013660181,0.030115556583511116,0.0297089263410644,0.029312112179510113,0.028924916879815032,0.0285471452442311,0.028178603310305625,0.02781909957242745,0.02746844503012258,0.02712645321047495,0.026792940168437827,0.026467724480322502,0.026150627216224662,0.025841471937899988,0.025540082935237022,0.025246277336467296,0.024959869253711783,0.024680676359426987,0.024408523047044897,0.024143238970482258,0.023884659510394726,0.023632613441847753,0.023386947678763568,0.023147513601766187,0.02291416951594492,0.022686776786534295,0.0224652001926586,0.02224931051018143,0.02203897789548077,0.02183407494640312,0.02163447583094981,0.021440057376877847,0.021250699030268976,0.021066282570652836,0.020886692393866545,0.02071181535918473,0.02054154054058814,0.020375758755972702,0.020214329189584195,0.02005710853892241,0.019903955755008196,0.019754735226578474,0.01960932222220666,0.01946759633732425,0.01932944238146445,0.019194748900129413,0.019063417046992416,0.018935357022632215,0.018810475408010528,0.018688683749080216,0.018569893227027515,0.01845401807768834,0.01834097026450956,0.018230663397586735,0.018123012548617267,0.01801793448592867,0.017915348892506365,0.017815177526459305,0.017717346509528,0.017621782608138153,0.017528414561763187,0.017437173464523517,0.017347991039074123,0.01726079822113357,0.017175529695725427,0.017092122357503795,0.017010515553518166,0.01693065662700838,0.016852487056079772,0.016775961184573012,0.016701034516869367,0.0166276668542311,0.016555820932106866,0.016485468385496648,0.016416584966124814,0.016349151966577494,0.016283152687347303,0.01621857320897427,0.01615540039626073,0.016093624305159145,0.016033237739269787,0.015974236064323855,0.015916616801582975,0.015860379193896185,0.015805523738108063,0.015752028112587798,0.015699870154528086,0.015649013501069297,0.01559943048459003,0.015551087925193833,0.015503952804053003,0.015457992774637414,0.015413176502480752,0.015369479663603568,0.015326880200202566,0.015285358002425352,0.01524489731206248,0.015205484070233559,0.015167105285300518,0.01512975277200609,0.015093414658381711,0.015058079637010332,0.015023735891849684,0.014990372771169802,0.01495798050045869,0.014926549845642227,0.014896071900284986,0.014866537981249487,0.014837939574698537,0.014810268298042188,0.014783513459450257,0.01475766168745605,0.014732699714412115,0.014708611711469496,0.014685381690712502,0.01466298712147516,0.014641399217683218,0.014620585539595396,0.014600510567517638,0.014581137146294483,0.014562428308007828,0.014544354810642156,0.014526890883427259,0.014510012902567617,0.01449369557251312,0.014477914466712082,0.014462644999173513,0.014447865130670081,0.014433555649136828,0.014419700270250288,0.01440628565850089,0.014393301273192199,0.01438073867471489,0.01436859173828209,0.014356854001354636,0.01434551964252896,0.014334583760376938,0.01432403898385154,0.014313882843505576,0.014304104731443983,0.014294692313654512,0.014285607473528597,0.01427682122022748,0.014268306094301523,0.014260035442968059,0.014251987802675047,0.014244143521144483,0.014236486819421398,0.014228999892890223,0.014221665469138427,0.014214453947561767,0.014207342746891082,0.014200313411493989,0.014193351343725027,0.014186390131273211,0.014179363560368747,0.014172223136405336,0.014164896411042675,0.014157327630452956,0.014149475022427806,0.014141314944624141,0.014132830512995465,0.014124016252721666,0.014114877366835449,0.014105428015018306,0.01409569357420421,0.01408570615557355,0.014075502753593106,0.01406512722939428,0.014054625704947329,0.01404404587111585,0.014033438688474724,0.014022853009040407,0.014012337098261617,0.014001936778862726,0.013991696806595752,0.013981660056478086,0.013971867719870993,0.013962359069555428,0.01395317122994177,0.013944338928485504,0.013935893886041233,0.013927847557181698,0.013920209741794256,0.01391297859157757,0.013906135057291784,0.013899633968095532,0.01389342349483472,0.013887459920764,0.013881651920541959,0.013876020532507005,0.013870642250853035,0.0138655686769706,0.013860833303006838,0.013856456703222579,0.013852451407257261,0.013848825247679136,0.01384558376512151,0.013842730408828812,0.013840268557759633,0.013838201921285173,0.013836534747982894,0.013835271929983111,0.01383441908613716,0.013833982612578498,0.01383396967330162,0.013834385654741311,0.013835233593453981,0.013836517310168224,0.013838240016702755,0.013840405835490285,0.01384301909837516,0.013846083796979049,0.013849605941670078,0.013853586347447626,0.013858022030260412,0.013862908429050093,0.013868241874886864,0.013874019011927627,0.013880233214225393,0.013886876078129287,0.013893934498946419,0.013901388468973552,0.013909214611913858,0.013917387383177713,0.01392587977128033,0.013934660637465528,0.01394369812794757,0.013952959032011113,0.013962409382253788,0.013972012487789365,0.013981728224195144,0.013991515735506886,0.014001340991887698,0.014011157805487033,0.014020918290734152,0.014030574181395594,0.01404008105072535,0.014049404872941533,0.014058518419697293,0.014067401443436718,0.014076040411921058,0.014084426130038803,0.014092555306992697,0.014100426624615078,0.014108041503401125,0.014115398850069964,0.01412249815409994,0.01412934168078678,0.014135924030376118,0.014142238746802732,0.014148279663420556,0.014154035437685392,0.014159446503764913,0.014164465683126211,0.014169035709741243,0.014172939220209806,0.014176204940303373,0.014178861988426942,0.014180941251059466,0.01418247721748095,0.014183510376337447,0.014184084093063144,0.01418424366693687,0.014184036150484487,0.014183509363112148,0.014182710509076586,0.014181687120628401,0.014180487509679407,0.01417915806616204,0.014177739019572807,0.014176267452512747,0.014174777794290175,0.014173297260443661,0.014171849006108399,0.014170449803028154,0.014169104967286886,0.0141678070174766,0.014166497366330638,0.014160310476031912,0.014150318557829306,0.014137039919284566,0.014120958079971655,0.014102557566391546,0.014082304602601563,0.014060624361476995,0.01403790450143524,0.014014495583115152,0.013990706464467798,0.013966824840737212,0.013943108726175659,0.013919791305746687,0.013897075098249532,0.013875138225004037,0.013854135749160949,0.013834203186474124,0.013815458270211904,0.013798002505973305,0.013781922641322235,0.013767291927336105,0.013754171149992885,0.013742609380824089,0.013732642171709207,0.013724290866854295,0.013717563278758331,0.013712457915097304,0.013708963993917992,0.013707063738265106,0.013706733943577956,0.013707949450076935,0.013710684179371692,0.013714907994296123,0.01372059021147163,0.01372768919426341,0.01373615783992406,0.01374594832672816,0.013757007629624162,0.013769281163329447,0.013782712744303944,0.01379724671758992,0.013812828661207473,0.013829405916192956,0.013846927994831093,0.01386534683079596,0.013884616893027824,0.013904695179474038,0.013925538636825623,0.013947103028827372,0.013969343844472891,0.013992216987142182,0.014015681408539813,0.014039695094759426,0.01406421729991683,0.014089209713773103,0.01411463481833071,0.014140456609916217,0.014166642772608571,0.014193161074893023,0.014219980527748689,0.014247072828773582,0.014274409125409218,0.01430196115558719,0.014329699952254027,0.014357597745230892,0.014385628021837625,0.014413765481333891,0.014441985914155563,0.014470266079007688,0.014498583566863617,0.014526916628023192,0.01455524280377992,0.014583536832561304,0.014611773168952267,0.014639925760913235,0.014667962004020244,0.014695853381529872,0.014723571696221108,0.014751086875378985,0.014778369346722602,0.01480538810763634,0.014832111441849255,0.014858507363788255,0.0148845433182745,0.01491018773732447,0.014935407877137,0.014960170826409838,0.014984442298053485,0.01500818950007665,0.015031381472468056,0.0150539862390257,0.015075972164573794,0.015097308722743705,0.015117967092270016,0.015137920713348069,0.015157143103196604,0.015175607006197873,0.01519328813976184,0.01521016226229928,0.015226208323692855,0.015241408760164577,0.015255750981568747,0.015269230707060334,0.015281844619875909,0.015293593336382682,0.015304483877206653,0.0153145248979514,0.01532372794999239,0.01533211005933341,0.015339686804529747,0.01534647533230536,0.015352493304811797,0.015357760381541954,0.015362298159639257,0.01536613002255248,0.015369280939625894,0.015371777221801738,0.015373645721390508,0.015374913868892368,0.01537560667015111,0.015375745733478328,0.015375352317224535,0.015374446995701594,0.015373052207212193,0.015371185531927496,0.015368864734037611,0.015366117638287283,0.015362962042279698,0.015359411985316217,0.015355478101988304,0.015351166957825686,0.015346481444833984,0.01534142332881886,0.015335989963138046,0.015330177071096773,0.015323978892517003,0.015317390057185114,0.015310406297742253,0.015303025023563063,0.015295245778153378,0.015287070449954344,0.015278502712818762,0.015269548525732155,0.015260214050750065,0.015250505972538754,0.015240432686436428,0.015230003987395045,0.015219228691077802,0.015208114414444206,0.015196668692000587,0.015184905930767309,0.015172839058843804,0.015160480743631959,0.015147843673949703,0.015134941306447306,0.015121787472646739,0.015108397782469264,0.015094787463751938,0.015080972270634405,0.015066967518696102,0.015052789942573712,0.015038457667094699,0.015023989161574842,0.015009403541088156,0.014994720316854096,0.014979958036413986,0.014965136343954353,0.01495026598286164,0.014935348767099932,0.01492038287738277,0.014905364640184141,0.014890277913860151,0.014875105704711412,0.014859834902758717,0.014844456053441181,0.014828963877978966,0.014813357431373086,0.01479764080168088,0.01478182291367423,0.014765916710814156,0.014749940691695104,0.014733914565070581,0.014717860203030984,0.0147017997848625,0.01468575802944419,0.014669761952707552,0.014653840515548754,0.01463802425073614,0.014622344863474511,0.014606834767281874,0.014591525692227523,0.014576446318852134,0.014561621030743327,0.014547072856701532,0.014532823222113824,0.014518892179674149,0.014505297766975274,0.014492056663158007,0.014479185265171985,0.01446669822546629,0.014454608772619872,0.014442930149422535,0.01443167364644828,0.014420848865188764,0.014410464859578968,0.014400527315039545,0.014391039044243012,0.014381998679813058,0.014373403242779153,0.01436524833582037,0.014357527411689932,0.01435023242156397,0.014343354028326332,0.01433688178700836,0.014330804312319667,0.014325107212962472,0.014319771726237721,0.014314778770036847,0.014310108289808467,0.014305740245499486,0.014301654301205382,0.014297830985342647,0.014294252439066114,0.0142909022940551,0.014287765606110735,0.014284829419349235,0.014282082514938932,0.014279514710960211,0.014277118737871344,0.014274885684840775,0.014272806453574538,0.014270870414467472,0.014269067797091878,0.014267389776282433,0.01426582842417152,0.01426437652411464,0.014263025218475814,0.014261764623861943,0.014260584053544655,0.014259470082184264,0.01425840512923104,0.01425736900066163,0.014256342339679625,0.014255299836168113,0.014254168572089106,0.014252882192913785,0.014251380275947476,0.014249610167187895,0.014247526375671069,0.014245091148364319,0.014242274358350704,0.01423905271939167,0.014235411689286584,0.014231340429771856,0.014226833216417824,0.014221887934009608,0.014216508024217284,0.01421070218118199,0.014204483885736542,0.014197870844527297,0.014190884317909548,0.01418354776788185,0.014175886787480788,0.01416792656645923,0.014159689707199755,0.014151199761433995,0.014142480638461226,0.014133556758246395,0.014124451661325704,0.014115189713461698,0.014105803352987195,0.014096312863799445,0.014086735759899941,0.01407708157812511,0.014067364186047022,0.014057595576690663,0.014047786847861003,0.014037946708729526,0.01402808210054206,0.014018197494505702,0.014008297506304878,0.01399838734587483,0.013988473112970384,0.013978562015836627,0.013968662450831821,0.013958783898849905,0.01394893564873724,0.01393912541861553,0.013929357476105008,0.013919636597188782,0.013909967789503446,0.013900356555616628,0.013890808224382321,0.013881329391641776,0.013871931983448896,0.013862622236856028,0.013853405370549668,0.013844286176835056,0.013835269573499244,0.013826360121223279,0.013817563416960608,0.013808883648694908,0.013800324370327457,0.013791887785535917,0.01378357676878795,0.013775395036184192,0.013767347152793326,0.01375943840707735,0.013751674563721126,0.01374406073799474,0.013736601759127559,0.013729300235749201,0.013722154691956553,0.013715163482504903,0.013708324709004809,0.013701637696914728,0.013695100226835599,0.013688709921333302,0.013682469713583844,0.013676377320419224,0.01367042830334825,0.013664617599571209,0.013658937567480668,0.01365337869632852,0.013647931842254504,0.013642583878515652,0.0136373204986534,0.013632126355150046,0.013626986856215315,0.013621888670206831,0.013616820052856818,0.013611770890692132,0.013606733055308773,0.013601700335371164,0.013596668320184588,0.013591632361826466,0.013586584852042718,0.013581462603204765,0.01357620896306804,0.01357078049517432,0.013565144454702404,0.01355927682185407,0.013553159511414444,0.013546785120243035,0.013540147789833144,0.01353324565303437,0.013526075885089492,0.013518636830002359,0.01351092993216301,0.013502954140823299,0.013494708753477988,0.01348619409432509,0.013477413057685999,0.013468370924898937,0.01345907491302983,0.013449534057033828,0.01343975908566806,0.013429762180817359,0.013419556830558359,0.013409155897292314,0.013398569393145689,0.01338780796263453,0.013376882555526716,0.01336580426302076,0.01335458289438399,0.013343226465184656,0.013331757159705564,0.013320196630902512,0.013308567464757897,0.013296890761222821,0.013285192479777167,0.013273499268111116,0.013261839552466343,0.013250239347459166,0.0132387203245481,0.013227302924456834,0.013216008243428383,0.013204857479614505,0.013193871588333581,0.013183070653351088,0.01317247009575948,0.01316199718307211,0.01315150746875034,0.013140827050142195,0.01312969908347803,0.013118258272438642,0.013106620430068027,0.013094888651975558,0.013083154080783933,0.013071496910711737,0.013059988049375814,0.013048694223245238,0.01303767657198344,0.01302699111439179,0.013016688830663382,0.013006815512757473,0.012997414197950714,0.012988521166896215,0.012980167704863583,0.012972379789034098,0.012965180272202432,0.012958588422970511,0.012952620559341292,0.01294729019917858,0.012942608046995586,0.012938578431640896,0.01293520406379272,0.012932477636849812,0.01293038062349566,0.01292888702059837,0.01292797392026582,0.012927606449021673,0.012927746661304336,0.012928356843379958,0.012929407307812356,0.012930867424416325,0.01293270920217088,0.012934910357496731,0.012937448665569142,0.012940304081228834,0.012943459845038757,0.012946900321539286,0.012950611290244232,0.012954579476936333,0.012958793994533506,0.012963246323068583,0.012967930118668862,0.012972840634983065,0.012977974742265485,0.012983330428173973,0.012988906361326675,0.012994698142339228,0.013000698757156134,0.013006895332962143,0.013013262541699858,0.013019772512335413,0.013026395778689151,0.013033103350759277,0.013039872387028901,0.013046679335838892,0.01305350308890569,0.013060324411046414,0.013067128877668635,0.013073904986396405,0.013080645427398079,0.013087343880030773,0.013093995323788276,0.013100595411134343,0.013107142257638173,0.013113636392560924,0.013120080588352845,0.013126479638056467,0.013132839802797652,0.013139168705823512,0.013145474844827872,0.013151765612809329,0.01315804465424385,0.013164315428616147,0.013170580990704882,0.0131768443138406,0.01318310767886661,0.013189373300168198,0.013195647073252019,0.01320193217827531,0.01320823176709981,0.013214552975433167,0.013220899493525791,0.013227274572776513,0.013233681440193861,0.01324012281460562,0.013246599885241366,0.01325311186359694,0.013259657692567544,0.01326623617451973,0.013272846021520771,0.013279485859273405,0.013286154125099581,0.013292849090698505,0.013299568547120354,0.013306308003692167,0.01331305790606521,0.013319807262624299,0.013326530582831597,0.013333203097868649,0.013339801484719194,0.013346305040968906,0.013352699976756024,0.013358972080655658,0.013365109082872969,0.013371106451600208,0.013376955578817257,0.013382648782772563,0.013388180518895933,0.013393544989698952,0.01339873652935441,0.013403749404963949,0.01340857903334073,0.01341322204788916,0.013417676293400856,0.013421940769551458,0.013426015234470219,0.013429900274573376,0.013433597025955722,0.013437105521426523,0.013440421864398488,0.01344354176834246,0.013446359096706892,0.013448781434572656,0.013450730666057292,0.013452146917372483,0.013452985902503947,0.013453217065580458,0.013452823326609548,0.013451794097626655,0.013450135865684977,0.013447863778721227,0.01344500162429126,0.013441575962585918,0.01343761217003601,0.013433139293746054,0.01342818233880131,0.013422763177206398,0.013416901187617396,0.013410613888161413,0.013403917420172527,0.013396826288219352,0.013389352777585855,0.013381500645221738,0.013372788409951993,0.013363058198243717,0.01335234436750768,0.013340775100951515,0.013328462463714207,0.013315507998983858,0.013302005408126547,0.013288042311854044,0.013273701352037993,0.013259061513199394,0.01324419842230498,0.013229184002801783,0.013214088524353964,0.01319897617798317,0.01318390601124402,0.013168931871698217,0.013154104261046125,0.013139470445797045,0.013125074392265783,0.01311090935140879,0.01309697658983901,0.0130832777157898,0.013069792589159227,0.01305649576861259,0.01304333363580607,0.013030321082878589,0.013017470359934079,0.013004793076293424,0.012992300847319754,0.01298000604009781,0.012967922260416698,0.012956064999784196,0.012944451741475778,0.012933101978076008,0.012922036088560587,0.012911274843257017,0.012900841163616956,0.012890755522513363,0.012881036690464058,0.012871701618642754,0.012862766846714363,0.012854248517779257,0.01284616199802153,0.012838521519196094,0.012831336745158172,0.01282461541350481,0.012818353118825468,0.012811846924284345,0.012803928750514485,0.012793991366234471,0.012782223434748679,0.012768850038851852,0.012754104814267333,0.012738325545569435,0.01272180507792354,0.012704801924357788,0.012687544747011654,0.012670234331481948,0.012653046644656914,0.012636133943541293,0.01261962819779301,0.012603638911981187,0.01258825633931047,0.012573553790109156,0.01255959106110877,0.012546416055682201,0.01253406597458304,0.012522563428571717,0.012511922536920447,0.01250214769662932,0.012493233498433965,0.012485160760626206,0.012477805769163505,0.012471232070324408,0.012463427158337514,0.012454504867266757,0.012444629528195769,0.012433961359509046,0.012422655477323631,0.012410860020456597,0.012398714745154115,0.012386351567693432,0.012373899393786449,0.012361483314582124,0.012349222352035848,0.012337224323104473,0.012325586173581989,0.012314394250444003,0.012303726064138867,0.01229365082367295,0.012284229903088983,0.012275517315898649,0.012267560053542997,0.012260398308186315,0.01225406556848999,0.012248587618606626,0.012243979276215107,0.012240248236537259,0.012237394526444057,0.012235409874674766,0.012234277382283646,0.01223397407149418,0.01223447281633022,0.01223574391770819,0.012237756139656577,0.012240478132815057,0.012243884162537496,0.012247950730098671,0.01225265514035707,0.012257972065475714,0.012263874597405564,0.012270335039330504,0.012277326656107828,0.01228482394854718,0.012292802794371295,0.012301240524290597,0.012310115896636633,0.012319408931976814,0.012329100012138699,0.01233916955649018,0.012349594642097431,0.012360352743462833,0.012371421549557874,0.012382781911609518,0.0123944126940955,0.01240629351899129,0.012418402649657732,0.012430718012925118,0.012443217274679931,0.012455879856892864,0.012468684154250648,0.012481608745433961,0.012494632885159918,0.012507736487515537,0.012520898780615158,0.012534098794833125,0.012547316732411246,0.012560534077470773,0.012573733502640202,0.012586898060721299,0.012600011501849615,0.01261305813015671,0.012626022674202299,0.012638889155022892,0.012651636169290131,0.01266424366705225,0.012676664847695224,0.01268885094477052,0.012700753170861244,0.0127123259921934,0.012723539477446772,0.012734356575009298,0.012744743964450665,0.0127546709861069,0.012764114590307213,0.012773056839821162,0.012781485538345022,0.012789392629006928,0.012796773447642826,0.012803626931459759,0.012809956380701006,0.012815769210873858,0.012821076624370046,0.012825893249385665,0.012830236629923837,0.012834126857975197,0.012837585847791466,0.012840635788013584,0.012843294622486002,0.012845565789145925,0.012847448797231768,0.012848946992167612,0.01285006696338624,0.01285081920445197,0.012851217159648879,0.012851276555026945,0.012851015008393989,0.012850452322932355,0.012849609808746543,0.012848509439616605,0.012847175175925278,0.012845628818190418,0.012843889829227776,0.012841976049633236,0.01283990507452892,0.012837694300912849,0.012835360909383517,0.012832921827242936,0.012830393682797977,0.01282779268190271,0.012825134597825704,0.012822433650674543,0.012819700855783874,0.012816945639710755,0.012814175956051665,0.012811394789682426,0.0128086064411711,0.012805814252629163,0.012803022723802269,0.012800232898270507,0.012797443932493246,0.012794658181513955,0.012791873355460228,0.012789086607667853,0.012786294571755872,0.01278349466376185,0.012780682585168332,0.012777853231334794,0.012775002033253671,0.012772125145712722,0.012769219509982289,0.012766274262467672,0.012763273114445485,0.0127601900844467,0.012756999161855317,0.01275367157955024,0.012750173471862062,0.012746471379705656,0.012742263459009376,0.012737311192880433,0.012731431529572245,0.012724489972415166,0.01271639555205894,0.012707092567817664,0.012696555455954378,0.012684784357291394,0.012671802271018365,0.012657650458238478,0.01264238690104095,0.0126260780719399,0.012608796922682441,0.012590621848882178,0.012571635716071037,0.012551924729139742,0.012531575251722887,0.012510675064962694,0.01248930843591554,0.012467555773020386,0.012445493077781932,0.012423189719574563,0.012400692053362507,0.012377988057616774,0.012355152767927655,0.01233225518628393,0.012309359183498543,0.012286524697120776,0.012263809205724346,0.01224126778555864,0.012218953648887853,0.012196916391636945,0.012175199558685327,0.012153842638551154,0.012132883590044196,0.012112354659078797,0.012092283585843982,0.012072695118317982,0.012053612338300927,0.012035056848576368,0.01201704898328537,0.011999607693406725,0.01198275038313786,0.011966491074267964,0.011950842306316243,0.011935809356720815,0.011921387802685663,0.011907567320814449,0.01189433792619397,0.011881686407521644,0.011869596867013936,0.011858052950604684,0.01184704197757113,0.011836549712295846,0.011826562870945134,0.01181706769131817,0.0118080548360982,0.011799516976472154,0.011791449261661032,0.011783847325727872,0.011776705676688476,0.011770016847705006,0.011763772906748154,0.0117579626641805,0.01175257561753761,0.011747596727216765,0.011743002687927783,0.011738608843209389,0.011734249488728159,0.011729750987955805,0.011725023954975752,0.011720074392557971,0.011714977624331782,0.011709797000392,0.011704588162166562,0.011699399986643213,0.011694274418210015,0.011689250769435187,0.011684364862342735,0.011679654720659368,0.01167515090983247,0.0116708813482698,0.011666872299183747,0.011663146761911006,0.01165972387899699,0.011656610074632813,0.011653796790865385,0.011651289149178233,0.011649086744889034,0.011647174540295657,0.011645485527924382,0.011644024044839519,0.011642651721548072,0.011641217671565215,0.011639470757381117,0.011637499536732107,0.01163535427510113,0.011633079909884428,0.0116307179705374,0.01162830761074078,0.01162588685590851,0.011623492467479873,0.011621160456521815,0.011618926410496234,0.011616826212209727,0.01161489513532971,0.01161316928912821,0.011611680504379948,0.011610456362866768,0.011609521740933377,0.011608899605875016,0.011608610733789174,0.011608673708606174,0.011609097826952302,0.011609725680568535,0.011609048077864123,0.01160734866896703,0.011604370257707622,0.011600264967298853,0.011595009290839951,0.011588749949725368,0.011581632074556059,0.01157379759636319,0.011565384756528132,0.011556529646949656,0.011547362287413493,0.011538007776072771,0.011528587452240476,0.011519209778983302,0.011509973907631994,0.011500972519956128,0.011492281368965868,0.011483966321596189,0.011476085417411101,0.011468689388213068,0.011461821922556313,0.011455517345674465,0.011449737266618017,0.011444539021364494,0.011439060969822869,0.011433396996722488,0.01142590861268241,0.0114168797360038,0.011406725006927828,0.011395530829214047,0.011383414030281713,0.011370560209063869,0.011357187694804774,0.011343479523359542,0.011329640169429627,0.011315859523284533,0.011302307993603603,0.011289144915635346,0.01127651718351863,0.011264479232020336,0.011252842540094461,0.011237660951704248,0.011217016502190787,0.011190202050465446,0.011154296026134668,0.011106064142277782,0.011031390365884143,0.010965218046200665,0.010897586399167943,0.010836069207163204,0.010770526909246712,0.010711699168873543,0.010653895048457127,0.010596212330277733,0.010541316081839457,0.010490619378740207,0.010444974919806584,0.010404495217418269,0.010369496215708457,0.01033958676647188,0.010314446653489672,0.01029342541857623,0.01027634529017473,0.010259835989467237,0.010246259847556588,0.010232609671550716,0.010218027709844429,0.009997613104200954,0.009733096591988358,0.009437979697626945,0.009120686915011823,0.008730813550305486,0.008208851320594868,0.008309379677612267,0.008194360581127163,0.008247906464186503,0.008186758885357592,0.007232967464409842,0.007344274264959203,0.007444194759906648,0.007543600847561998,0.007640846530615599,0.0077376977561089254,0.007834816058877954,0.007931994472129122,0.0080290549279563,0.008125941565981279,0.008222569281420131,0.008309778661965627,0.008403931800513485,0.008178381066373428,0.008251222811950057,0.007929313901844605,0.008019602910510617,0.00810233302244391,0.008182024961029445,0.008258922089417996,0.008333177227884896,0.007729183487129423,0.007841547445560383,0.00795323327560871,0.00806418630583631,0.008174397608031302,0.008283876064280786,0.00839262557004136,0.00850064941392325,0.008607948809646288,0.008714522669830586,0.008820370100335808,0.008925486617666864,0.009029865705324951,0.00913350032812559,0.00923637970420861,0.009338488527875315,0.009439809895255218,0.00954032644085982,0.00964002079991749,0.009738875918716408,0.0098368751767594,0.009933998136228113,0.010030221970448639,0.010125522064977669,0.010219869267552053,0.010313231253257178,0.010405569661220603,0.010496801578568369,0.01058684801168532,0.010675638468867077,0.010763110639102364,0.01084920933884762,0.010933889952880315,0.01101711662465439,0.011098862025723702,0.01117910809267776,0.011257844503737091,0.01133507042740104,0.011410786782914026,0.011484995874042692,0.011557704195846705,0.011628922594843124,0.011698665858523609,0.011766952278782512,0.011833803213051764,0.011899242653494258,0.011963296806339679,0.012025993682507929,0.012087362675733163,0.012147427726346187,0.012206212168824218,0.012263737764853759,0.012320025527256865,0.012375095403670829,0.012428966455156183,0.012481656244041307,0.012533176740748686,0.012583537083515575,0.012632746493335395,0.012680812312184476,0.012727741319180799,0.012773542206548366,0.012818219964114747,0.012861775390623865,0.012904209251889145,0.012945523134597193,0.012985719729211916,0.013024803027446758,0.013062778453114885,0.013099652925304905,0.013135434833185357,0.013170133862759918,0.013203760800195648,0.013236320434561149,0.013267815729155781,0.013298249078800048,0.013327623017392924,0.013355940357934325,0.013383204668120199,0.013409422111486435,0.013434599960010823,0.013458746686148252,0.013481876146318024,0.01350400034048281,0.013525132325124336,0.013545288188386762,0.013564481648998084,0.013582722541969697,0.01360002132353771,0.013616389638688635,0.01363184040033612,0.013646387775594966,0.013660047053839676,0.01367283441907181,0.013684766471230665,0.013695856734423492,0.013706116904678163,0.013715552359985563,0.013724169599838992,0.013731988909160447,0.013739089460186616,0.013745505768288065,0.013751224143734716,0.013756222354422887,0.013760457472703786,0.013763882754779942,0.013766457123949982,0.013768153952627607,0.01376895416798876,0.013768841767662052,0.013767808429483675,0.013765846090257697,0.013762951112931042,0.013759124398582874,0.013754371280965403,0.01374870131929251,0.013742127847186788,0.013734624760797478,0.01372617941409474,0.013716790343724335,0.013706465831823101,0.013695215287789142,0.01368305336038455,0.013669999511897787,0.01365608896276707,0.01364135224379801,0.01362582603291425,0.013609561066921644,0.01359260527415849,0.013575010458788346,0.013556832684142511,0.013538131902064945,0.013518971075104132,0.0134994169279563,0.013479535524478775,0.01345939098748998,0.013439048218573868,0.013418572649693448,0.01339802985644647,0.01337748515586656,0.01335700316440093,0.013336647334961718,0.01331647943705803,0.013296558889410878,0.013276942073152003,0.013257677676492607,0.013238809728169288,0.01322037786198481,0.013202415547459267,0.013184952669642848,0.013168014002076999,0.01315161316730421,0.013135769053985837,0.01312049345189841,0.013105792664234296,0.013091664985742706,0.013078103072626277,0.013065096627458785,0.013052628788274907,0.013040676176056186,0.01302921322427498,0.013018212792166925,0.013007646371479614,0.012997465432738874,0.01298762449593307,0.012978080812994197,0.012968794454651187,0.01295972846228836,0.012950848941239178,0.012942119255111488,0.01293350472250422,0.012924975600702672,0.01291649427383967,0.012908026293843907,0.012899542527749247,0.012891023143643019,0.01288245556195155,0.012873833641627433,0.012865157662448435,0.012856433778699229,0.012847672733376994,0.01283889191955076,0.01283010645818229,0.012821329939414905,0.01281257830720062,0.012803869872430677,0.012795224998326681,0.012786664536895594,0.012778209993376425,0.012769883164502581,0.012761704569031286,0.01275358744422075,0.012745470390257196,0.012737281548509378,0.012728966205933499,0.012720427128242144,0.012711593477241604,0.012702417732504296,0.012692872877959253,0.012682950984066766,0.012672660210397122,0.012662021034824045,0.012651064678327684,0.012639831608045694,0.012628369072073486,0.01261673190758122,0.01260497233455968,0.012593140034371545,0.01258128459038588,0.01256945193947633,0.012557681927923206,0.012546013295108772,0.012534480318952644,0.012523112829367463,0.012511936765418825,0.012500963958285307,0.012490223704541586,0.01247947174190878,0.01246860327297324,0.012457522985694906,0.012446169015702715,0.012434508038680644,0.0124225312522959,0.012410252045325611,0.012397701182613812,0.012384923810267782,0.012371977313948094,0.012358928711476825,0.012345851820622889,0.012332827603050534,0.012319934121585217,0.012307246628689612,0.012294839981688985,0.012282787812485464,0.01227116168690277,0.012260024356342053,0.01224943093172479,0.012239429452401867,0.012229918061097852,0.012220818678514779,0.012211699354764927,0.012202280716308944,0.01219264308425511,0.012182756406872356,0.012172613199598923,0.01216222509484931,0.012151619820602307,0.01214083972573178,0.012129938162127613,0.01211897680084861,0.012108024101667012,0.012097153421282404,0.012086440861432884,0.012075966180081905,0.012065803378461167,0.012056021625844878,0.012046687828888784,0.01203786617841273,0.012029617611841507,0.01202199923818217,0.01201506163589485,0.012008849302297743,0.01200340055873484,0.011998744610854751,0.011994904990247884,0.011991886552420948,0.011989676225899784,0.011988263057414522,0.01198762559953188,0.011987735605010843,0.011988560391599706,0.011990065848938204,0.011992218861217747,0.01199498657009371,0.011998340211778225,0.012002248670760034,0.012006681441270133,0.01201161043054328,0.012017004413174218,0.012022829533956303,0.012029052886544067,0.012035643076300303,0.012042569523175914,0.012049803131172612,0.012057310139095596,0.012065058267762373,0.012073013031153719,0.012081137296783725,0.012089389128899244,0.012097709172483886,0.012105282750395843,0.01211228408464056,0.012113067448553094,0.012107783012399825,0.01209731936198277,0.012082519275545291,0.012064141362955744,0.012042868303140625,0.012019312580450057,0.011994023762545289,0.011967493372769299,0.011940160990440481,0.011912414319391246,0.0118845927733099,0.01185699385278107,0.011829877001108803,0.011803465829100798,0.0117779510543171,0.01175349466136316,0.011730232310687042,0.011708275576616025,0.011687713971175413,0.011668616398869193,0.011651026010544406,0.011634439080676146,0.0116189675101441,0.011604698734914636,0.011591700104083988,0.011580021950106047,0.011569702037064318,0.01156076631433382,0.011553230706569264,0.011547103440600502,0.011542385984490292,0.01153907386355356,0.011537159758452781,0.011536626168759431,0.011537448869599813,0.011539600229582194,0.011543049942031916,0.011547765521226041,0.011553712676716362,0.011560855545011874,0.011569156872144593,0.011578578135240965,0.011589079562881223,0.011600619935735594,0.011613148317555685,0.011626608103787555,0.011640939484205384,0.01165608059383662,0.011671967242522733,0.01168853602054323,0.011705716980856718,0.011723435071012511,0.011741612690405502,0.011760172546606973,0.011779038831420301,0.011798138230113603,0.011817403168309473,0.011836763908721432,0.011856152355760098,0.011875504887604704,0.01189476282509291,0.011913872674215408,0.011932786250235314,0.01195146069221004,0.011969858412153717,0.01198794698549545,0.012005698987947582,0.012023091769216765,0.01204010292062543,0.012056712196336652,0.012072902815664114,0.012088660648283739,0.012103974901048021,0.0121188379302824,0.0121332461649605,0.012147199206756547,0.012160699650503102,0.012173753637960747,0.012186369994977414,0.012198559662000265,0.012210337728768715,0.012221714261431054,0.012232697790077402,0.012243297567893616,0.012253523613786559,0.012263386647108201,0.012272898007311338,0.01228206955443082,0.012290913599030007,0.012299442828396978,0.01230767021339685,0.012315608915266037,0.012323268909608786,0.012330658474727578,0.012337785446320486,0.012344664294836718,0.012351303611487745,0.012357709434420787,0.012363872734299123,0.012369790632907059,0.012375457331392248,0.012380863544153853,0.012385997749191848,0.012390846163012188,0.012395395162608526,0.0123996253646403,0.012403514800333235,0.012407041227476755,0.012410183601163204,0.012412922792447698,0.012415241979505595,0.012417121753181482,0.012418547335807908,0.012419503870801613,0.012419977188962986,0.012419954718222175,0.01241936851661216,0.012418164197452787,0.0124162725757997,0.012413640006804737,0.012410228391400503,0.01240601490323376,0.012400992587907203,0.012395166348254107,0.012388552598012146,0.012381178376384331,0.012373079828458231,0.012364300327494785,0.01235488999523768,0.012344899650721124,0.012334381102621129,0.012323386351557587,0.012311969931277549,0.01230018249584856,0.012288071151984393,0.012275679637686736,0.012263048395707446,0.012250215353999654,0.012237216055478294,0.012224083635245936,0.012210842341822426,0.012197495162971354,0.012183705123965686,0.012169368714624299,0.012154425644019579,0.012138860288801732,0.012122825191470702,0.012106454963648976,0.012089867407256944,0.012073169282885762,0.012056455102984311,0.012039809761019954,0.012023313164807538,0.012007032468852208,0.011991026520096202,0.011975347959318485,0.011960044008869904,0.011945157201684582,0.011930726141680077,0.011916778980721469,0.011903337769096503,0.011890422974678266,0.011878046422120132,0.011866201553388217,0.011854834764651483,0.011844005533480279,0.01183344409273431,0.011822970978396706,0.011812455919154566,0.01180186327124623,0.01179125038259588,0.011780673307561034,0.011770186176038323,0.011759846212813306,0.011749711042639529,0.011739839927911435,0.01173029456265839,0.011721128389909621,0.011712389735456432,0.01170411899286463,0.011696353891274693,0.011689127904057175,0.01168246866915884,0.011676360307119505,0.011670862667633425,0.011664664280112608,0.011657855998796813,0.01165054031207878,0.011642705926158384,0.011634691756301219,0.011626171407296349,0.011617173585998456,0.011607781829609863,0.011598156771434462,0.01158845040683994,0.011578810310709719,0.011569394860439137,0.011560407871077514,0.011552009353377015,0.011544313858853818,0.011537427421574889,0.011531372566676319,0.01152615892783247,0.01152182370985224,0.011518405248294684,0.011515936051841414,0.011514443624472065,0.011513944159211345,0.011514261479965825,0.011515419003195413,0.011517298769390326,0.01151849958498126,0.011521242613888713,0.011513272272084837,0.01149271248366699,0.01146664217464689,0.011440102228272768,0.01141514403990565,0.011391863782197672,0.011370376583910187,0.011350781289854945,0.011333159583984644,0.011317575691988315,0.011304078570851124,0.01129270546725163,0.011283119374865045,0.011274581252935035,0.011268393121194332,0.01125139645346895,0.011236296277031651,0.011209238109652901,0.011185613108206162,0.011148230218996143,0.011115983282178651,0.01105592478627437,0.011007873784330645,0.010926311893199713,0.0108548009003523,0.010792743845629798,0.01073957099510189,0.010694744559950904,0.01065775686908398,0.010628129985940277,0.0106054134915312,0.010589182273931776,0.010579033917623304,0.010574585465462567,0.010575471815011936,0.010581346436625684,0.010591873810491311,0.010606732318030984,0.010625614810596283,0.010648228786973694,0.010674295873065297,0.010703549005870264,0.010735734832005706,0.010770606058363214,0.010807922209826706,0.010847449406826557,0.010888957836988043,0.010931626617908379,0.010975711310540379,0.010994654412077655,0.011007449984291862,0.011022461253316107,0.011039481821363066,0.011058403705261951,0.011079104385318856,0.011101448199288032,0.011125303791094512,0.011150534349701747,0.01117701453779205,0.011204639357870052,0.01123331214528041,0.011262944491727522,0.011293455424773977,0.011324759157267458,0.011356772924416727,0.01138913322636483,0.01142153892210388,0.011446554404087483,0.011469539944591186,0.011478926298377632,0.011504605109130752,0.01142148035329498,0.011346130657282315,0.011279791251747271,0.011222873101614676,0.011174391375541236,0.011133856987363128,0.011100812841876638,0.011074826698221149,0.01105548715500647,0.011042405181207091,0.011035186763823932,0.011033451216741883,0.011036843363257987,0.011045022876505786,0.011057665088996829,0.011074460698000426,0.011095114879181913,0.01111933665948801,0.011146848947927194,0.011177384854559696,0.011210596848270712,0.01124624118046394,0.011283906099594895,0.011322236923335274,0.011363118289051448,0.011401408118122833,0.011437531354744776,0.011471870437069669,0.011504792857565057,0.01153659939325937,0.011567556922569468,0.011597907765247805,0.011627869237265052,0.011657633224123637,0.011687372090441477,0.011717236535557932,0.011747357899292833,0.011777841625438613,0.011808772347457353,0.011840212566367865,0.011872206779549914,0.01190478523107636,0.011937964604337986,0.011971748282135718,0.012004951492033015,0.012039822037156636,0.012016359382495189,0.01199905101567471,0.011910945160307147,0.011833325792975267,0.011765580110877439,0.011707123366759352,0.011657400711881528,0.01161588731694691,0.011582084358375013,0.011555520090731046,0.011535746588831589,0.011522337165551866,0.011514891429104892,0.011513014508969953,0.011516341711806792,0.011521982748080794,0.01153475750611431,0.011481790357922454,0.01143265417918418,0.011387149764151063,0.011345088848447099,0.011306294011128171,0.011270598731923303,0.011237846376701477,0.011207889678837435,0.011180587521843132,0.011155802902503714,0.011138176964863985,0.011127289811554836,0.011122732931831447,0.011124117885984436,0.011131075873158588,0.011143255641371643,0.01116032130079612,0.011181954407781691,0.011207853772434804,0.011237737234833237,0.01127133827399079,0.011308405095273769,0.011348692742770207,0.011391949454476934,0.011437034416545158,0.011485542862144985,0.011453578138177723,0.011424261362741678,0.011397449268822277,0.011000709086223531,0.011003207073585914,0.010415988698674689,0.010451808779336469,0.010481757281380278,0.010514839537700679,0.010551978194804967,0.010592799575879854,0.010637024554642908,0.010684429405145213,0.010734809035550743,0.010787976582236593,0.010843764796623337,0.010902035119702646,0.010962581421981457,0.011025182028831867,0.01108964991390742,0.011155812212375951,0.011223505108710593,0.01129257168284129,0.011362861303454938,0.011434229348472833,0.011506533913961801,0.011579637857603936,0.011653410423566542,0.011727726560568159,0.011802466286653452,0.011877514082078036,0.011952755459340596,0.012028074555349846,0.012103368449450962,0.01217849417713823,0.012253321862754784,0.012327735746966715,0.012401635745311624,0.012474935772138426,0.012547561826602802,0.012619453011704865,0.01269055997244657,0.0127608433340714,0.012830274136204146,0.012898824439093305,0.012966472266439657,0.01303320185389496,0.013099002976938012,0.013163870237512563,0.0132278023154974,0.013290801140477933,0.01335287114021712,0.013414018480368741,0.013474250122031461,0.01353357262098365,0.013591985234344798,0.01364947993968043,0.013706045729490558,0.013761669316364472,0.01381632911888335,0.013869994412651385,0.013922651370632137,0.013974281386205298,0.014024855149176048,0.014074339008503522,0.014122685611595742,0.014169845180613141,0.014215775014226044,0.014260427851479143,0.014303758134425557,0.014345724193170508,0.014386286075846624,0.014425407167593843,0.014463055860300096,0.014499204974252894,0.014533831192253849,0.014566907743930765,0.014598411425153671,0.01462832417810302,0.014656628763225675,0.014683306768188669,0.014708342258165032,0.014731720269993198,0.01475345103016012,0.014773543306169977,0.014792013484614184,0.014808884130618571,0.014824182335635478,0.014837941919456026,0.014850202175684127,0.01486100703225765,0.014870406052498859,0.014878444492516973,0.014885170177786794,0.014890634161332322,0.014894890614064467,0.014897996592314663,0.01490001170941795,0.014900997713448078,0.014901017956918639,0.014900136671431596,0.014898417099158323,0.014895921891740174,0.014892709960439567,0.01488883435169313,0.014884346500220432,0.014879292724624241,0.01487371900716168,0.014867670803555864,0.014861195512751172,0.014854341076693723,0.01484715409898685,0.014839681756260666,0.014831970325809626,0.014824064355895951,0.014816007752497699,0.014807834275992903,0.014799574915331508,0.014791258733219854,0.014782913020061465,0.014774563422945903,0.014766234052734013,0.014757947561311003,0.01474972505143502,0.014741585605178362,0.014733542351680543,0.014725603819996914,0.01471777149035112,0.014710026916501032,0.014702352809361566,0.014694726206234741,0.01468711220412442,0.014679472135386045,0.014671770846159695,0.014663976220951155,0.014656059099354189,0.014647995467672238,0.014639766650508352,0.014631358223332712,0.014622760876075027,0.014613961341084628,0.014604949230605178,0.014595717775699837,0.014586263874251245,0.01457658798523585,0.014566693838627869,0.014556587211914131,0.01454627631845005,0.014535771495694677,0.014525084575506674,0.014514216607387389,0.014503171593145943,0.014491946224969679,0.01448053533331319,0.01446893574458386,0.014457134471038897,0.014445117695319384,0.014432878072135256,0.014420413103705962,0.014407724314255793,0.014394818011624922,0.014381705783222827,0.014368402738570561,0.014354927855579003,0.014341295913863017,0.014327523125157685,0.014313627715197908,0.014299629935223575,0.014285551970155727,0.014271417756837249,0.014257252698929638,0.01424308323728122,0.014228936118127148,0.014214835053333107,0.0142008018238372,0.014186855053252555,0.014173008117702127,0.014159266391704462,0.014145632934203532,0.014132112452698353,0.014118691258664837,0.014105357400996263,0.014092103142074137,0.014078921874375797,0.01406581074934276,0.014052768291883858,0.014039795492636835,0.014026897099331526,0.014014073036404017,0.014001324988537926,0.013988656892599273,0.013976074985760785,0.013963587759534539,0.01395120574900194,0.013938941105592096,0.013926807198298474,0.013914818214220519,0.013902988682809989,0.013891331846692369,0.013879858334432308,0.013868573244193374,0.013857476126005821,0.013846569461985415,0.013835844568498337,0.013825288257385994,0.01381489304491362,0.013804650559612679,0.0137945530727356,0.01378459441297927,0.013774772259469706,0.013765086168743274,0.013755537987842419,0.01374612427046974,0.013736842856372519,0.013727693360893993,0.013718677350043739,0.013709798352759537,0.013701061691273532,0.013692474019432476,0.013684041621350809,0.013675770967282416,0.013667668449812894,0.013659736626451674,0.013651978003294948,0.013644385366425354,0.013636947609917396,0.013629650059303533,0.013622477009544656,0.013615414947901958,0.013608445671002126,0.01360155419360995,0.01359472739511649,0.0135879566025099,0.013581233318664652,0.013574551538962623,0.013567909129499489,0.013561299809239011,0.013554719287884017,0.013548165657835835,0.01354163955311105,0.013535144097222196,0.013528684525287807,0.013522265976428059,0.013515894035765726,0.013509572085072207,0.013503305890599561,0.013497098647907557,0.013490949833525452,0.013484852508491922,0.013478798580396086,0.013472780836582333,0.013466778625924082,0.01346077161651995,0.013454743846265608,0.01344868640430583,0.013442595162020949,0.013436472374893297,0.01343032470324006,0.01342416246329869,0.013417999147758817,0.013411844198915213,0.01340570876583614,0.013399605739299825,0.013393549517799948,0.013387555519961214,0.013381636876178795,0.013375805111622362,0.013370061528623038,0.013364409683129106,0.01335885075236336,0.01335338400881315,0.013348005391178147,0.013342704303541134,0.013337468369951701,0.013332282110453881,0.01332712734357286,0.013322003643944534,0.013316918303057868,0.013311877472253182,0.013306885529136402,0.01330194998751792,0.013297068243206308,0.013292236141357145,0.013287455367579505,0.013282726316140154,0.01327805153688369,0.013273435182466,0.013268882772681994,0.013264401070112833,0.013259997966737129,0.013255682259574231,0.013251463254669634,0.013247350017196962,0.013243344409531366,0.013239449557384098,0.013235666919486513,0.013231992854708026,0.01322842304296576,0.013224952856663698,0.01322156751465689,0.013218252134533953,0.01321500000257803,0.013211806117140464,0.013208665755648953,0.013205578374373065,0.013202545835801669,0.013199572264179298,0.013196663405594881,0.013193820563968752,0.013191046149037705,0.013188343925899494,0.0131857176711056,0.013183169760895569,0.013180704650092148,0.013178325716381226,0.013176035327678599,0.013173834937571769,0.013171725043869278,0.013169705014018046,0.013167772194390512,0.013165916852113506,0.013164109559940384,0.01316235320713046,0.013160629492865897,0.01315892277022781,0.013157221848179128,0.01315552560434259,0.013153838882866442,0.013152173734650515,0.013150530037175931,0.013148906796336072,0.013147310070753137,0.013145743665286513,0.01314421241310038,0.013142722190099501,0.013141280012563818,0.013139894022098638,0.013138572039645002,0.01313732108363552,0.013136149003239025,0.013135062285893303,0.013134065894653019,0.013133162904722427,0.013132349936775445,0.013131524608170237,0.01313067906647814,0.013129727820907405,0.013126275895695249,0.013120316887635005,0.013112065696884988,0.01310180384086018,0.013089819343239894,0.013076391839982696,0.013061785601638514,0.013046112136651595,0.013029352775828246,0.013011337741498602,0.012992454988486796,0.012970176135155628,0.012945624570793117,0.012914395379769222,0.012880291641191366,0.012843589184655661,0.012804767138210124,0.012764258966749762,0.012722470648227143,0.012679746209316714,0.01263641120814409,0.01259273880099264,0.01254920400299428,0.012506227569529975,0.012464181024227623,0.012423390554360108,0.012384142074131613,0.012346684638821083,0.012311232562701755,0.012277970179276272,0.01224705333060635,0.01221861134684324,0.012192748072908745,0.012169539613884294,0.012149040930077558,0.0121312837131935,0.012115659535119106,0.012100666737571,0.012088946056195711,0.012063576719138639,0.012039438836833364,0.012003428805643307,0.011970195599607752,0.011922980638094305,0.011880586709476894,0.011841434296218775,0.011805563262110415,0.011773033999707107,0.011743886187583907,0.011718141113799024,0.011695805077003652,0.011676871430890495,0.011661321519759594,0.011649127488305213,0.011640251980970054,0.011634649180038936,0.011632264650247283,0.011633032649761753,0.011636881243108441,0.011643733351177852,0.011653507380936252,0.011666117972749648,0.011681476222174782,0.0116994899177259,0.011720063616162393,0.011743090687356792,0.011766213972844044,0.01179376950892154,0.011730826805426997,0.011674881720590355,0.011625538303326582,0.011582523605455862,0.011545572222129003,0.011514426060448123,0.011488831919761158,0.01146854877336126,0.011453342370078006,0.01144298538604966,0.011437257621620211,0.011435944628022573,0.011438835989101608,0.011445721699548538,0.011456396001730434,0.011470657597909764,0.011488308224617326,0.011509153539756706,0.011532994807364695,0.011559640192062584,0.011588897936479482,0.011620576224927247,0.011651335442840789,0.01168730453604809,0.01160867574258189,0.011540230734879364,0.01148130341461475,0.011431338698561624,0.011389810390696949,0.011356220134287854,0.011330097554018401,0.011310998195310364,0.011298501250755476,0.01129221013347396,0.011291749483340599,0.011296764012903639,0.011306915897751962,0.01132188096025503,0.011341351413925213,0.011365035229361274,0.011392655357317021,0.011423948932078612,0.011458666437963809,0.011496570797703267,0.011537436324352791,0.011581047249162833,0.011627191850321279,0.011675663626004282,0.011726260849455003,0.011778776734826772,0.011833015012716674,0.011888704414882335,0.011945590063511875,0.0120034346933657,0.01206202078148814,0.012121149757454527,0.01218064055109642,0.012240330931989755,0.012300075263813636,0.012359743600241193,0.01241921894005668,0.012478393572206889,0.012537172157994714,0.012595471173469649,0.012653218163823298,0.012710350998947588,0.01276681712945838,0.01282257284492258,0.012877582534479808,0.012931817957201974,0.012985257528304659,0.013037885620205029,0.01308969149697551,0.013140663040276487,0.013190791312029724,0.013240069390067636,0.01328849328170732,0.013336060785809447,0.013382772650366458,0.013428631293161452,0.013473639363227558,0.013517801654117614,0.013561123109319001,0.013603608538730544,0.013645260026950034,0.01368607399264062,0.013726045301709226,0.01376516763040255,0.013803433673509665,0.013840835133799358,0.013877361310426523,0.013913000292233706,0.0139477393071997,0.01398156443905817,0.014014453053488644,0.014046386771593498,0.01407733923069687,0.014107272010368469,0.014136143038376476,0.014163912430275708,0.014190536477739891,0.01421597295967022,0.014240185487074812,0.014263145886361643,0.014284833111141136,0.014305235720630902,0.014324349804461572,0.014342178875334606,0.014358730955781933,0.014374016035020792,0.014388049931459387,0.014400854009011015,0.014412454347532916,0.014422877795334675,0.014432152272377655,0.01444028655366606,0.014447296182679053,0.014453197616293677,0.0144580079909269,0.014461744234792928,0.014464420058384615,0.014465935076397058,0.014466412554674768,0.01446518062779932,0.014461609914931957,0.014455758875559442,0.01444773391438558,0.014437653662550004,0.014425644096014253,0.014411842861137744,0.014396383034015392,0.014379405898918075,0.014361060229604922,0.014341495440946157,0.01432086201770615,0.014299309672466088,0.014276985956562056,0.014254027887134322,0.014230577484837385
3.75,0.9985917581180985,0.9972027857841503,0.9958270944063115,0.9944590134630996,0.9930931851256801,0.9917245590348382,0.9903483864721898,0.9889602123656529,0.987555863394749,0.9861314377690156,0.9846832894536921,0.9832080161602044,0.9817024454954382,0.9801636246797617,0.978588809027389,0.9769754508027297,0.9753211883246383,0.9736238347762892,0.9718813672173382,0.9700919123596231,0.968253727212262,0.9663651814446506,0.9644247381539761,0.9624308650049245,0.9603820479066099,0.9582767209992342,0.9561131114889548,0.9538891858697286,0.9516026555539144,0.9492509797814584,0.9468313077416953,0.9443406379218773,0.94177587895858,0.9391338273029769,0.9364115111668182,0.9336060876859792,0.9307146531961802,0.9277343096883784,0.9246622288221219,0.9214956915032444,0.9182321155375488,0.9148690482496812,0.9114041988439227,0.9078354666944535,0.9041609586430164,0.9003790044855491,0.8964881606419599,0.8924871985477748,0.8883751623363487,0.8841511283496257,0.8798142230865555,0.8753635519426626,0.8707983113668369,0.8661178450688003,0.8613216133391874,0.8564093758956566,0.8513812404431149,0.8462376188212002,0.8409805019858346,0.8356123274041202,0.8301351889084103,0.8245511632439657,0.8188624716958003,0.8130715190132595,0.8071808946998533,0.8011933647530558,0.7951118610689832,0.7889394702783762,0.782679416290196,0.7763350479363684,0.7699098347865494,0.7634073522715147,0.7568312688700876,0.7501853224479768,0.7434732752567883,0.7366988437387109,0.7298658305472839,0.7229781302173375,0.716039668516031,0.7090546218775319,0.7020272133031943,0.6949615365809311,0.6878615740274927,0.6807312279012008,0.6735743255193538,0.6663946222993394,0.6591957973635535,0.6519814495067684,0.6447550942100735,0.637520161713192,0.6302799957127891,0.6230378505431945,0.61579688237285,0.6085601482997196,0.6013306149937581,0.5941111551251591,0.5869045507628776,0.5797134932831138,0.5725405824459501,0.5653883375602031,0.5582591898404263,0.5511554830198209,0.5440794793658856,0.5370333615115259,0.5300192281317707,0.5230391015288365,0.516094915560559,0.5091885215945646,0.502321685182541,0.49549609458208166,0.48871336224820455,0.48197502630948114,0.4752825519750895,0.4686373326823901,0.46204068126568365,0.4554938230111359,0.4489978855264373,0.4425538973498422,0.4361627964332451,0.4298254287447834,0.4235425553954773,0.41731482820784904,0.4111428059226158,0.4050269535454147,0.3989676757626949,0.3929652987532814,0.3870200776644895,0.38113226990416804,0.3753021069733959,0.3695297687463262,0.3638153779122237,0.35815902387361775,0.35256076724829233,0.347020646772156,0.34153866193430893,0.33611461191348163,0.33074831662005905,0.32543966725060275,0.3201885602907879,0.3149950249707295,0.3098591611585513,0.30478106128244536,0.29976084131874386,0.29479857975961293,0.28989429335055367,0.285047944576698,0.28025946058423806,0.27552872785513893,0.27085567860433035,0.2662402570731069,0.2616824050928475,0.2571820776138775,0.252739219394946,0.24835375992213993,0.24402560445317847,0.23975464256913415,0.2355407468152869,0.2313837805975881,0.2272835985855099,0.22324004674504075,0.2192529623999927,0.21532217415949928,0.211447501838051,0.20762875636307881,0.2038657336981436,0.20015821731896982,0.19650598178632728,0.19290879094392227,0.18936641538976162,0.18587860498940265,0.18244509965471842,0.17906562275769072,0.17573989773199264,0.1724676371494502,0.16924853245563887,0.16608228109699102,0.1629685686421136,0.15990707171542723,0.15689745169791997,0.15393935612665074,0.1510324151529718,0.14817624690252937,0.14537045745532,0.14261464084618308,0.13990837910691586,0.13725124235143477,0.1346427888995893,0.13208256543379626,0.12957010174164318,0.12710489698329314,0.12468641894804926,0.12231408514849777,0.11998724207156225,0.11770529716134087,0.11546770267562713,0.113273909814213,0.1111232646478996,0.1090150238486179,0.10694839253331807,0.10492301035712043,0.1029386535989978,0.10099499119681656,0.09909152841050238,0.09722768153822711,0.09540282976412945,0.09361635481536049,0.09186763664060002,0.09015604472326545,0.08848097046234692,0.08684178393882304,0.08523783065505056,0.08366844889521115,0.08213297318420976,0.08063073703125669,0.07916107854392954,0.07772333990053847,0.0763168664026802,0.07494101441742147,0.07359514815308282,0.07227864545848008,0.07099089274873119,0.06973128578297488,0.0684992330219262,0.06729415437134245,0.06611548002837654,0.06496265462660682,0.06383512868891626,0.06273236309870514,0.061653827657192586,0.060599003614769,0.05956738372049856,0.058558472215372116,0.05757178478786461,0.056606848491614445,0.05566320162447562,0.054740393545928606,0.05383798162328006,0.05295553201674373,0.052092621665482196,0.051248837090484264,0.0504237846620314,0.04961707339674018,0.04882832152113133,0.04805716305593164,0.047303235287828975,0.046566183653949995,0.04584566165376325,0.045141331170712284,0.04445286138199848,0.043779929052845196,0.043122217109164335,0.04247941485208656,0.04185121730049665,0.04123732564137831,0.040637447037689164,0.04005129444129427,0.03947858641689876,0.03891904697527366,0.038372405414937846,0.03783839617077427,0.03731675778020016,0.03680723373710841,0.03630957158035097,0.035823522586423476,0.03534884266714585,0.03488529133649482,0.034432632145407455,0.03399062629095094,0.03355904626026433,0.03313766879858441,0.032726276459251864,0.03232465556894796,0.03193259649349374,0.03154989508445011,0.031176349248461795,0.030811760636338986,0.030455934164288854,0.030108678599554323,0.029769806503509917,0.029439134165317026,0.029116481524538797,0.028801672112260132,0.02849453298751197,0.028194894664358056,0.02790259038910766,0.027617453988795646,0.02733932111799205,0.027068028777565038,0.026803417515331364,0.02654532887992366,0.02629360667685964,0.026048096438181616,0.02580864765387074,0.025575112720598026,0.025347345421356453,0.025125205586149727,0.02490855586010232,0.02469726286761264,0.024491193931845293,0.024290218607917618,0.024094208254632946,0.02390303666559652,0.023716580040218874,0.023534717005627443,0.023357328594596764,0.023184298341372443,0.023015512182742788,0.022850858432083107,0.02269022678174277,0.022533507545142044,0.022380593895671264,0.02223138109944032,0.022085766397112558,0.02194365051581878,0.021804936902740987,0.02166953485019206,0.02153735427717164,0.02140830752875022,0.021282308845146067,0.021159277418937486,0.021039135167573296,0.020921807575230964,0.020807222116340965,0.020695308758562965,0.02058599909891488,0.02047922763921403,0.020374931826400978,0.020273052037452142,0.02017353155561479,0.020076316527153058,0.01998135589823917,0.019888601331318145,0.01979800464894259,0.019709517795618033,0.019623093754094784,0.019538686343296863,0.019456250737006044,0.019375743163683883,0.019297120646200434,0.01922034273211054,0.019145369846541298,0.019072163405138124,0.01900068714173013,0.01893090601886395,0.018862786001834674,0.01879629583754266,0.018731403028758985,0.018668075876732543,0.0186062829961692,0.018545994132364865,0.018487180077032962,0.01842981261998284,0.018373864549577887,0.018319309629046508,0.018266122560308535,0.018214278944162755,0.018163754104654345,0.018114522919460727,0.018066561224269497,0.018019845231689268,0.0179743519092336,0.017930059168136135,0.017886944971419027,0.017844987400027844,0.017804164118338444,0.01776445220504452,0.017725828486425652,0.017688273195664996,0.01765176666501208,0.017616288690695897,0.017581816982384306,0.017548328415745655,0.01751579856394361,0.017484202976295403,0.017453517360669087,0.017423717724226274,0.017394780508199936,0.017366682715724408,0.017339402024842458,0.01731291686010831,0.017287205394590274,0.01726224621520989,0.01723801873231401,0.017214503017154374,0.017191681455436075,0.01716953646090546,0.017148050897678107,0.017127205362376753,0.017106983173362674,0.017087367148588384,0.017068339408477472,0.01704988336623597,0.017031982162982642,0.017014619634606272,0.016997778567055127,0.01698144133671333,0.01696558918221409,0.016950202788668697,0.016935262708091436,0.016920749576871293,0.01690664430811064,0.01689292543421967,0.016879569242643073,0.016866550798071273,0.016853841711112344,0.01684141106231549,0.016829227720147586,0.016817260766667664,0.0168054804756888,0.01679385882187394,0.01678236964585945,0.016770990553549987,0.016759701676190394,0.01674848583175318,0.01673733010639155,0.016726224348236188,0.01671516120191856,0.01670413708057308,0.016693149863718185,0.01668219969051962,0.016671288195830924,0.016660419238021744,0.016649598754598382,0.01663883455658489,0.016628136143795588,0.016617514517870056,0.016606981993430008,0.016596552006397793,0.016586238559635074,0.01657605531666036,0.01656601563990718,0.016556131396367985,0.016546409969352936,0.016536849262775526,0.01652742906332815,0.016518097710359808,0.01650886967817881,0.016499786923359478,0.016490878476286806,0.016482164689797782,0.016473659948756818,0.01646537518241115,0.016457319483858285,0.016449501047385545,0.016441927055362363,0.016434604420280125,0.01642753984969297,0.016420739882995358,0.016414210930163518,0.016407959311997483,0.016401991302035616,0.01639631316872393,0.016390930270347975,0.016385846688301495,0.01638106676505929,0.01637659459536416,0.01637243481051729,0.016368592239582456,0.016365071728845243,0.01636187998585975,0.01635902238222812,0.016356503307761918,0.016354326568410966,0.016352497955705023,0.01635102469802108,0.016349913461978467,0.01634917109985792,0.016348802753454603,0.016348810580566173,0.01634919511288193,0.016349955504162725,0.01635108960536339,0.016352593991840796,0.016354463828664286,0.016356692910723475,0.016359273666397625,0.016362196143521534,0.016365447841009476,0.016369015135381058,0.016372882810075567,0.016377035132924288,0.0163814552536046,0.016386124887896855,0.016391025807759824,0.016396138656114688,0.016401443369437125,0.016406920208867474,0.01641255030014246,0.016418315010343135,0.016424196956446292,0.016430178549763075,0.016436242638233265,0.016442371822766533,0.01644854953159604,0.016454760041975224,0.01646098857693087,0.01646722086441869,0.0164734430567991,0.016479641723196225,0.01648580356353181,0.016491911810637604,0.01649794682165477,0.01650388736574829,0.016509702430153088,0.016515364627038065,0.01652084950819744,0.01652613594995799,0.016531206393849647,0.016536046833651858,0.016540646690468615,0.01654499884748995,0.01654909926415565,0.016552946300575702,0.016556540956692966,0.01655988769534558,0.016562992893650916,0.01656586304385249,0.016568506073182377,0.016570931317812558,0.016573149347915307,0.0165751715068651,0.016577009471776677,0.01657867420737784,0.016580175304413036,0.016581518952714244,0.01658270373190828,0.016583477758352085,0.01658365445685518,0.016583079502942168,0.016581652166495014,0.01657931266553746,0.016576024999381545,0.016571773932804873,0.016566562178499084,0.01656040559907704,0.016553340787250438,0.01654541698630892,0.016536694222528788,0.016527238180923866,0.016517120070448584,0.016506414979520573,0.016495201673456437,0.016483561600760893,0.016471577893520724,0.016459334463282047,0.01644691521021538,0.016434403335974367,0.016421880745051864,0.016409426453676393,0.016397115737545712,0.01638502128240784,0.016373212509242528,0.01636175552965455,0.01635071211950561,0.016340138242991787,0.01633007974095514,0.016320585847199184,0.016311707663213708,0.016303495208925673,0.01629599391298052,0.01628924292983744,0.016283275989519872,0.01627812028202503,0.016273798384565993,0.016270328187945715,0.016267723740106228,0.01626599550484182,0.016265150616412895,0.016265193146008567,0.016266124374516473,0.016267943063525813,0.016270645717788464,0.016274225774074932,0.016278673540244315,0.016283977824143845,0.01629012592536646,0.016297104836569598,0.016304899523702867,0.016313493980388144,0.016322871922006914,0.016333016117438277,0.016343908743990894,0.016355532358850365,0.016367868359699316,0.016380897535271017,0.016394600730711202,0.016408957495488565,0.016423946648618987,0.016439545787114096,0.016455732188549867,0.016472482915330797,0.01648977489021342,0.016507584965506843,0.016525889982456517,0.016544666821221007,0.0165638924412702,0.016583543448455917,0.016603595793954394,0.016624025577932577,0.0166448089445752,0.016665919472371084,0.01668733269153812,0.01670902439255439,0.016730969611574296,0.016753144740770047,0.016775526389247106,0.016798091345278838,0.016820816503971575,0.01684367844559348,0.016866653836751448,0.016889718302624594,0.01691284666308413,0.016936012256355194,0.016959188049684028,0.016982346767445703,0.017005460997431634,0.017028503146267936,0.017051445466401097,0.017074260120809374,0.01709691927470041,0.01711939412294376,0.01714165457649739,0.017163671016469848,0.017185414330949358,0.017206856154406813,0.017227968627305242,0.017248724945627604,0.01726910137415027,0.01728907426033261,0.017308621451805874,0.017327723485886824,0.017346361707721192,0.01736451894708139,0.017382180738658045,0.017399332488866978,0.017415960851029307,0.017432053329893733,0.01744759897178829,0.01746258840505899,0.017477013855225643,0.017490869151609967,0.017504149723395073,0.01751685258343433,0.01752897627210803,0.017540519689021677,0.01755148176327795,0.017561862782122534,0.017571664279543465,0.01758089024818581,0.01758954484099588,0.01759763326645457,0.017605165587439332,0.017612149680277352,0.01761859420488305,0.017624508554632465,0.017629902344726178,0.01763478504746659,0.017639166521322906,0.01764305507056997,0.01764645818580653,0.01764938220775206,0.017651832833469574,0.017653815185004113,0.017655333896071913,0.01765639322339509,0.017656997175466167,0.017657149645250954,0.01765685450733954,0.017656114834437873,0.017654933189844756,0.017653312356531288,0.017651255521845866,0.01764876592412176,0.017645847616202574,0.017642505199832924,0.017638744860787807,0.01763457274330157,0.017629995655368574,0.017625021029722448,0.017619657034881626,0.017613912166151283,0.01760779565923435,0.01760131638598875,0.017594483166459264,0.017587304306799993,0.017579788431657483,0.017571944562911494,0.017563782169552802,0.017555311161591744,0.0175465418996504,0.017537485191320465,0.01752815221837173,0.017518553537597542,0.017508698096409977,0.017498594761330713,0.017488252033183885,0.017477678240956293,0.01746688054211777,0.017455865346152462,0.01744463873732149,0.01743320667245455,0.017421575066911315,0.01740975018240932,0.01739773867192865,0.017385547393305674,0.01737318430102056,0.01736065674583159,0.017347972149283724,0.017335137422599487,0.017322160208165148,0.017309049004513483,0.017295813238161265,0.017282463313682273,0.01726901064210304,0.01725546764743227,0.01724184774917636,0.017228164220752764,0.017214429747455,0.01720065777768415,0.017186862406399717,0.017173058447509514,0.017159261098071796,0.017145486147464285,0.017131750304704714,0.017118070624830235,0.017104464508119026,0.017090950155855485,0.01707754550650539,0.017064268203663458,0.01705113599019955,0.017038165391698355,0.017025371824241534,0.017012768869204536,0.01700036928657747,0.0169881850091038,0.016976227113736392,0.016964505757291408,0.01695303014856767,0.01694180853281772,0.016930848186242207,0.016920154431825707,0.016909729986563718,0.016899576736993435,0.016889695688099473,0.016880087238297294,0.01687075082433957,0.01686168536394023,0.016852889548260454,0.016844361856514965,0.016836100547031864,0.016828103913588008,0.01682037017628343,0.01681289717990183,0.016805683241471907,0.016798725151477272,0.01679201886222581,0.01678555892847281,0.01677933961810879,0.016773355004086894,0.016767599022949668,0.016762065527808415,0.016756748329028508,0.01675164111282158,0.01674673739551728,0.016742029572451116,0.016737508280759796,0.016733163984979867,0.016728986799032806,0.01672496670498055,0.016721093083546874,0.01671735262632389,0.016713729633958358,0.016710207151272437,0.01670676696943755,0.016703390184831246,0.01670005748969806,0.016696749166402056,0.01669344628474745,0.016690128848407388,0.01668677681582507,0.01668336982522786,0.0166798884534094,0.016676314480872714,0.016672631095948246,0.01666882306434539,0.0166648768611302,0.016660780761446226,0.016656524857489512,0.01665210016432832,0.016647497845442696,0.01664271094242809,0.016637734251226614,0.01663256452653286,0.016627200013373887,0.016621640659086626,0.0166158924745446,0.016609959047894488,0.016603845411404194,0.016597555215407154,0.016591095930716008,0.016584475409535324,0.01657770191914576,0.01657078319143135,0.016563726422177145,0.01655653771121992,0.01654922303041221,0.016541788270263803,0.016534239274958087,0.016526581890272764,0.016518822020034993,0.016510965683631994,0.01650301906518966,0.0164949876644495,0.01648687545431865,0.01647868668250917,0.016470425796291575,0.016462097639908763,0.016453707215783802,0.016445260001640184,0.016436764634779548,0.01642822808880233,0.016419657620212934,0.016411060792231577,0.016402445512348863,0.016393819605201372,0.016385191249672405,0.016376567735440377,0.016367955694732362,0.016359360695000318,0.01635078809482014,0.016342243115536566,0.016333730891447133,0.016325256517693558,0.016316825089217432,0.016308441725050096,0.016300111533921732,0.016291838759084,0.016283625962676566,0.01627547572607567,0.016267390589846272,0.016259373758936106,0.016251427950376436,0.01624355604962403,0.016235763170918155,0.016228052973548675,0.016220429136631975,0.016212895899009067,0.01620545710060913,0.01619811602188955,0.01619087608093319,0.016183738630883775,0.016176703907740047,0.016169770806350764,0.016162937479094107,0.01615620143200453,0.016149559623373496,0.016143008573728503,0.016136544472176946,0.016130163295176126,0.01612386091554368,0.016117632383139336,0.01611147112486639,0.016105370761304624,0.01609932221038933,0.016093314394702418,0.016087334721251314,0.01608137006258876,0.016075407632246883,0.0160694348323447,0.016063439863624584,0.016057412967682278,0.016051344062022695,0.0160452235077877,0.016039042832660763,0.016032793034373608,0.016026464990165364,0.016020049130429856,0.01601353638195813,0.016006918299744446,0.01600018715545189,0.01599333599815405,0.015986358705845277,0.01597925002789348,0.015972005612971928,0.01596462123635258,0.015957091974031862,0.015949413873050045,0.01594158390829932,0.015933600147477744,0.01592546141251409,0.015917167412452856,0.01590871956311649,0.015900120355703894,0.015891373915214457,0.01588248471183431,0.015873460251931953,0.01586430899346635,0.015855040920451088,0.015845665658501026,0.015836192979732783,0.015826632221831588,0.01581699323772502,0.015807286433612722,0.015797522745068827,0.015787713596659498,0.015777870831590633,0.01576800645177129,0.01575812811488875,0.015748234941266342,0.015738315560136443,0.015728346321780128,0.015718311878903917,0.01570820403086756,0.015698020369836852,0.015687763732893576,0.01567744157454132,0.01566706518106792,0.015656649159665442,0.015646211133672677,0.015635771133275942,0.015625350829878693,0.015614973967857736,0.015604663951298454,0.015594444143213388,0.01558433730642563,0.015574366292140523,0.015564553905625556,0.015554922725901813,0.01554549496728519,0.015536292355936922,0.015527336012283238,0.015518646158046498,0.015510241332091973,0.01550213712561313,0.01549434753066444,0.015486884646021963,0.015479759164149459,0.015472979541356588,0.015466552309409949,0.015460484376537912,0.015454779405556196,0.015449439659281286,0.015444467534210485,0.015439863220694825,0.015435625796653543,0.015431753813206625,0.015428244429298663,0.015425093666286407,0.015422296330380985,0.015419846804149717,0.01541773921265128,0.015415967557775759,0.015414525835722257,0.01541340811875082,0.015412608633574089,0.015412121810142307,0.015411941621468618,0.015412060458990934,0.015412470952306526,0.015413165636075329,0.015414136568937904,0.015415374899652712,0.015416871197892461,0.015418617268255382,0.015420603243563754,0.01542281896632953,0.015425253692793312,0.015427897401678792,0.015430739990064307,0.01543377192413067,0.015436982949888288,0.01544036236438883,0.015443898871803021,0.01544758152505831,0.01545139986125724,0.015455343999077715,0.015459404722311441,0.015463573547624235,0.01546784276055523,0.0154722054442048,0.01547665479285131,0.015481183091371614,0.015485783376383266,0.015490449398797335,0.015495175760793206,0.015499957638101346,0.015504791038898045,0.015509674411679901,0.015514605757685682,0.015519583748655206,0.015524609383624172,0.015529682620041067,0.015534803628190342,0.015539972880303236,0.015545190865054064,0.015550457578530203,0.015555772279909539,0.015561134202612395,0.015566542566778717,0.015571996572815116,0.01557749539783659,0.015583038192501017,0.015588624072808963,0.01559425211349855,0.015599920652950718,0.01560562617492057,0.015611365018432825,0.015617133328190671,0.015622926595132758,0.015628739370819267,0.015634565772521376,0.015640401321097355,0.01564624023042106,0.015652076706160797,0.015657907609576888,0.015663727372768808,0.015669530265813768,0.015675310934248815,0.015681063376513933,0.015686781141057902,0.015692457266216805,0.015698084849918855,0.015703657122499885,0.015709167501711026,0.015714609644542202,0.015719977493415315,0.015725265299717385,0.01573046764964527,0.015735578856395874,0.015740591836164552,0.015745499833758166,0.015750296401160442,0.0157549726914556,0.015759513911769534,0.015763902346609696,0.01576811892103675,0.015772143483270783,0.015775955744272555,0.01577953348228468,0.01578285851156103,0.015785914146369397,0.01578868617360639,0.015791161183749982,0.015793327073478972,0.01579517283078336,0.015796689482881647,0.015797869807834538,0.015798708081970324,0.01579919987331119,0.015799341878215307,0.01579913179134259,0.015798568169262638,0.01579764965689731,0.015796373294904104,0.015794711907180875,0.015792631893268783,0.01579010359744572,0.01578710560522136,0.015783623841115247,0.01577965082142813,0.015775184911345157,0.015770229574815203,0.015764793013124615,0.01575888752264254,0.015752528717525204,0.015745735921388036,0.0157385297572435,0.015730932192324566,0.015722966170807307,0.015714656138222604,0.015706027817846486,0.015697107977977843,0.015687924208239855,0.015678502290655552,0.015668866704138126,0.01565904071101642,0.015649044729740397,0.015638894986177092,0.01562860426037067,0.015618185593142401,0.015607652176477407,0.015597017373256843,0.015586294921676106,0.015575499121627489,0.015564644879473922,0.015553747640010267,0.015542823742733396,0.015531890004716001,0.015520963495428454,0.015510062304306774,0.015499203465493428,0.015488403316067994,0.015477677469635751,0.015467041550020173,0.015456511195051818,0.015446102035603019,0.015435829656338473,0.015425709540325615,0.015415756841558884,0.015405986304130481,0.015396411112256115,0.015387006067640987,0.015377687904861393,0.015368346987986782,0.015358889463992706,0.015349237871322946,0.015339330861533213,0.015329127476419,0.015318605615607161,0.015307758821545352,0.015296593436145962,0.015285126306321882,0.015273382309964731,0.015261393349568894,0.015249194932665525,0.015236825341108921,0.015224324630666957,0.015211734432612008,0.01519909721124809,0.015186455615510453,0.01517385192955754,0.015161327346999244,0.015148921593121532,0.01513667250627157,0.015124615124266405,0.015112779852619678,0.015101189289560165,0.015089868239840718,0.01507873799773276,0.015067729955129444,0.015056787974107332,0.015045867717417952,0.015034935497156092,0.015023967084692114,0.015012947214659721,0.015001869482146815,0.01499073517541036,0.014979552483108047,0.014968333791096435,0.014957095318290103,0.014945856561785566,0.014934640307163446,0.014923472062733027,0.014912379504193577,0.014901391966420955,0.014890539980659891,0.014879854852168552,0.014869368267822534,0.014859111473416639,0.014849113519322242,0.014839402788841445,0.014830006711630714,0.014820951647273845,0.014812262244388936,0.014803961387935225,0.014796070093994057,0.014788607398490682,0.014781590200268634,0.01477503347333602,0.01476895148548846,0.014763356690283074,0.014758259954954283,0.014753669073277083,0.01474958916420962,0.014746022976606859,0.014742971671878326,0.014740434985015304,0.014738411364564987,0.014736898111431777,0.014735891513955345,0.014735386974469092,0.014735379120695209,0.01473586154952363,0.014736825487174919,0.014738261604045412,0.014740160063014636,0.014742511959341708,0.014745307031378248,0.014748534778181218,0.014752184549182154,0.01475624571951039,0.014760707481911507,0.014765559537926156,0.014770790737039052,0.014776389473469131,0.014782343769284724,0.014788641169144925,0.014795268098168893,0.014802210060609833,0.014809452242618265,0.014816979607774864,0.014824776974268556,0.014832829083213844,0.014841120622137676,0.014849636263384593,0.014858360693176063,0.014867278227095798,0.014876371298302922,0.014885622281013125,0.01489501362873502,0.014904526777026712,0.014914141750194078,0.014923837605135881,0.014933598183751009,0.014943402009510547,0.014953226952650982,0.014963049729183617,0.014972848135763992,0.014982600086256327,0.014992284071046377,0.01500187868563498,0.015011362573758942,0.015020714802099466,0.015029915480143296,0.015038945942295386,0.015047788892583486,0.015056428524934008,0.015064850618653891,0.015073042602843624,0.015080993598639115,0.015088694042461659,0.015096134039671217,0.015103305233122435,0.01511020005518898,0.015116811697456692,0.015123134028075559,0.015129162052263074,0.015134892282403048,0.015140322702521719,0.015145452736534563,0.015150283457010203,0.015154817340928986,0.015159057939116774,0.015163010472042127,0.015166680043762152,0.01517007155660406,0.015173189983772834,0.01517604092297388,0.015178630571500894,0.015180965684280026,0.015183053533204425,0.015184901866744961,0.015186518869383499,0.015187913116906001,0.015189093195827943,0.015190067042227057,0.015190842662961558,0.01519142815870074,0.015191830158528553,0.015192056514649162,0.015192115214339427,0.015192015163098076,0.015191764931745505,0.015191373040742695,0.015190849777022371,0.015190203434585214,0.015189441862860252,0.015188572264123196,0.015187601610749979,0.015186535451268704,0.01518537825783972,0.015184133987276196,0.015182806153335879,0.015181397887158618,0.015179911997679008,0.015178350590966854,0.015176714831082561,0.015175004496141271,0.015173217752874073,0.015171349501387455,0.015169393264697616,0.015167341274445434,0.015165171060104225,0.015162849433611817,0.015160335995141033,0.015157586435546157,0.015154554665052219,0.015151194677024554,0.015147462054129585,0.015143315596905082,0.015138717786242225,0.01513363621201497,0.015128041712825314,0.015121908912339235,0.015115216891655561,0.01510794982055841,0.015100096933965532,0.015091652432900098,0.015082615228612744,0.015072988764449026,0.015062780595844719,0.015052001975081955,0.015040667150768058,0.015028791290972714,0.015016391177325141,0.015003482160499565,0.014990083022802058,0.014976215189674607,0.014961902543460527,0.014947171513940932,0.014932050545937157,0.014916569835097131,0.014900761996561726,0.01488466021367285,0.014868298361214685,0.014851711460541785,0.014834933251721194,0.014817996328098663,0.014800932486187053,0.014783773078144458,0.014766548965633768,0.014749290470493255,0.01473202733874684,0.014714788700693114,0.014697603024779285,0.01468049798038003,0.014663500233236572,0.014646633589004714,0.014629920444198833,0.014613381544259545,0.014597036797925629,0.014580904168597544,0.014565000118669564,0.01454934113685824,0.014533941491611581,0.014518814250739833,0.014503970556940478,0.014489421821785831,0.014475178647309257,0.014461251123133283,0.01444764805067863,0.014434376435322192,0.014421442131478236,0.0144088502852582,0.014396605364571722,0.014384711029180016,0.014373170208685705,0.014361984910110448,0.014351155845695839,0.01434067427912296,0.014330523324951341,0.014320677211004409,0.014311106952240561,0.014301785448166841,0.014292690500835866,0.014283804863629249,0.014275115270444085,0.014266611260971337,0.014258286216247367,0.01425013622430943,0.014242162002131395,0.014234364061825516,0.014226744490219642,0.014219307029937756,0.014212056096675106,0.0142049964624367,0.014198133386923377,0.014191472169635004,0.014185017391896865,0.014178773652156964,0.014172745283448022,0.01416693562180331,0.01416134441090267,0.014155971628836198,0.014150810015884589,0.014145843107855193,0.01414104253857199,0.01413638603309839,0.014131855369532315,0.014127435793102007,0.014123115793745138,0.014118887264725703,0.01411474493102095,0.014110686130771424,0.014106710669757792,0.014102820919975497,0.014099021258341912,0.014095318585280115,0.014091719896378878,0.014088232198276136,0.01408486308766221,0.014081621010180234,0.014078515132402077,0.014075555191805564,0.014072751354662945,0.014070113719807443,0.014067643827081115,0.014065266228709822,0.014062923786655001,0.014060547408848047,0.014058079437593197,0.014055464153510118,0.014052656694362913,0.014049622098356262,0.014046334828323064,0.014042779151585012,0.014038946945402512,0.014034837541832126,0.014030459079230976,0.014025823855484367,0.014020949172908415,0.014015857799728708,0.014010573852805798,0.014005123532194113,0.01399953486302991,0.013993837332293391,0.013988061443060718,0.013982238301493654,0.013976399107245454,0.013970571443695862,0.013964784347418286,0.013959021403944281,0.013953271794610157,0.013947440889063075,0.013941453561207112,0.013935259844808671,0.013928813902489755,0.01392208078297363,0.013915037165436074,0.013907671279679342,0.013899982198471708,0.013891979695904898,0.013883683414767848,0.013875123061484959,0.01386633614475784,0.013857365778933314,0.013848253917626844,0.013839029092086558,0.013829516687880797,0.013819453561682118,0.013808554478867096,0.0137964004625953,0.013782429850975522,0.013765391756442973,0.013745882812324,0.013723959896772903,0.013700063167619635,0.013674090491627653,0.013646493235393539,0.013617408097386407,0.013586918914335742,0.01355523998018528,0.01352264624535319,0.01348943946416172,0.01345591123991141,0.013422351500576421,0.013389013461418249,0.013356132953622278,0.013323906750148537,0.013292509826750025,0.013261932117171214,0.01323228120559655,0.01320350357376798,0.013175503888626372,0.01313765430746184,0.013088207146808112,0.013026202989357452,0.012951168372766064,0.012860070544958841,0.012745738888313856,0.012643822871333905,0.012540644826042053,0.012446395377202804,0.01235398727409701,0.012210633723634557,0.012087516737510995,0.011975990533118484,0.011875408475596011,0.011785076490770765,0.01170442781695744,0.011632958247677037,0.011570188927785384,0.011515657960028142,0.01146892148228441,0.01142955321481814,0.011394995861542263,0.01136870370795427,0.011330740699048998,0.011300026457190986,0.01125127204605342,0.011198588564614947,0.011137184056131373,0.011088287083436253,0.011036865800859002,0.011024836971698678,0.010982749825912555,0.010948594569177336,0.010921909129345308,0.010902255983421857,0.010889220716170399,0.010882411721287934,0.010881459020246781,0.010886012955269319,0.010895742953961101,0.010910337176587466,0.01092950007370892,0.010952951818286143,0.010980427731374167,0.011011676169844243,0.011046457277904329,0.011084543013460752,0.01112571663901244,0.011169772103537784,0.011216513473151496,0.011265754407834115,0.011317317672218089,0.011371034456440887,0.011426743805780328,0.011484292085766745,0.011543530968418836,0.011604318319270748,0.011666517671902204,0.011729995219761608,0.011794620894074294,0.011860268282897263,0.011926814505442312,0.011994141508225016,0.012062135739277965,0.012130688328334633,0.012199695578526402,0.012269058741722136,0.01233868481238089,0.012408484319123331,0.012478371334665892,0.01254826445256744,0.012618086948589893,0.012687766757883273,0.012757236426411954,0.012826433042745052,0.012895298151147977,0.012963777647386817,0.013031821658687298,0.013099384403630546,0.013166422002510409,0.013232894025798596,0.013298763438709477,0.013363996532225315,0.013428562719035038,0.013492434419637014,0.013555588018369917,0.01361800190569404,0.013679656692614645,0.013740535573363839,0.01380062323301102,0.01385990584814688,0.013918371543637101,0.01397600832230833,0.014032803626913075,0.014088745445726289,0.01414382245001388,0.014198024003673903,0.014251340182249913,0.014303761800954462,0.014355280447834847,0.014405888518366917,0.014455579246908226,0.014504346727652356,0.014552183674314852,0.014599083290402309,0.014645039357188713,0.014690046389578775,0.01473409961067593,0.0147771950457125,0.014819330064726362,0.014860503026023975,0.0149007133038449,0.014939962649036503,0.014978252773551883,0.015015586189624142,0.01505196675951628,0.0150873978113006,0.01512188151334225,0.015155420276311796,0.015188016914323756,0.015219674686748083,0.015250397338719707,0.015280189138774552,0.015309054907755413,0.015337000034598163,0.015364030466936641,0.015390152524652746,0.015415370944178991,0.015439690083627106,0.015463112264044466,0.015485635144990472,0.015507264092221234,0.015528013816893988,0.015547900334752496,0.015566938738904223,0.015585141154530103,0.015602513712257059,0.01561906006779533,0.015634781624792416,0.0156496777710874,0.01566374832262132,0.015676991059887107,0.015689403313466046,0.015700982344054235,0.015711725597018156,0.01572163092522578,0.01573069678464777,0.015738922394513216,0.015746305691559076,0.015752844083067305,0.01575853504378851,0.01576337430712669,0.01576735809235377,0.015770483652064977,0.01577275104373366,0.015774161379782336,0.015774717603792777,0.015774428151124946,0.01577330118147893,0.015771347114678924,0.015768578916928726,0.01576501215374253,0.015760664825404457,0.01575555777177805,0.015749713179473157,0.01574315417808014,0.015735905876196908,0.015727995335005938,0.01571945149025902,0.015710305058743514,0.01570058842931587,0.015690335537307382,0.01567958172213225,0.015668363566106316,0.01565671870798796,0.01564468443705056,0.015632298374505027,0.015619598406698671,0.01560662192082638,0.015593406669216913,0.015579990173897364,0.015566407124737357,0.01555269400012405,0.01553888683067146,0.01552502153417624,0.015511132272670035,0.015497251525151582,0.015483410359535578,0.01546963650503239,0.015455953886281537,0.015442383904244525,0.015428945508624135,0.015415655249555642,0.015402527337003643,0.015389572748494618,0.015376799557890265,0.015364213230358635,0.015351816905919373,0.015339611675480574,0.01532759461127105,0.015315760759388666,0.015304103756719954,0.015292616383224693,0.015281290223671843,0.015270116007099706,0.01525908436847223,0.015248186114991026,0.015237412497513017,0.015226755673673303,0.015216208983750023,0.015205766799498657,0.015195425566717996,0.015185180663728938,0.015175026818260504,0.015164959676963501,0.015154975930686041,0.015145073378703536,0.015135250973476552,0.015125508783488697,0.015115847966441219,0.015106270725491104,0.015096780188028784,0.015087374900605483,0.015078048198588538,0.015068789754354427,0.015059587099565239,0.015050423783868906,0.015041280982763987,0.015032138910123147,0.015022978443151104,0.015013781671073144,0.01500453264110438,0.014995218028538692,0.01498582756706411,0.014976353958655169,0.014966793921676387,0.014957144928457853,0.014947405673323358,0.014937577394713615,0.014927663785644835,0.014917670676187104,0.014907605608716804,0.014897477689456472,0.014887297277406812,0.01487707569069762,0.014866824957041566,0.01485655705812521,0.01484628267791613,0.01483599908300192,0.014825698444924172,0.014815368859939554,0.014804996227086526,0.014794565955482937,0.014784064853006226,0.014773481627424916,0.014762807735607454,0.014752038181300676,0.014741171829440486,0.014730211365540587,0.014719164261331127,0.014708039498291157,0.014696848029853578,0.01468560399509475,0.014674324578398812,0.01466302978314437,0.014651742174799406,0.014640486294644695,0.0146292881647618,0.01461817484859974,0.01460716677157089,0.014596279287680022,0.014585502924605172,0.014574814055403652,0.014564194494370646,0.014553625797053448,0.01454309047114153,0.014532572995583404,0.014522061107230764,0.014511545877691072,0.014501022138381241,0.014490488902495074,0.014479949383001523,0.014469410694246263,0.014458884593457334,0.014448384019114064,0.014437923568360825,0.014427520521056478,0.014417194628499557,0.014406967842142501,0.014396864029565647,0.014386908676499225,0.0143771284674646,0.014367550911858967,0.014358203985358359,0.01434911564112477,0.014340311558492013,0.014331815778556784,0.014323650462869863,0.0143158363116235,0.014308392151506644,0.014301334789996657,0.014294679600016773,0.01428843977616934,0.014282626666313044,0.014277251264123126,0.014272321764985265,0.014267844586095965,0.014263825002099556,0.014260265050897268,0.014257163706886792,0.014254518228441317,0.014252324347120789,0.014250576426882237,0.014249267579233553,0.014248389806234519,0.01424793382301702,0.014247889202531708,0.014248244324865966,0.01424898630694555,0.014250099983544973,0.01425156774278278,0.014253331515506616,0.014255343989767875,0.01425727441071904,0.014258817681230022,0.01425973093458929,0.014259827581936177,0.014258970276892767,0.014257063579444723,0.014254049653199942,0.014249901905878076,0.014244620523824704,0.014238226998969464,0.014230760306124095,0.014222274542321573,0.014212836020186234,0.014202520674128017,0.014191411719061303,0.014179597584717856,0.014167170172890776,0.014154223331138673,0.014140851522604709,0.014127148670486854,0.014113205333391495,0.014099108809247893,0.01408491614832677,0.014070687227197665,0.014056483526759466,0.01404236706774769,0.014028400018201128,0.014014643660512683,0.014001157842383061,0.013988000805329158,0.013975228618506122,0.013962894725182399,0.013951050559909976,0.013939742047640888,0.013929010600242797,0.013918894122983574,0.013909427070404873,0.013900640496308117,0.013892562126283401,0.01388521644537413,0.013878624792805147,0.013872805460895215,0.013867773794822963,0.0138635422880578,0.013860118954606211,0.013857508177284246,0.013855711292800416,0.013854726813794837,0.013854550483893637,0.01385517541661646,0.013856592803169254,0.013858791240801319,0.013861756653636008,0.013865472556620913,0.013869919967073853,0.013875077392650155,0.013880921885431033,0.013887425866604337,0.013894558689354767,0.013902287860707234,0.013910579403733612,0.013919398189113773,0.013928708261116559,0.013938473152302889,0.013948656181990633,0.013959220736032138,0.013970130525925443,0.013981349825647237,0.013992842012346535,0.0140045706394188,0.014016500261248264,0.014028596675699447,0.014040827185416199,0.014053160725489873,0.014065568401690962,0.014078023268562017,0.014090500367394029,0.014102977044267103,0.014115432721909349,0.01412784871645948,0.014140209042257632,0.01415249680353818,0.014164695544376896,0.01417679009753596,0.014188766585012651,0.014200612387439401,0.014212316111805682,0.01422386755683352,0.014235257675156123,0.014246478533972151,0.014257523274067218,0.014268386066306472,0.014279060776564031,0.014289541553350112,0.01429982333449179,0.014309904708001206,0.01431978322123324,0.014329457097184556,0.014338920952707425,0.014348173799567458,0.014357215175321077,0.014366044789054042,0.014374662634771315,0.01438306841633455,0.014391261972723115,0.014399240502856668,0.014406999448816538,0.014414533349964781,0.01442183590907991,0.014428900098431988,0.014435718296684576,0.014442282438304812,0.014448583905931234,0.01445461379576954,0.014460362929046582,0.01446582190182797,0.014470979896142712,0.014475822619653361,0.01448033384113116,0.01448449522178661,0.014488286706101345,0.014491687695453847,0.014494678679080431,0.01449724082669334,0.014499356955892788,0.014501012167285452,0.014502194207861922,0.014502893564769302,0.014503104017326253,0.01450282075031052,0.01450204096648878,0.014500764627098284,0.014498994340979865,0.014496735350493147,0.01449399519195928,0.014490783391339496,0.0144871111854292,0.014482991261840626,0.014478437552724772,0.014473465046230267,0.014468087938259773,0.014462320040654933,0.014456174651491207,0.014449647507988309,0.014442729628202545,0.014435409691924821,0.014427676492501873,0.014419528129879934,0.014410970780579888,0.014402017339477127,0.014392686291254411,0.014383000340182087,0.014372986213637447,0.014362670289059616,0.014352079960604508,0.01434124404209571,0.014330192385538731,0.014318955504600507,0.01430756421351438,0.0142960504050591,0.014284445796231372,0.014272781241004203,0.014261086840089105,0.014249391625869573,0.014237721171173183,0.01422609608057477,0.014214538948068232,0.01420305723544536,0.014191649466327881,0.014180307747936225,0.014169022884452922,0.014157790842976104,0.014146612081097625,0.014135490670582517,0.01412443388659952,0.014113451568951857,0.014102556815402503,0.014091762419473394,0.014081082303815332,0.014070532063959626,0.014060128506770882,0.014049889450160311,0.01403983345212931,0.014029979473682036,0.014020344643688908,0.014010948209639346,0.014001741660334986,0.013992683726973567,0.01398373905140823,0.013974872686406322,0.013966068891555264,0.013957296399892027,0.013948527492194737,0.01393974062067038,0.013930924540192085,0.013922075783432557,0.013913194516471859,0.01390427582957854,0.013895337466227184,0.013886414574902054,0.013877548183654477,0.01386879277552051,0.013860195834375753,0.013851794979668895,0.013843625601418828,0.013835722435622123,0.013828119576827662,0.0138208506174857,0.01381394810665077,0.013807433824425243,0.013801329549759246,0.013795649875508858,0.013790335533502441,0.013785442860515217,0.01378040149211476,0.013774576638848873,0.013767728380279265,0.013759886457459552,0.013751184021976275,0.013741753568911578,0.013731726927755587,0.013721234511187421,0.013710404645739473,0.013699362000576016,0.013688227798888031,0.01367711586797905,0.013666115958089498,0.01365527520566518,0.01364470467277877,0.013633839659353436,0.013622792733903643,0.01361096508080034,0.013598573818496482,0.013584949098221449,0.013570419255041693,0.013553515210884713,0.013535178499893498,0.013513678499068647,0.013489695251665303,0.013463841998544022,0.013436670331285653,0.013408675028112908,0.01338029922714675,0.013351938485145981,0.013323944267173687,0.013296628417134483,0.013270265902888847,0.013245097532540693,0.013221333294226763,0.013199151813823475,0.01317870426810185,0.013160117271718433,0.013143494966701317,0.013128920982651537,0.013116460264494487,0.013106160658149032,0.013098054532501239,0.013092159924515822,0.013088481660991075,0.013087012408351995,0.013087732195359091,0.013090579319611464,0.013095508486778469,0.013101125567289101,0.013107077468711984,0.013113453707538844,0.013120325362060887,0.01312776232428547,0.013135829612854743,0.01314458221182192,0.01315406566233844,0.013164314933632324,0.013175356149313932,0.01318720559461845,0.013199872970043066,0.013213362888940884,0.01322767558358173,0.013242806901455566,0.013258748685982839,0.013275474738803581,0.013292944972488292,0.013310741675851999,0.013328743194117322,0.01334541413764439,0.013363312772386074,0.0133760103346663,0.01338418137738058,0.013388527013648103,0.013389731820990727,0.013388393531949839,0.01338505347857004,0.013380201210952783,0.013374278154072213,0.013367681631488106,0.013360769220601315,0.013353859538278784,0.013347234957651125,0.013341141707098105,0.01333579468130601,0.013331380596134666,0.013328060327208499,0.01332597104743573,0.013325227705754722,0.013325924935671134,0.013328138672821024,0.013331923063425571,0.01333731692326208,0.013344336018767979,0.013352925542388603,0.013363129582572738,0.013374728002135253,0.01338753226590613,0.013401385274911195,0.013416157428053587,0.013431740830973057,0.013448048700512368,0.013465011504393795,0.01348257416421538,0.013500696154691308,0.013519348173739417,0.013538510868718108,0.0135581702590655,0.013578317947404713,0.013598950279411898,0.01362006697869029,0.013641670048000515,0.013663762920754647,0.013686349693651517,0.013709434413934452,0.013732960374689582,0.013756988794840353,0.01377839320625023,0.013797888174523971,0.013811842736592621,0.01382108781292644,0.013826380071250468,0.013828404778392431,0.013827782155936809,0.013825072329954719,0.013820780919911449,0.013815362410056856,0.013809223265751628,0.013802728535910674,0.013796203438844709,0.013789936268595836,0.013784178425658542,0.013778939643053288,0.013774526139468304,0.013767682947604408,0.013758726476380531,0.013747945847774803,0.01373558557809268,0.013721892141532388,0.013707088821213192,0.013691415633577576,0.013675061979207113,0.01365843595827252,0.013641446135215661,0.013624474038429368,0.013607859912342438,0.013591905010277695,0.01357687487852715,0.013563003838711212,0.013550495359085044,0.0135395249725195,0.013530242713172888,0.013522776451582551,0.01351723301899081,0.013513700566232727,0.01351224713588393,0.01351292416542767,0.013515767485642326,0.013520698558011279,0.013527508295336072,0.013532253742288095,0.013535084009260751,0.013537008579273405,0.01351731326452338,0.0135000772204883,0.013451433404340511,0.013409620495498023,0.013371589169767254,0.01333729201641952,0.013306731502019954,0.013279891393125643,0.013256742526955812,0.01323724696673701,0.013221358934789975,0.013209025829199314,0.013200190054347924,0.013194789492799897,0.013192757467598662,0.013194019645225997,0.01319849332850442,0.013206091010265578,0.013216721553632139,0.013230290765850587,0.013246701886828555,0.013265856034507813,0.013287652458145059,0.01331198888173369,0.013338761911484262,0.013367867386554867,0.013399200678482569,0.013432655836191064,0.01346812542361492,0.01350550202558249,0.013544679051422292,0.01358554892259724,0.013628003640891425,0.013671936149888014,0.013717240771764672,0.013763813413678688,0.013811552819344791,0.013860360726485211,0.013910141930702898,0.013960805055007193,0.014012259435495743,0.014064417504654935,0.014117195305414415,0.014170512622641985,0.01422429306248405,0.014278464091114959,0.014332957033304939,0.01438770702892602,0.01444265295357451,0.01449773730480522,0.014552906046572597,0.014608107256336612,0.014663290222295332,0.014718406678088238,0.014773410951306624,0.014828259522586058,0.014882910580080016,0.014937324347828781,0.014991462927782284,0.01504528976783773,0.015098769631002514,0.015151867915748341,0.015204549991285064,0.015256781384612825,0.015308524285275559,0.015359740231930043,0.015410390569566862,0.015460436513354344,0.015509839347119754,0.015558560602766851,0.015606562295460083,0.015653807117033264,0.01570025859335892,0.015745880862650715,0.015790638823408115,0.01583449717698771,0.0158774199238923,0.01591937220931858,0.015960320517683455,0.01600023302438773,0.016039080587332943,0.01607683718542077,0.01611347989245155,0.01614898846682928,0.016183346318539838,0.016216540109101927,0.016248559495854,0.016279397616567104,0.016309047245737233,0.016337503536623915,0.016364764330875255,0.01639083018402334,0.016415704377222534,0.016439392916525936,0.01646190451549282,0.016483250557252707,0.016503445031642715,0.016522504438842414,0.016540447603147705,0.016557294343444336,0.01657306453529143,0.01658777983320761,0.01660146355983743,0.01661414086527144,0.01662583835194781,0.016636584620697947,0.01664641005044728,0.016655346123179728,0.016663426199159493,0.01667068488481263,0.01667715753892469,0.016682880513091403,0.016687887035689353,0.0166922099793594,0.01669588200816208,0.016698935496185056,0.016701402453080102,0.016703314460193575,0.01670470261560317,0.016705597486059036,0.01670602905694202,0.01670602666093417,0.016705618710450534,0.01670483138561096,0.01670368757392916,0.016702208151133675,0.016700412301958796,0.016698317686749682,0.01669593971231624,0.016693292319603394,0.016690387608476357,0.016687235688555662,0.016683845580520072,0.01668022552407687,0.016676382640502238,0.01667232345367672,0.01666805037157243,0.016663564711129796,0.016658867183369747,0.016653958116074657,0.016648837661116574,0.01664350598519066,0.016637963435466575,0.016632210634011164,0.016626248586862423,0.016620078771334913,0.016613703186555074,0.016607122774886268,0.01660033673980909,0.01659334431735331,0.016586145367515424,0.016578739821265183,0.01657112736551369,0.016563308172775047,0.016555282658757463,0.016547051360243783,0.01653861542817152,0.0165299774039536,0.016521140545598337,0.0165121090711261,0.016502885061719007,0.01649347096799532,0.01648386992701321,0.016474085833225835,0.01646412340052633,0.016453988216285503,0.01644368678322186,0.016433226544497914,0.016422615885597704,0.01641186409886258,0.01640098117998901,0.016389976980728364,0.016378860296403914,0.016367640246596524,0.01635632430605566,0.016344921472252322,0.016333440978199217,0.016321891030379024,0.01631028045349965,0.016298617511448822,0.016286910863985853,0.016275169016569703,0.016263400214583643,0.016251612742531354,0.01623981155287364,0.01622800118059165,0.016216186001373308,0.016204370351966563,0.016192558651159324,0.01618075551108909,0.016168965830528164,0.01615719486142204,0.01614544825166049,0.016133732065260326,0.016122052777262974,0.016110416311431407,0.016098826822229836,0.01608728865403792,0.016075806131501676,0.016064384165533612,0.016053027421698885,0.0160417419391278,0.01603053264640174,0.016019403992595112,0.016008360167648145,0.015997406143877145,0.015986546777498924,0.0159757869760255,0.015965128478238475,0.015954572648747008,0.015944120668239525,0.01593377363391094,0.01592353266324464,0.015913398992810166,0.015903374063082933,0.015893459575178622,0.015883657457930137,0.015873969865028644,0.015864399158903357,0.015854946903195343,0.01584561269184469,0.015836395923495672,0.015827295542379563,0.015818310607117265,0.015809439905000743,0.01580068274793841,0.01579203836250242,0.01578350555671714,0.015775083818219023,0.015766772428268728,0.0157585705558507,0.015750477402890043,0.015742489187268404,0.015734601915648336,0.01572681159351263,0.015719114345777878,0.015711506539492145,0.01570398489737767,0.015696546586027798,0.015689189186983858,0.01568191069696632,0.01567470939325802,0.015667583939869084,0.015660532495732276,0.01565355122920964,0.015646636309313986,0.015639783855514677,0.015632990571819792,0.01562625275154299,0.015619566907663567,0.015612929766427825,0.015606338082604346,0.015599789778924636,0.01559328345810678,0.015586818377431984,0.01558039450577598,0.015574009660072958,0.015567662157869543,0.01556135097517066,0.015555075799454735,0.015548837067889495,0.015542635978663809,0.01553647433332941,0.015530354422440303,0.015524278478791053,0.015518248795245304,0.015512267600421955,0.015506336295435894,0.015500453914344096,0.015494619146946538,0.015488830410854094,0.015483086088691235,0.01547738431297628,0.015471725438503886,0.015466110046043388,0.0154605391801719,0.015455015376652052,0.015449540561381182,0.015444116668519537,0.015438745674985321,0.015433427294523391,0.01542816127083257,0.015422947519731837,0.015417786183799938,0.015412677682718253,0.015407622759518836,0.015402622515051962,0.015397678438244203,0.015392792412204842,0.015387966679941183,0.01538320345795499,0.015378504443113365,0.015373869359318308,0.015369297887717447,0.015364788877248714,0.01536034225865883,0.015355957706782018,0.015351635374414696,0.015347375716147877,0.015343179129865964,0.01533904699247714,0.015334980992875148,0.015330983088343506,0.015327055307733796,0.015323197241618701,0.015319408478004469,0.01531568875010975,0.0153120379973179,0.015308456354550401,0.015304944070397383,0.01530150160675555,0.015298129572457277,0.015294828663922407,0.015291599613880913,0.015288443140761714,0.015285359453061372,0.015282346872147017,0.015279403423800911,0.01527652605856903,0.015273712469742712,0.015270959895391418,0.015268264948359745,0.015265625520990636,0.015263040107195308,0.015260508490380445,0.015258030284114415,0.015255605568085777,0.015253234675188273,0.015250916074669326,0.015248648468653467,0.015246430884885174,0.015244262705173706,0.015242143702512352,0.015240074076739066,0.015238054414999237,0.01523608562990587,0.015234168984198243,0.015232306002480977,0.015230498379572986,0.015228747375478822,0.015227051731177528,0.015225405185297941,0.015223801476159494,0.015222231182975039,0.015220564061895266,0.015218677766172965,0.015216467922664458,0.015213850427277853,0.015210761718392573,0.015207156436585422,0.015203005397735036,0.015198286430604275,0.01519297509810783,0.015187039555653975,0.015180469427425224,0.015173126166694776,0.015164935973418574,0.015155604795067279,0.015145048089029675,0.015133199924429894,0.015120022324160692,0.015105501427559337,0.015089644789197491,0.01507247661569684,0.015054034023988418,0.015034366170161214,0.015013544032334722,0.01499165681100737,0.01496880825701437,0.014945114086863848,0.014920699179100931,0.014895694646127958,0.014870236521033168,0.014844463341190111,0.014818514306085467,0.014792527315111858,0.014766635746085497,0.014740969545175356,0.014715654421645007,0.014690810890504126,0.014666521970436129,0.014642789652987124,0.014619750405386453,0.014596671858553057,0.014573618889943525,0.01454998567549138,0.014525945050635402,0.01450080680089639,0.01447487331659616,0.014448350150642195,0.014421433883722636,0.014394314260768305,0.014367173229348938,0.014340184959618323,0.014313515286795324,0.014287321031885682,0.014261750721898926,0.01423694375715717,0.01421303030161567,0.01419013072962154,0.01416835402823117,0.014147799859973418,0.0141285588321088,0.014110712725146489,0.01409433474100543,0.014079489775766754,0.014066234688936351,0.014054618570221486,0.014044682995686201,0.014036461865019357,0.014029866832166386,0.014025035690898942,0.014017264895078416,0.014007068175160337,0.013994910611058821,0.013981219248623314,0.013966384863852967,0.013950762979366413,0.013934679281118205,0.013918429900086474,0.01390228364489672,0.01388648402866993,0.013871250403502915,0.013856778853073395,0.013843242191142744,0.013830793113094252,0.01381956557687403,0.013809676044449297,0.013801224583453939,0.013794295954330316,0.013788960215354857,0.013785273869778724,0.01378328060358435,0.013783011976272382,0.013784295560156591,0.013787376022956339,0.013786289140795178,0.013781776527882327,0.013774505808965854,0.01376508093263893,0.01375404680495369,0.01374189441617616,0.013729064954299885,0.013715953396590852,0.013702913050947873,0.013690258164704577,0.013678267071462457,0.013667184405719209,0.013657222549205199,0.013648565816675616,0.013641372881081946,0.013635778963772143,0.01363189786653798,0.013629823853091362,0.01362963338624594,0.013631386724639961,0.013635129379662898,0.013640893418568762,0.013648698398186743,0.013658552131133,0.01367044951061928,0.013684375278445819,0.013700305065544482,0.013718202710520402,0.013738021456557245,0.013759705899680806,0.01378319331930779,0.013808414588201057,0.013835296196982922,0.013863760707516881,0.013893727694868593,0.013925113841669112,0.013957832597269737,0.01399179654556508,0.014026918150467672,0.014063110363685474,0.01410028716163316,0.014138364015392205,0.014177258297367995,0.014216889628183122,0.01425718016716394,0.0142980548499691,0.014339441577028511,0.014381271223607956,0.014423475423769755,0.01446598898838471,0.014508749853456442,0.01455169969454662,0.014594783587659185,0.014637950469939202,0.014681152855652637,0.014724346284656707,0.014767490032034012,0.014810546172650934,0.014853479341048616,0.01489625556293152,0.014938840979124384,0.014981203314954077,0.015023311781112476,0.01506513693268586,0.01510665054639517,0.01514782550394726,0.01518863560984897,0.01522905547982219,0.015269060453047477,0.01530862649473407,0.015347729718451084,0.015386346511106088,0.015424450480953684,0.015462014820623987,0.015499012129848336,0.015535415237481445,0.015571196705721036,0.01560632951831593,0.015640787103201152,0.015674543252115203,0.01570757340537409,0.015739854091224647,0.015771363174592302,0.015802078965226764,0.0158319794842582,0.015861044387055188,0.01588925523450739,0.01591659567215782,0.015943051557398762,0.015968610878857297,0.01599326369557998,0.016017001050468157,0.016039815261539477,0.016061699899398794,0.016082649754026578,0.016102660735095052,0.016121726791574142,0.016139837221948894,0.016156988366080198,0.0161731434622072,0.016188236738082062,0.016202211804985177,0.01621501915433592,0.01622661812312919,0.016236977905760102,0.01624607551274518,0.016253897160259097,0.016260436365404106,0.01626569289609508,0.016269674112940332,0.01627239464561188,0.01627387595293919,0.016274145845480398,0.016273238238237692
4.25,0.9995335925695831,0.9990189276514005,0.9984595033276152,0.9978583288689513,0.9972179661525536,0.9965405688154082,0.9958279194788573,0.9950814646407207,0.9943023468710912,0.993491435459522,0.9926493537401982,0.9917765052508178,0.9908730973769646,0.9899391638304166,0.9889745849524878,0.9879791063706439,0.9869523561132528,0.9858938602754018,0.9848030572960017,0.9836793109287062,0.9825219210906753,0.9813301341123812,0.9801031518143544,0.9788401383656149,0.9775402251627698,0.976202509235452,0.9748260530498873,0.9734098705979917,0.9719529108078997,0.9704540265929255,0.968911894951947,0.9673251768372392,0.9656924775195547,0.9640122883901848,0.9622833258524753,0.9605041986472543,0.9586733209967953,0.9567889881490478,0.9548494196911166,0.9528527785564479,0.9507971825604576,0.9486807145214551,0.9465014309167948,0.9442573716114202,0.9419465693018424,0.9395670605284148,0.9371168983303676,0.9345941624649432,0.9319969710251481,0.9293234834275272,0.9265718676020468,0.9237401912743528,0.9208265363469849,0.9178289847481755,0.9147455788551427,0.9115745196495026,0.9083141403757328,0.9049628570434327,0.9015204882237242,0.8979867047729378,0.8943608042661094,0.8906420468067292,0.8868297891127846,0.882923523198387,0.8789228879296664,0.8748276731711286,0.8706378215702724,0.8663534292756573,0.8619747440380942,0.8575021642750269,0.8529362401658648,0.8482776709244642,0.843527301593749,0.8386861134706863,0.8337551966650211,0.8287356900610956,0.8236289133915391,0.818436345047985,0.81315958228342,0.8078005594500821,0.8023613167821989,0.796843920243503,0.7912504929724361,0.7855832364131602,0.7798444319501683,0.7740364378229738,0.7681616822378173,0.7622226560094971,0.7562219052296514,0.7501620241261217,0.7440456481854287,0.7378754475637137,0.7316541179602565,0.7253843743181416,0.7190689481300196,0.7127105805784025,0.7063120188649697,0.6998760111718753,0.6934053012525909,0.6869026276768284,0.6803707162849638,0.6738122760555728,0.6672299973269914,0.6606265487337168,0.6540045720215935,0.6473666815950091,0.640715456667342,0.6340534405024413,0.6273831362368023,0.6207070075070584,0.6140274765367958,0.6073469223968124,0.6006676794317799,0.5939920358408822,0.5873222323912383,0.5806604607447315,0.5740088581420185,0.5673695056695353,0.5607444298586208,0.5541355993590004,0.5475449317942175,0.540974279635612,0.5344254327076761,0.5279001121636199,0.5213999795114975,0.5149266223272305,0.5084815448428138,0.5020662370180049,0.4956821267676405,0.4893305688897003,0.48301284522621696,0.4767301752069173,0.47048371764789404,0.46427457381946735,0.45810377429803895,0.4519721187794692,0.4458804059428251,0.4398294328899795,0.43381994796569445,0.42785279976362517,0.4219288514723204,0.4160489198937606,0.41021381115890826,0.40442425759633055,0.3986809104333891,0.3929843498929051,0.3873351034276925,0.3817336453552476,0.37618045774566095,0.37067600698970693,0.3652207341349781,0.3598150700694499,0.3544594161644081,0.3491541426021136,0.3438995867698926,0.3386960592088629,0.33354384420332617,0.328443204379264,0.3233943815969805,0.31839759762940545,0.3134530548031081,0.3085609365504844,0.3037214079418773,0.2989346161921662,0.29420068814087647,0.2895197319960595,0.284891839631864,0.2803170861405725,0.2757955392410619,0.27132724565465327,0.26691223699994115,0.26255052674901874,0.25824211919806944,0.253987004186424,0.24978515203030704,0.2456365280163061,0.24154108332047988,0.23749875677889645,0.23350947173627828,0.22957313693088735,0.22568964472194322,0.22185887405098126,0.21808069052843268,0.21435494650848355,0.21068148116007748,0.20706012053639922,0.20349067764513318,0.1999729525211715,0.19650672931587068,0.1930917644681229,0.18972778036412,0.18641443953197478,0.18315130924185366,0.17993802655509786,0.17677426241300168,0.17365967594682094,0.170593774919989,0.1675759347804477,0.1646054275100015,0.16168222183204722,0.1588064505341828,0.15597809558548414,0.15319692517157588,0.15046259933171988,0.14777473337535224,0.14513294500707194,0.14253684398311317,0.1399860213089182,0.13748008493413805,0.13501860579341268,0.13260112138350494,0.13022715268636761,0.12789620792420067,0.12560778452271873,0.12336137243445595,0.12115645387769516,0.11899250286370051,0.11686898992983194,0.11478538043771187,0.11274113819258554,0.11073572277885663,0.10876859035203912,0.10683919597839249,0.10494699331013418,0.10309143435387695,0.10127197234714394,0.09948805724299667,0.09773913881530183,0.09602466630200272,0.09434409038045281,0.09269686368749988,0.09108244130807054,0.08950028123795593,0.08794984482021989,0.08643059715466478,0.08494200747975518,0.08348354785430759,0.08205469408624569,0.08065492734344139,0.07928373388439369,0.07794061146489029,0.07662505965182932,0.07533658406586716,0.07407470054946652,0.07283892815737068,0.07162879232826411,0.07044382508413229,0.06928356545050723,0.06814755902742038,0.06703535834616123,0.06594652219952508,0.0648806159121361,0.06383721108123541,0.06281588594482532,0.0618162253555357,0.0608378207431722,0.05988027006960597,0.058943177776969335,0.058026154729983376,0.057128818153155264,0.05625079105195919,0.05539170272028149,0.054551188501290045,0.05372888971569159,0.052924454064555516,0.052137534884086977,0.05136779124432683,0.05061488417467293,0.049878484356073255,0.04915826795654117,0.048453917459876844,0.04776512044682405,0.04709156970501593,0.04643296400191989,0.04578900610584842,0.04515940372865781,0.044543869228885175,0.04394211992085029,0.04335387801829045,0.04277887057413582,0.04221682942000912,0.04166749110489958,0.04113059683400511,0.040605892407493877,0.04009312781102673,0.03959205692588973,0.03910243813417709,0.03862403389807245,0.0381566117107373,0.037699942409141665,0.03725380065853512,0.03681796449659035,0.03639221640938163,0.03597634248414305,0.0355701313870893,0.035173376967437,0.034785876563580106,0.03440743169105929,0.03403784629018351,0.03367692755653342,0.03332448567150199,0.032980334090827144,0.03264428950394909,0.03231617178919825,0.0319958039724391,0.03168301218673145,0.03137762563901102,0.03107947657342427,0.03078839971494998,0.030504231843469735,0.030226812935284418,0.029955985712762104,0.029691595549599773,0.029433491209024436,0.029181524323737006,0.028935551230667413,0.028695430130046693,0.028461021957871393,0.02823219004315941,0.02800880162581365,0.027790726651210136,0.027577838173022024,0.027370011518613374,0.02716712453897877,0.02696905716223635,0.0267756920460546,0.0265869145962191,0.02640261297474834,0.02622267810680693,0.026047003686036175,0.025875486177385235,0.025708024816551295,0.02554452098039932,0.025384878072713626,0.0252290022502252,0.025076802032248633,0.02492818864240663,0.024783075815139645,0.024641379601078976,0.024503019142195204,0.024367915700011976,0.024235992612197284,0.024107175869824794,0.02398139350801855,0.023858575445174324,0.023738654308486287,0.023621563406572003,0.023507237705685156,0.023395613549986708,0.023286629023638823,0.023180223874494536,0.023076339472458175,0.022974918786778917,0.022875906358275383,0.022779248268756006,0.0226848921092718,0.022592786399354716,0.02250288049829117,0.022415125272382513,0.022329472802886687,0.022245876598217224,0.0221642916702686,0.022084674265547496,0.022006981874088845,0.021931173123627575,0.021857207605966947,0.02178504595585522,0.021714652247148785,0.021645991474800362,0.021579029146219567,0.02151373055416977,0.02145006131652698,0.02138798705377614,0.021327473900350412,0.021268488496640158,0.021210997972790222,0.021154969939063163,0.02110037248325044,0.021047174174690996,0.020995344073856583,0.020944851238150337,0.02089566502859147,0.020847755301445576,0.020801092345848312,0.020755647751968545,0.020711393315506005,0.020668301427374747,0.020626343847846514,0.020585494524964977,0.02054572794374906,0.020507018941763815,0.020469343547365612,0.020432678155352834,0.02039699989930515,0.020362285758366905,0.020328512837992644,0.02029565797980725,0.020263698256130298,0.020232610942068647,0.020202373498133523,0.020172963564924946,0.020144358967967433,0.020116537585861637,0.020089477232275083,0.020063155099417758,0.020037547565983357,0.020012630791242766,0.019988380475846525,0.019964772195973864,0.019941781464337546,0.01991938368671598,0.019897554974659948,0.019876271552990283,0.01985550986504083,0.019835247378438763,0.01981546199511003,0.019796132204618747,0.019777237675556236,0.01975875834006777,0.019740674911706634,0.019722968675582212,0.01970562196564915,0.01968861823452579,0.019671942101945394,0.019655579390121858,0.019639517147787177,0.019623743663373758,0.019608248467793483,0.0195930221704436,0.019578056506402753,0.019563344315831212,0.01954887917197423,0.019534653919917263,0.01952065749568555,0.019506867395714198,0.01949323685455102,0.01947977645338378,0.019466510345702615,0.019453451330809796,0.01944060579974464,0.0194279765086682,0.019415564657229146,0.01940337100055231,0.019391396350210394,0.019379641507383236,0.01936810757362637,0.019356795943005194,0.019345708279937337,0.019334846497376747,0.019324212737438933,0.01931380935493077,0.01930363890384754,0.01929370369500617,0.019284005616468244,0.019274546817923684,0.019265329462219594,0.01925635607985176,0.019247629412954364,0.019239152340382953,0.019230928728687296,0.01922296199040853,0.01921525520943562,0.01920781118556644,0.019200634327374577,0.019193729998889873,0.019187103597049303,0.01918076097788691,0.01917470749695959,0.019168947558841968,0.019163485251447662,0.01915832441906329,0.019153468646544554,0.019148921217488644,0.019144685067353503,0.019140762729931763,0.019137156288131656,0.01913386685211853,0.01913089442055964,0.019128238473797996,0.019125897716563457,0.019123870330289998,0.019122153967737778,0.019120745592490954,0.019119642090445754,0.019118839648586624,0.019118333661226828,0.01911811902792063,0.019118190284679343,0.01911854125102843,0.01911916544294124,0.019120055388029928,0.019121202910332084,0.019122598827632505,0.01912423352978774,0.019126097056923693,0.01912817916126997,0.01913046937073322,0.01913295702652361,0.019135631314685587,0.019138481295591987,0.01914149540801958,0.01914466122590181,0.01914796609894829,0.01915139702826442,0.01915494033540974,0.01915858165189837,0.019162306309619667,0.019166099631724075,0.019169947056954496,0.019173834280106994,0.019177747470774716,0.01918167329620199,0.019185598797953993,0.019189511647282675,0.01919340074546842,0.01919725555025398,0.01920106557697177,0.0192048211230559,0.01920851337700868,0.01921213445730435,0.019215677417916775,0.019219136160988696,0.01922250506382351,0.019225778802380786,0.01922895139836888,0.019232014863141,0.01923495990441051,0.019237762608438836,0.019240387389488123,0.019242807382369866,0.019244998159584702,0.019246931563500932,0.01924857674184604,0.01924990203979994,0.019250875373098636,0.019251469991623554,0.019251662192569217,0.019251431905979517,0.01925076166482592,0.01924963758423161,0.01924804950101316,0.019245991526502925,0.01924346209601655,0.01924046390117375,0.01923700375935398,0.019233092439720597,0.01922874445674943,0.019223977839041458,0.019218813397737195,0.01921327429164783,0.019207386474195797,0.019201178356330884,0.019194680628638636,0.019187925640154462,0.019180946226546515,0.019173772024013633,0.01916643849225371,0.01915898505430479,0.019151453123681918,0.019143884537404607,0.01913632001610734,0.01912879952301245,0.019121361571573008,0.01911404384315603,0.01910688288850965,0.01909991425632896,0.01909317236008579,0.019086690354385212,0.019080500029989438,0.019074631727786,0.019069114271194988,0.019063974916002806,0.01905923883686796,0.019054928982206034,0.019051066720378332,0.019047671808265467,0.019044762894861626,0.019042356706116318,0.019040468495613836,0.019039112328931917,0.019038300765531556,0.019038045009321117,0.01903835533550801,0.019039240388245098,0.0190407074282128,0.01904276262768777,0.01904541046244363,0.01904865397311989,0.01905249455121582,0.01905693235543325,0.019061966369465524,0.019067594452268834,0.019073813389585473,0.01908061894633172,0.019088005919301307,0.01909596818968406,0.019104498569379638,0.019113588714223344,0.019123229557010197,0.019133411314100426,0.019144122381011364,0.019155351392613977,0.019167086503243915,0.019179314978626256,0.01919202416333176,0.019205201057342036,0.019218832367467152,0.01923290451944416,0.019247403500374224,0.01926231504839036,0.0192776241522809,0.019293315146205834,0.019309371390083648,0.019325775731326426,0.019342510524622176,0.0193595576451961,0.01937689850683282,0.019394514076669693,0.01941238489060391,0.019430491071217845,0.019448811872734905,0.019467325517531883,0.01948600994119602,0.019504842788860083,0.019523801572027794,0.019542863553962155,0.019562005963474727,0.019581206843921093,0.019600443744055417,0.019619694354480917,0.019638937041594647,0.019658150045230645,0.019677311808732466,0.019696401546606863,0.019715398043438137,0.019734280305502575,0.019753027431551013,0.019771618962339713,0.019790034944233384,0.01980825598404128,0.01982626330176495,0.01984403878093524,0.019861565016119034,0.01987882535711409,0.019895803458947894,0.01991248320393993,0.019928849349552677,0.019944887540317313,0.01996058490096161,0.019975929091626758,0.0199909087982786,0.020005515417404435,0.02001973996117735,0.0200335744411957,0.02004701193708857,0.02006004644749875,0.020072672791908896,0.02008488687420548,0.020096684825329624,0.020108063302098175,0.02011901928553981,0.020129550234453192,0.020139654032922758,0.020149328938615617,0.02015857353821638,0.020167386710902138,0.020175767600333988,0.020183715594921346,0.020191229916183294,0.02019830969316617,0.020204954238722247,0.02021116309822103,0.020216935879648165,0.020222272614658355,0.020227173705798365,0.020231640409160655,0.02023567403159572,0.020239276274379145,0.020242449249541012,0.020245195554239582,0.020247518101641996,0.020249420304964492,0.02025090557539419,0.020251977444054922,0.02025263933344721,0.0202528949052798,0.020252748073026572,0.020252203009175143,0.020251264154653788,0.020249936227452654,0.020248224231288803,0.020246133463630765,0.020243669057328516,0.02024083570662868,0.02023763845583347,0.02023408262695852,0.020230173907287482,0.020225918154445487,0.02022132150947603,0.020216390426031457,0.020211131634820426,0.020205552063117877,0.020199658896756775,0.020193459497777278,0.020186961231109014,0.020180171788905757,0.020173098364506266,0.02016574791159852,0.02015812684974597,0.020150241605454696,0.020142098662130896,0.020133704601056956,0.020125066143912105,0.0201161901956408,0.02010708388654492,0.020097754612512158,0.0200882095973223,0.02007845576315778,0.020068500410013436,0.020058351228817592,0.020048016399461282,0.02003750449922908,0.020026824652281335,0.02001598672415117,0.020005001099160077,0.01999387872044892,0.019982631325290847,0.019971270982124978,0.019959810086246574,0.019948261537394978,0.01993663813755839,0.019924952633441195,0.019913217373436168,0.01990144474604218,0.019889647147897132,0.019877836940885504,0.019866026410016332,0.019854227720197622,0.019842452873836652,0.019830713669857367,0.01981902121773298,0.01980738560260456,0.019795816648260144,0.019784323848403736,0.019772916464767608,0.019761603331958387,0.019750393015365707,0.019739293897507452,0.019728314139319473,0.019717461637394216,0.01970674410428963,0.019696168985049195,0.01968574328958377,0.01967547394719537,0.019665366873887907,0.019655427264393045,0.019645659316698323,0.019636066717652893,0.019626652667253646,0.019617419894061544,0.01960837067281891,0.0195995068438646,0.01959082983362376,0.01958234066984924,0.019574039578766394,0.0195659257203107,0.019557997924451037,0.01955025467142364,0.01954269416402501,0.01953531425591354,0.019528112577964985,0.019521086330648425,0.01951423250035123,0.019507547598580626,0.019501027681707403,0.019494668274518213,0.01948846418980561,0.01948240991786647,0.01947649866486148,0.01947072271988095,0.01946507325638135,0.019459540851780744,0.019454115578544554,0.019448787092353873,0.019443544726142122,0.019438377587925527,0.01943327466029979,0.019428224899396055,0.019423216921175056,0.019418238750946483,0.01941327870532382,0.019408325436411897,0.01940336813024139,0.01939839640331591,0.019393400514398015,0.019388373366942893,0.01938330688347593,0.0193781938632929,0.019373026829656134,0.019367800478284538,0.01936251016716354,0.019357152002667525,0.01935172242585389,0.019346218207937752,0.019340636178412834,0.01933497363323467,0.019329228315982886,0.0193233983904459,0.01931748241632956,0.019311479328666323,0.019305388421194843,0.01929920933355689,0.019292941666444966,0.019286584589311012,0.019280137643027356,0.019273600691159104,0.019266974002695773,0.01926025814047722,0.01925345410594487,0.01924656453622818,0.019239591546536806,0.01923253765523214,0.019225405813100595,0.019218199430695873,0.019210922184007315,0.019203578201423304,0.019196171479076384,0.019188705961074987,0.019181185322086666,0.019173613320751078,0.019165993794436204,0.019158330648081978,0.019150627846198025,0.01914288940774065,0.019135119403256705,0.019127321953422524,0.019119500844607045,0.019111659164551483,0.01910380007906288,0.019095926801786116,0.019088042914563015,0.019080151845785518,0.01907225717887086,0.019064363600487154,0.019056475203288837,0.019048596203170363,0.01904073122912858,0.019032884913451106,0.019025061844654828,0.019017266913342448,0.019009504289110673,0.019001777827073484,0.018994090922351964,0.018986446729076727,0.0189788481416834,0.01897129777534002,0.018963797952432835,0.018956350695393115,0.01894895772535591,0.01894162046698435,0.01893433968813699,0.018927115116657695,0.01891994626709495,0.018912832433485443,0.018905772667236764,0.01889876555088126,0.018891809306705473,0.018884901970438225,0.018878041217928812,0.018871224429014948,0.018864449291149,0.01885771276922676,0.018851011495444724,0.018844342118866615,0.018837700549402564,0.018831082204684917,0.018824481869228343,0.018817894098746065,0.01881131326767945,0.01880473361092496,0.01879814926791554,0.01879155432751585,0.018784942873215384,0.01877830902813919,0.018771646639621033,0.018764948944305724,0.018758209373627543,0.018751421578330593,0.018744579556761867,0.018737677564465295,0.018730710250876914,0.018723673107037857,0.018716561950728884,0.018709373227717888,0.018702103509326433,0.018694750764692958,0.018687313443572284,0.018679790810150945,0.018672182104638044,0.01866448680196617,0.018656704443531662,0.01864883506202173,0.01864087919408027,0.018632837882448704,0.01862471267670887,0.018616505631900496,0.018608219303596022,0.018599856729889317,0.018591420833535058,0.01858291357913854,0.018574336346173483,0.01856568930980681,0.018556972043155075,0.01854818376583729,0.01853932382879882,0.018530392071110915,0.01852138900029345,0.018512315911180834,0.01850317508684558,0.018493969815504593,0.018484704288093637,0.018475383994099127,0.01846601477019828,0.018456603055903444,0.01844715571782832,0.018437680421014263,0.01842818560281663,0.018418680430182608,0.018409174749902835,0.018399679034356436,0.018390204323754863,0.01838076216536828,0.018371364198279342,0.018362021678615194,0.018352746157354573,0.01834354937924559,0.018334443280358388,0.01832543977076632,0.01831655078185732,0.01830778916505195,0.018299166823199944,0.018290695391486558,0.018282386779726264,0.018274251962792306,0.01826630136816103,0.018258545034197732,0.01825099211816127,0.018243650930194807,0.01823652882316995,0.018229632490757174,0.018222967988334112,0.018216540753127442,0.018210355630198172,0.018204416903097306,0.018198728327115738,0.01819329316481968,0.018188113910826486,0.018183191859029706,0.01817852793801725,0.01817412272744157,0.018169976584686807,0.018166089481440075,0.0181624611433027,0.01815909183037547,0.018155980934711515,0.018153127551897713,0.01815053027994367,0.01814818775249418,0.018146098211969653,0.018144259753900608,0.018142669694972833,0.018141324663804862,0.018140220507704596,0.018139352700591305,0.018138716390985504,0.018138306443873743,0.01813811748538403,0.018138143949413325,0.01813838012529535,0.018138820204824477,0.01813945801716115,0.01814028662267901,0.018141299124186282,0.018142488703957016,0.018143848744500254,0.018145372758054057,0.01814705455616914,0.01814888902213564,0.01815087084714495,0.018152995080692697,0.018155257905925894,0.018157655141479236,0.01816018283552946,0.018162837316345697,0.018165615072183647,0.018168512527442466,0.018171525935479903,0.01817465169819017,0.018177886366168856,0.018181226630261813,0.01818466931322072,0.018188211361615463,0.018191849838005175,0.0181955819130975,0.018199404555577878,0.018203314038865104,0.018207306725380883,0.018211379057018553,0.01821552766209671,0.01821974915089919,0.01822404024059441,0.018228398480901662,0.0182328209365748,0.018237304714629556,0.018241848108815243,0.018246448272349926,0.018251102218851654,0.018255807031318162,0.01826055937828037,0.018265355583876087,0.018270191581680754,0.01827506315407729,0.01827996594969236,0.01828489549718843,0.01828984722115939,0.018294816459853896,0.018299798484342815,0.018304788517892277,0.01830978147866256,0.018314771498141504,0.0183197527231015,0.01832471933429513,0.018329666681761444,0.018334589134721954,0.018339480725018016,0.018344335223902383,0.01834914582315095,0.01835390519325285,0.018358604387782435,0.018363235314358673,0.018367789453746945,0.018372258240863176,0.01837663230615164,0.018380901744555322,0.0183850561711217,0.018389085169156712,0.018392978406177353,0.018396725719378986,0.01840031718366748,0.0184037431655315,0.018406994365713206,0.01841006185297329,0.018412936813135865,0.018415609985932852,0.01841807252403831,0.01842031472845876,0.018422325866251667,0.018424094301939108,0.01842560812872407,0.018426855638934966,0.01842782565479298,0.01842850774281957,0.01842889251061148,0.01842897170354789,0.018428738181203465,0.01842818637150188,0.0184273114178941,0.01842610940419012,0.01842457735730404,0.018422713627453992,0.018420517905931372,0.018417991220551648,0.018415135919394147,0.0184119556439101,0.01840845516850846,0.018404640274423054,0.01840051737042608,0.01839609275793456,0.018391373312303037,0.018386366285249752,0.01838107931649508,0.018375520448758,0.01836969821230894,0.01836362169476889,0.018357300545944796,0.01835074491989092,0.018343965605534963,0.01833697382438596,0.018329781122402997,0.01832239971280837,0.018314841522309017,0.018307118351348895,0.018299241853835746,0.01829122386615471,0.01828307640756572,0.018274811671352375,0.018266442015354583,0.018257979950983428,0.0182494381299667,0.018240829320111868,0.018232166126196728,0.01822346032817186,0.01821472186547993,0.018205955962306012,0.018197162115348105,0.01818833502183704,0.018179465749555295,0.01817054266630887,0.018161553431383985,0.018152485713699214,0.01814332783716389,0.0181340693077836,0.018124701014579626,0.018115215894226468,0.018105608263033816,0.018095874152603022,0.018086011410287563,0.018076020040208387,0.018065902181839094,0.018055662041477762,0.018045305794910538,0.018034841465252974,0.018024278769820157,0.01801362895594904,0.01800290438844073,0.01799211776322898,0.01798128272965386,0.017970413460522885,0.01795952484120281,0.01794862699274036,0.017937726194231625,0.01792682581566118,0.017915926978568284,0.017905029108291354,0.01789413070200592,0.017883230091223244,0.017872325597114096,0.017861415964237997,0.017850499780386372,0.017839575912919983,0.017828643779480666,0.017817703807267403,0.017806757566488075,0.017795807853035948,0.01778485873690387,0.01777391558074377,0.01776298503350815,0.017752075001874472,0.01774119439352476,0.017730352408745355,0.017719559319449747,0.017708826391981715,0.01769816589049371,0.01768759084081162,0.017677115045552354,0.017666753011308448,0.017656519812397076,0.01764643089719392,0.017636502043905284,0.017626749627295272,0.017617189930747634,0.017607839210318558,0.01759871285666094,0.01758982543148106,0.01758119067230183,0.017572821728872236,0.017564731122043653,0.017556930703743517,0.017549431626013714,0.017542244318738562,0.017535378475460252,0.017528843046428964,0.017522646093526703,0.017516794147554478,0.017511293020479612,0.017506147808245748,0.017501363541286282,0.01749694413664239,0.017492892916593346,0.01748921264111477,0.017485905636915614,0.01748297373400338,0.017480418598129797,0.017478241116163678,0.01747644158086522,0.017475019719748065,0.0174739746330704,0.01747330448499932,0.017473006576661586,0.017473077599269967,0.017473513656719245,0.017474310284899142,0.0174754624739584,0.017476964692908922,0.01747881091414831,0.017480994638670363,0.017483508738560607,0.017486344798056178,0.017489493991274446,0.017492947124769846,0.017496694782411955,0.01750072712747031,0.017505034019415458,0.01750960746715643,0.0175144369593176,0.01751951148733674,0.017524819198386967,0.017530348297861813,0.017536086514862183,0.017542021228663805,0.017548139186986365,0.017554426429083215,0.017560868417854054,0.0175674502969455,0.017574156966583303,0.017580973159184707,0.017587883518439908,0.017594872680428624,0.017601925355391203,0.017609026408526122,0.01761616076872654,0.017623312781856183,0.017630467153864925,0.017637609038034095,0.01764472414680427,0.0176517986544434,0.017658819356320184,0.01766577379740065,0.017672650262382014,0.017679437781522693,0.017686126250218006,0.017692706348009787,0.01769916942156477,0.017705507782857254,0.017711713937979635,0.017717780583867436,0.017723700758151127,0.017729468110449825,0.017735076910089725,0.017740522044447836,0.017745799015225723,0.01775090393282769,0.01775583350896595,0.01776058504756791,0.01776515628244861,0.01776954509539962,0.01777374985748083,0.017777769453139497,0.017781602591591724,0.01778524903162986,0.017788709093151563,0.017791984014511087,0.01779507538256099,0.01779798529932913,0.01780071720907355,0.01780327419496441,0.017805659659706374,0.017807877192442846,0.017809930710372863,0.017811823868812405,0.01781356016631213,0.017815143141372218,0.017816576350414528,0.017817863344109213,0.017819007648036823,0.017820012747464503,0.017820882053383374,0.017821618858050805,0.017822226136126624,0.017822705758719127,0.017823059277026904,0.017823287859370724,0.01782339233477209,0.01782337244473193,0.017823226399524036,0.017822950788165898,0.01782254032760561,0.017821987857891543,0.017821284434919107,0.01782041968128745,0.01781938178917684,0.017818158100732773,0.017816734311469917,0.01781509485361096,0.01781322340010211,0.017811103398105155,0.017808718349034764,0.01780605206566869,0.017803088910713034,0.017799814009747113,0.017796213443878616,0.017792274410758577,0.017787985229193632,0.017783334718235722,0.017778313090253642,0.017772911962762695,0.017767124370561126,0.01776094473134045,0.017754369008114425,0.017747394945911092,0.017740021985309537,0.017732251262535824,0.017724086001703176,0.017715530826790123,0.0177065919326907,0.017697277356297943,0.017687595891882516,0.017677557154608056,0.017667171713637075,0.017656451211094257,0.017645408288690368,0.017634056510210855,0.017622410285527794,0.0176104847967434,0.017598295926151922,0.017585860185604922,0.01757319456376022,0.017560315742414668,0.017547240793863623,0.01753398707520025,0.01752057245540461,0.017507014788915577,0.017493332039636978,0.017479542873797063,0.017465665500589297,0.01745171804142537,0.01743771808416794,0.017423683589621212,0.01740963228513196,0.017395581709501735,0.017381548767679635,0.01736754942367317,0.017353598939006183,0.017339712070555277,0.01732590306657566,0.017312185658520836,0.017298573046620604,0.01728507789021739,0.0172717122887346,0.017258487744541393,0.017245414631507867,0.017232501483129457,0.017219755053730447,0.017207180273874065,0.017194780251551734,0.01718255704423539,0.017170511819898183,0.017158644824239403,0.017146956283098088,0.017135446228852873,0.017124115684731555,0.01711296467979668,0.017101993295222755,0.017091201872712757,0.017080590712324102,0.017070160059243597,0.01705991028487724,0.01704984200817948,0.01703995608754963,0.017030253571439016,0.017020735689276745,0.01701140382837111,0.01700225947447881,0.016993304022300953,0.016984538706187557,0.016975963450742267,0.01696757735556121,0.016959378143889637,0.016951362656170994,0.016943527058038435,0.016935867116071222,0.016928378592024545,0.016921057263217767,0.01691389906637183,0.016906900237703894,0.01690005753882945,0.016893368158406613,0.01688683009471538,0.016880441170146962,0.016874199116991062,0.01686810194686186,0.0168621481599428,0.016856336768284377,0.016850667305994448,0.016845139831193446,0.016839754920574518,0.016834513638783518,0.016829417073649593,0.016824462311836288,0.016819642797481653,0.016814948781794823,0.016810368099010983,0.0168058865511985,0.01680148843430893,0.016797157223833466,0.01679287658933564,0.016788630169466814,0.01678440222525691,0.016780178903638907,0.01677594675619633,0.01677169373454842,0.01676740991979492,0.016763086088467376,0.016758714519336342,0.016754289178701212,0.01674980578540296,0.016745261795686108,0.016740656364340887,0.016735990286684887,0.016731265917431945,0.016726486903441008,0.01672165819060367,0.01671678359578437,0.016711865771055868,0.016706902375858618,0.016701887351969164,0.016696811050059976,0.016691663126617334,0.01668643213915604,0.01668110580313959,0.016675672313591725,0.016670120532928538,0.016664440775583485,0.016658625745516496,0.01665267038927111,0.016646571940281796,0.016640329313072553,0.016633943012794118,0.016627414793735668,0.01662073734010525,0.016613890212494792,0.016606839404388587,0.016599531190481062,0.016591885837819485,0.016583763601857416,0.016575062674265385,0.016565689451620395,0.016555577111823306,0.016544657078730447,0.01653288751220307,0.016520236204413792,0.01650667656282524,0.016492194402684134,0.01647678955799616,0.016460477767149605,0.016443288266799284,0.01642526340726218,0.01640646039614762,0.01638694694490291,0.016366796497450414,0.01634608667123159,0.016324889376783683,0.016303277854595902,0.016281318653295428,0.016259069767030045,0.016236040743263805,0.016211677113766556,0.016185404200549154,0.016156653063392437,0.016124728892714445,0.01608860517648346,0.01604913917966907,0.01600644062753273,0.015961136988794037,0.015913458318006814,0.015860911442090606,0.015804792476207186,0.015745882394012846,0.015684888744452178,0.01562244654209517,0.01555912797400298,0.015495451206050484,0.015431882744244873,0.015368840547194255,0.015306697674429723,0.015245785201764029,0.015186284646042117,0.015128546952055363,0.015071880103125898,0.015016600719348459,0.014961708728052308,0.014906976262471715,0.014851938876097311,0.014797256831238843,0.014742730429427484,0.014690482068444359,0.014638803497575275,0.014588071090907054,0.014538617860507506,0.014490737039737927,0.01444468536477238,0.014400686294026133,0.014358932787395544,0.014319589922304046,0.014282797698879695,0.014248672623087152,0.014217310007919693,0.014188786052496738,0.014163159028801867,0.014140470739736434,0.014120748398361685,0.014104006085687496,0.014090246021443873,0.014079459734007255,0.014071629139822272,0.014066727539421515,0.014064720536160254,0.014065566871972085,0.014069219179078767,0.014075624077696886,0.014084723350414977,0.014096454554758048,0.014110751347334293,0.014127544259072066,0.014146760909763852,0.014168326202539612,0.014192163115270317,0.014218192786893274,0.014246334834219977,0.014276507796197836,0.01430862927938262,0.014342616532378035,0.014378385783529478,0.014415852535996445,0.014454932236164252,0.014495540582674507,0.014537593755592906,0.014581008630363337,0.014625702978050955,0.014671595651585623,0.01471860675777994,0.014766657814980107,0.014815671894052017,0.014865572938910965,0.014916286590478032,0.014967740332594534,0.015019863644679669,0.01507258807126853,0.015125847315250457,0.015179577734069178,0.015233717744056094,0.015288208057176423,0.015342991917380163,0.015398014723265024,0.015453224062874025,0.015508569895823082,0.015564003722279781,0.015619478401839717,0.015674948557529312,0.01573037057437327,0.015785702543623905,0.015840904208910423,0.015895936916182647,0.01595076356771246,0.016005348580204967,0.01605965784687673,0.016113658703130553,0.016167319018858387,0.016220607922158056,0.016273495834579373,0.016325954516621666,0.01637795703736116,0.016429477788054418,0.016480492667096787,0.016530978906911683,0.016580915065306356,0.016630281536481634,0.016679059575618264,0.016727231620349062,0.016774781478606712,0.016821693557813527,0.016867952600749386,0.016913544209345575,0.0169584548646766,0.01700267190259797,0.01704618349177814,0.01708897861495796,0.017131047053119127,0.017172379371966914,0.017212966909928035,0.017252801766240198,0.017291876056365407,0.017330182419399952,0.017367713382465684,0.017404459935673088,0.01744041485235843,0.01747557419674896,0.017509936037920237,0.017543499798246185,0.017576265671849136,0.017608233353450447,0.017639402923599088,0.017669774419312407,0.017699347587721664,0.017728122649952733,0.01775609916808447,0.01778327656020928,0.017809654130140636,0.017835231075855013,0.017860006506778905,0.01788397947020271,0.017907148985701574,0.017929514085794334,0.01795107374950257,0.01797182687800766,0.01799177138126624,0.018010904974574825,0.018029225331825483,0.01804673077524517,0.01806341941980751,0.018079289673351547,0.018094341699594337,0.018108575113616236,0.01812199008117314,0.018134587484525372,0.018146369005043864,0.018157337125382544,0.018167495367946002,0.01817684776586138,0.018185398786831154,0.01819315383836043,0.01820011933344039,0.018206302737917224,0.018211712611358465,0.01821635864097426,0.018220251668166466,0.018223403707239547,0.018225827955822473,0.01822753879647407,0.01822855130002137,0.01822888160432748,0.018228546949481075,0.018227565417409403,0.018225956335214934,0.018223740064738054,0.018220936970638035,0.018217569349531365,0.01821366041945839,0.018209234532342387,0.018204316543446238,0.018198931857266544,0.01819310650445801,0.018186866271248582,0.018180236416183212,0.018173242083576735,0.0181659081960753,0.018158259340549408,0.018150319662606187,0.018142112769681362,0.018133661593459017,0.018124988276376847,0.01811611407921955,0.01810705930810751,0.018097842332971695,0.018088480282557558,0.018078989169584222,0.01806938396970618,0.018059678638178252,0.018049886149508063,0.01804001868929576,0.018030087602748147,0.018020103411282518,0.01801007594490786,0.01800001442386505,0.017989927391084858,0.017979823160750863,0.017969708536056367,0.01795958904011352,0.017949469617372836,0.017939354729462575,0.017929248434086064,0.01791915446306618,0.017909076298586568,0.01789901724352501,0.017888980486720264,0.01787896916256649,0.017868986401262194,0.01785903419338496,0.01784911393664925,0.017839226462344412,0.017829372039788908,0.01781955022244758,0.017809759804784057,0.01779999903318939,0.01779026550663736,0.017780556271093245,0.017770868010944754,0.01776119721305589,0.017751540169465153,0.01774189350019789,0.017732252911608543,0.017722613559603057,0.01771297077011466,0.017703320178130345,0.017693657837348175,0.01768398030778525,0.017674284717000836,0.017664568810488505,0.01765483098346735,0.017645070295943085,0.01763528647417903,0.0176254789799549,0.017615647681867536,0.01760579235238345,0.01759591252013297,0.017586007255445506,0.017576075139377548,0.01756611452072322,0.017556123367870956,0.017546099416321317,0.017536040411306995,0.017525944239842425,0.01751580898716623,0.01750563346831324,0.017495416019848043,0.017485154900635506,0.017474849005666884,0.01746449801314899,0.01745410249952604,0.01744366403684467,0.017433185271825302,0.017422669970714146,0.01741212303638929,0.0174015505020303,0.01739095913131601,0.01738035526898133,0.01736974425537152,0.01735912997482529,0.017348515296232877,0.01733790213324136,0.017327291584323744,0.017316684317203828,0.01730608055095001,0.017295480271095762,0.0172848835190695,0.017274290560459246,0.017263701954362942,0.01725311907985651,0.01724254290308848,0.01723197441953488,0.01722141530471649,0.01721086803219914,0.01720033595838311,0.017189823388923144,0.017179335627089308,0.0171688790043026,0.017158460887558978,0.01714808966728729,0.017137774727453214,0.017127525566888933,0.01711735229755194,0.017107265768278163,0.01709727751608099,0.01708739967256193,0.017077644878152325,0.01706802644611411,0.01705855793676676,0.0170492531035528,0.01704012636586231,0.017031191633367946,0.017022462610547434,0.017013952925205647,0.01700567511696803,0.016997640602657214,0.016989860129727228,0.016982343739680023,0.016975100726872562,0.016968139607597955,0.016961468096795922,0.016955093093273973,0.016949020656573003,0.016943255992480963,0.016937803436728432,0.016932666083653146,0.016927845987598382,0.016923344204456205,0.016919158241415835,0.016915283790418043,0.016911699850143236,0.016908371007117107,0.016905251500626124,0.0169022887427688,0.01689942577883488,0.016896604337382177,0.016893766283937732,0.01689085528418997,0.016887817525837734,0.016884602676959324,0.016881165035806948,0.01687746407736339,0.016873464808031608,0.016869137968340078,0.016864460104842112,0.016859413532277694,0.01685398620834169,0.016848171536757515,0.016841968112483674,0.016835378660857516,0.016828410171004584,0.016821073775493533,0.01681338303451311,0.016805354026986796,0.016797005318847747,0.01678835807245601,0.016779435753754773,0.016770263969182592,0.016760870390194058,0.01675128445126483,0.016741537050746488,0.016731660669125757,0.016721687713456404,0.016711650764676327,0.016701582800238802,0.01669151700685833,0.016681486592499857,0.01667152461081714,0.016661663798544397,0.016651936425936435,0.01664237415993389,0.01663300793959719,0.016623867863213466,0.01661498236369444,0.016606378538728657,0.01659808231792173,0.016590118459183838,0.016582510468209306,0.016575280567576938,0.01656844985063467,0.01656203805291456,0.016556063508324406,0.016550543189120345,0.016545492556347224,0.016540925417157588,0.01653685421495071,0.016533288533966857,0.016530235623502587,0.016527700767439063,0.016525687304796283,0.016524196655983852,0.016523228364655314,0.016522780154073626,0.01652284799664983,0.01652342619513083,0.016524507473865427,0.016526083078558223,0.01652814218639251,0.016530672397221925,0.016533660124298393,0.016537090755816955,0.016540948852495952,0.01654521828348461,0.01654988253932157,0.016554924731501754,0.016560327705233715,0.016566074268004525,0.016572147190671085,0.01657852923049976,0.01658520356027526,0.01659215236247237,0.016599357490580478,0.01660680089762361,0.01661446470825583,0.01662233127587082,0.01663038323513563,0.01663860355010485,0.016646975558025717,0.016655483008897857,0.01666411010093269,0.01667284151204424,0.01668166189560734,0.01669055617243796,0.016699509779982625,0.01670850989061863,0.01671754350672113,0.01672659823811591,0.01673566060196054,0.016744719441830657,0.01675376437968377,0.016762785740553624,0.016771774648137363,0.016780722812779234,0.016789622703367393,0.01679846636855434,0.016807245757307868,0.016815952998175225,0.016824580354132937,0.016833120172632082,0.01684156484371088,0.01684990676733047,0.016858138330090453,0.016866251877651273,0.01687423970221593,0.01688209403125827,0.016889806489955788,0.016897368344318226,0.016904770611679137,0.016912004170694914,0.016919059447291773,0.01692592647181496,0.016932595212180296,0.01693905515308411,0.016945295525459113,0.016951305460626627,0.01695707409028178,0.016962590588862257,0.016967844450313685,0.01697282478914774,0.016977520707985815,0.01698192173052703,0.01698601793040686,0.016989800038014577,0.016993259540961116,0.01699638876184597,0.016999180916324203,0.0170016301538195,0.017003731582759838,0.01700548128390606,0.017006875617812434,0.01700791151364538,0.017008586804685664,0.01700890024154374,0.017008850533165844,0.01700843597435331,0.017007653939950473,0.017006502075667295,0.0170049788640738,0.017003083708396618,0.01700081732524716,0.01699818155884585,0.01699517960298869,0.016991814472548578,0.01698808989946931,0.01698401074745925,0.016979583015680096,0.01697481377940961,0.016969711059644593,0.01696428487839463,0.01695854647649563,0.01695250784604272,0.01694618180141968,0.01693958198277129,0.016932722135741197,0.016925616232114353,0.016918278597710522,0.01691072387172776,0.016902966500983222,0.01689501991795669,0.0168868957476845,0.01687860615653103,0.0168701636514917,0.01686158044471799,0.016852868504938126,0.016844039352198317,0.0168351045929857,0.01682607469540315,0.01681695985088182,0.016807770414074837,0.016798516992950225,0.016789210498265258,0.016779862179618448,0.01677048364557368,0.016761086865407653,0.016751684056156978,0.01674228777817232,0.016732907442935253,0.016723549199048813,0.016714216669080486,0.016704911528172224,0.016695634652200232,0.016686385433908803,0.016677162040224604,0.016667961960113654,0.01665878123436467,0.016649609829175776,0.016640415918264814,0.016631185000430836,0.01662191863796937,0.016612621857985198,0.016603324807411366,0.016594052658268715,0.016584818226253756,0.016575631766625316,0.0165665035995501,0.016557444600853163,0.016548466710398568,0.01653958288883933,0.01653080701556032,0.016522153332903387,0.016513636443266713,0.016505270262498237,0.016497064501393995,0.016489031284428565,0.016481152783436048,0.01647337960833459,0.016465652573983528,0.016457917064705906,0.01645012979785761,0.016442257264585883,0.016434274653993643,0.016426165440709045,0.016417920352874555,0.016409537211365767,0.01640101896061972,0.016392373894828925,0.01638361446046345,0.01637475486405936,0.016365814257068432,0.016356781829782636,0.016347653113314674,0.016338393173694017,0.016328980049547543,0.01631935859480832,0.016309493401920293,0.016299274946212063,0.016288647384516592,0.016277469113171412,0.016265641000481487,0.016253100788219767,0.016239817935595074,0.016225789283741174,0.0162110348585985,0.016195594001787272,0.016179522442226053,0.01616288915871315,0.01614577367641677,0.016128264015114597,0.016110453281176884,0.016092438525421908,0.016074319424460276,0.0160561968915126,0.016038171858927044,0.016020344225378545,0.01600281195228034,0.015985670289132385,0.01596901112287205,0.015952922420242634,0.015937487757079028,0.01592278534331184,0.015908887792211515,0.015895860713407303,0.01588376337482676,0.015872578779275167,0.015862268366907007,0.015852791298708833,0.015844127461436187,0.01583627073173338,0.01582921883231107,0.01582297284349612,0.01581753326849401,0.015812899830806203,0.015809071354325896,0.01580604696375971,0.01580382623287967,0.0158024089662985,0.015801794969314092,0.015801983797335297,0.015802974655989756,0.015804765484674375,0.015807352276479548,0.015810709824437285,0.015814808005022152,0.015819538674151725,0.015824930685918493,0.015830681478856946,0.015836538996681335,0.015842300485724423,0.01584780885926157,0.015852945862207334,0.015857627756019763,0.015861800534736268,0.015865435760342803,0.01586853016450995,0.01587109913415937,0.015873172704593895,0.015874792133346756,0.015876008692541778,0.015876881916608156,0.015877477761301387,0.015877866948045875,0.015878123499418105,0.015878323426320944,0.015878543581765735,0.015878860657850914,0.015879350077086796,0.015880085273321673,0.015881136388805606,0.015882566852403884,0.015884439030393115,0.015886799895519315,0.015889685041352627,0.015893120252690334,0.01589712305243824,0.015901705228426866,0.01590687358685794,0.015912630849042132,0.015918977539794897,0.015925912181997882,0.01593343216252223,0.015941533015497132,0.015950209573552906,0.015959456504769882,0.0159692685706593,0.015979640794441318,0.015990568564097973,0.016002047686484347,0.01601407439924256,0.01602664534526858,0.016039754437111236,0.016053399045674464,0.016067415818112326,0.01608168623401229,0.016095911882059468,0.01610985348018197,0.016123322856771306,0.016136177007528382,0.016148312335224867,0.016159659916970843,0.01617018047865372,0.01617985984991024,0.016188706411422796,0.01619674693647079,0.01620402378343704,0.016210590699676217,0.016216511268778624,0.01622184618350726,0.016226668623155638,0.016230881083101976,0.016234407421855966,0.01623719033505055,0.01623918806790013,0.016240373703919272,0.016240733192627043,0.01624026554117888,0.01623897898235507,0.016236901750527048,0.0162340558871965,0.016230482145595488,0.01622623665670472,0.016221388186415515,0.016216016305981597,0.01621020826593834,0.016204057217416745,0.016197660482710017,0.01619111849152089,0.016184533027180748,0.016178006262101093,0.01617163840522165,0.01616552767573043,0.016159769741361,0.016154457057622414,0.016149673154912666,0.016145486341050033,0.016141759263296366,0.016138369428479706,0.016135252772422688,0.016131286044658633,0.01612664055377807,0.016119740620049717,0.01611105516127407,0.01610087130134169,0.01608945874773576,0.016077073282226635,0.016063956464800966,0.016050335820581123,0.016036424866547123,0.01602242289050428,0.01600851475117664,0.015994877376029483,0.015981675934421857,0.015969062246693862,0.01595717458322438,0.015946139339916468,0.015936071708157036,0.015927076115665018,0.01591924664572549,0.01591266745346528,0.015907413181523646,0.015903549366409343,0.015901132840934182,0.01590021213628295,0.015900827880846125,0.015903012724453547,0.015906791578860453,0.015912182586738162,0.015919197536341606,0.015927842350800716,0.015938117280757783,0.01595001743976094,0.015963532988828667,0.01597864928781765,0.01599534752919416,0.016013604950856446,0.016033395048576666,0.01605468810615485,0.016077450149478853,0.016101644195872466,0.016127230721031283,0.0161541679820843,0.01618241232659671,0.016211918489329215,0.01624263987531906,0.01627452882794464,0.016307536880609687,0.01634161499107082,0.01637671375756373,0.016412783155872995,0.016449772518304488,0.016487631302639895,0.01652630937960083,0.016565757063324516,0.016605925180534553,0.0166467650802154,0.016688229055582728,0.016730270250331403,0.01677284276395369,0.016815902030389497,0.01685940413186315,0.016903305787168484,0.01694756293695053,0.01699213176174169,0.017036968752818824,0.017082030751702792,0.01712727490293559,0.01717265861799705,0.017218139579318663,0.017263675754558595,0.017309225417612557,0.01735474717562641,0.01740019998294162,0.017445542696735893,0.017490733854259876,0.017535732391244955,0.017580497726888227,0.01762498995856592,0.017669169832311336,0.017712999104957834,0.017756440553686845,0.017799457861447304,0.017842016056535452,0.01788408141312725,0.017925621411575634,0.017966604992168143,0.018007001095062,0.018046779811405612,0.01808591256140906,0.018124372164368414,0.01816213290393384,0.01819917059053059,0.01823546262044473,0.018270988030894185,0.0183057275502457,0.018339663642356382,0.018372780543630427,0.01840506381961258,0.018436500068656766,0.018467077678828214,0.018496786848420033,0.018525619780621054,0.01855357056752632,0.018580635427615143,0.018606812611517743,0.01863210214353768,0.018656506149680157,0.018680028617526278,0.018702675210244116,0.018724453366798937,0.018745370630546532,0.018765435745898323,0.018784658679384555,0.01880305054625343,0.01882062353492437,0.01883739083161258,0.018853366545659247,0.018868565635985057,0.018883003838966444,0.018896697597554395,0.018909663990478325,0.018921920191268773,0.018933483013671235,0.018944369626075326,0.01895459748851856,0.01896418439976477,0.018973148317820772,0.01898150758782239,0.018989280586361477,0.018996485461269415,0.019003140305341087,0.019009263106592244,0.019014871440502255,0.019019982534291786,0.0190246116877998,0.01902877340562457,0.019032481491974385,0.01903574905861757,0.01903858854180157,0.0190410117289051,0.019043029793462955,0.019044653336831974,0.019045892432496832,0.019046756673628727,0.019047255222607876,0.019047396445977957,0.019047187535234603,0.019046635329036707,0.019045746614523976,0.019044527903987186,0.01904298553260688,0.019041125969711085,0.019038955608598883,0.019036480634289463,0.019033707157155785,0.019030641518525102,0.01902728996453925,0.019023658726093733,0.0190197527240619,0.01901557661969015,0.019011134951676847,0.019006432179887404,0.01900147272835296,0.018996261029170257,0.018990801566850662,0.01898509892247136,0.018979157816782215,0.018972983151131082,0.018966580044408713,0.018959953560235054,0.018953108385742396,0.01894604946375681,0.018938781345698506,0.018931309468337133,0.018923639632294216,0.018915777837351343,0.018907730902714175,0.018899505884016028,0.018891110385919483,0.018882552314286056,0.018873839693001795,0.01886498069993705,0.018855982184203843,0.018846850830620328,0.01883759320231667,0.01882821574023008,0.0188187247674505,0.01880912649945162,0.018799427059739103,0.018789632499431025,0.018779748819193073,0.018769781992199332,0.018759737986915246,0.01874962241973631,0.018739440076901995,0.018729195774065475,0.018718894394546447,0.018708541077135717,0.01869814113318601,0.018687700779899976,0.018677226057213413,0.018666723042181484,0.018656197877033667,0.018645657153896305,0.01863510747947773,0.01862455549967542,0.01861400649334711,0.01860346551227547,0.01859293741115788,0.018582426848660405,0.01857193829349651,0.018561476035501547,0.018551044201187056,0.018540646772822748,0.018530287609417505,0.018519970464904105,0.018509699005217276,0.01849947648452943,0.018489305214887293,0.0184791874331913,0.01846912525958837,0.018459120987399626,0.018449176934174315,0.018439295684137727,0.018429479986253685,0.018419732529032964,0.018410056328429375,0.01840045444395613,0.018390929835406484,0.018381485337483208,0.01837212234276213,0.01836284193896664,0.018353644951056368,0.018344531955434326,0.01833550329929619,0.018326559125179123,0.018317699400017033,0.018308923947176956,0.01830023247531965,0.018291624605746015,0.018283099891397175,0.018274657526477146,0.018266295779943237,0.018258012882602145,0.018249807027361478,0.018241676617708046,0.01823362016653048,0.018225636521061545,0.01821772476303102,0.018209883982100744,0.018202113658840294,0.018194413384312897,0.018186782800459256,0.018179221591666166,0.018171728252161668,0.01816430120913925,0.018156938886608836,0.018149639739330054,0.018142402287662777,0.018135225152533546,0.018128107089135422,0.01812104701076418,0.018114044005531717,0.018107097324166304,0.018100206374498044,0.018093370425383618,0.018086587972271837,0.01807985760567168,0.018073178041057954,0.01806654823725402,0.018059967248356713,0.0180534345602783,0.018046949773452968,0.01804051272097863,0.01803412376229819,0.01802778412972177,0.018021495301200452,0.018015258514267187,0.018009073853772376,0.01800294129880589,0.01799686079904037,0.017990832297264326,0.017984855745046404,0.017978931117439083,0.01797305842932211,0.01796723775126921,0.017961469226201558,0.01795575308591208,0.017950089664872083,0.01794447915574269,0.01793892099737299,0.017933414703015325,0.01792795952679886,0.017922555238654794,0.017917201816850463,0.017911899575256306,0.017906649246936468,0.017901451737060814,0.01789630843473981,0.01789122087924738,0.01788619070423495,0.017881219530987685,0.01787630788070422,0.01787145619293999,0.01786666486275304,0.017861934250580386,0.017857264694655345,0.017852656522209936,0.017848110055884877,0.01784362562490779,0.01783920357227786,0.017834844258528156,0.017830548062660163,0.017826315193561874,0.017822145119547446,0.01781803730153913,0.017813991261682958,0.01781000657360399,0.017806082862450997,0.017802219553931325,0.0177984165086621,0.017794673437365953,0.017790989852221353,0.017787366720277323,0.017783805173981402,0.01778030586737717,0.017776868346891333,0.0177734920475538,0.017770176360684876,0.01776692065815999,0.017763724312900533,0.01776058671920011,0.01775750731355973,0.01775448559233255,0.0177515211252504,0.017748613569495447,0.01774576267849583,0.01774296809169738,0.01774022856173959,0.01773754290590718,0.01773490970257268,0.017732327619953078,0.017729795072976194,0.01772730418257267,0.017724841839650236,0.017722390486683802,0.01771992961509563,0.017717436700517827,0.017714888178362847,0.01771226012548344,0.017709527674346245,0.017706665987517894,0.017703649908144922,0.017700455077440436,0.017697051321868044,0.017693406279779958,0.017689474225811328,0.017685207518033305,0.017680557653429043,0.017675476746490854,0.017669918732925987,0.017663840179629194,0.01765720018031506,0.017649961960291064,0.017642093337003006,0.017633567744456978,0.017624364793025628,0.017614470911120318,0.0176038795527197,0.017592591056536395,0.017580612947740465,0.017567959538875282,0.01755465159040581,0.017540715753361774,0.01752618332254095,0.017511090745451173,0.01749547920427737,0.017479394148331447,0.017462884802132577,0.017446002043389752,0.017428794161899422,0.017411313890092935,0.017393573627042344,0.01737558844204602,0.017357341549823078,0.017338825754504173,0.017319997869366152,0.017300832557800922,0.01728131641305215,0.017261447135263768,0.01724123247066096,0.017220689518088386,0.01719984374007577,0.017178727886365642,0.017157381521266103,0.017135849876096433,0.017114183030969357,0.017092434909086806,0.017070661824744815,0.017048922673263123,0.017027278344925893,0.01700579115526855,0.01698452431719521,0.016963541453731353,0.01694290615052289,0.0169226815458025,0.016902929955714473,0.016883712532582994,0.016865088932405202,0.016847111042525915,0.016829834425444938,0.016813070614867053,0.016796667147290938,0.016780503922176213,0.016764489235720777,0.016748555839831408,0.016732659285751062,0.016716774316042706,0.016700892468831784,0.016685019874436224,0.01666917492204701,0.016653386061341823,0.01663768943082079,0.01662212809027964,0.01660675065046103,0.016591610018933476,0.01657676227592412,0.016562265666073706,0.016548179699240387,0.016534564329870136,0.01652147923857139,0.016508983189501725,0.016497133456414216,0.016485975333105495,0.016475563315531145,0.01646564330292667,0.016456012678504234,0.016446514080029555,0.01643702961575318,0.01642747597799265,0.016417799748512114,0.016407973079583332,0.016397990343075205,0.01638786442904529,0.016377623745546,0.016367309225044327,0.01635697137739589,0.01634666890358921,0.016336466849290212,0.01632643495476853,0.01631664620435936,0.01630717555680875,0.016298098839217533,0.01628949178853415,0.016281429225595948,0.016273984347540522,0.016267228124441764,0.01626122869836701,0.016256050033610317,0.016251752503175336,0.016248392531660945,0.016246022617550558,0.0162446908128503,0.01624444062232921,0.01624531073484458,0.016247334706210318,0.016250541241853145,0.016254953902984086,0.016260591128739142,0.016267465982100774,0.01627558579552266,0.016284953051752083,0.016295565620707747,0.016307416997294214,0.016320496557791084,0.01633478983020861,0.01635027877443848,0.016366942068436648,0.016384755397054977,0.016403691740489567,0.016423721659656314,0.016444813520494216,0.016466932797983648,0.01649004333736297,0.016514107579297912,0.016539087078312507,0.016564942618893238,0.016591634660304784,0.01661912345478218,0.016647369057122895,0.01667633184765897,0.016705972354120517,0.016736251349141747,0.016767129546002187,0.016798567238335376,0.016830525060397932,0.016862964073896678,0.016895845821538948,0.01692913237051644,0.016962786347397854,0.016996770965194623,0.017031050039654442,0.01706558799897303,0.017100349888493255,0.01713530137016037,0.017170408663262124,0.017205637451117896,0.017240953930813204,0.01727632475358338,0.017311717248171335,0.017347099276873126,0.01738243943866876,0.017417706947586185,0.01745287142914507,0.017487903303347842,0.017522773432777927,0.01755745312600803,0.017591913693031966,0.017626126085854624,0.017660061643451807,0.01769369217776619,0.017726990046386108,0.017759928230555805,0.01779248041558121,0.0178246210628499,0.017856325474923575,0.017887569801483826,0.017918331059895178,0.0179485871535254,0.01797831687790964,0.01800749875696978,0.018036112197121867,0.018064137203404388,0.01809155491108859,0.01811834541155423,0.018144485370733862,0.018169951152528098,0.018194719301454835,0.01821876626764657,0.018242069022955366,0.01826460440209263,0.018286348674538936,0.0183072780533557,0.0183273699140089,0.018346603190322677,0.018364958676520958,0.018382419281432014,0.018398969946226366
4.75,0.9994604026249125,0.9989249812014579,0.9983910617674246,0.9978562867178371,0.9973185734694969,0.9967760774555883,0.9962271591019719,0.9956703543717961,0.9951043484966136,0.9945279528820115,0.9939400844741445,0.9933397478410545,0.9927260193798881,0.9920980337340992,0.9914549719398467,0.9907960512186605,0.9901205162472881,0.9894276317499908,0.9887166762712559,0.9879869369972212,0.9872377053220847,0.986468273437951,0.9856779316931794,0.9848659663540362,0.9840316585957443,0.9831742820111775,0.9822931015914189,0.9813873721073507,0.9804563346763104,0.9794992110572573,0.9785151873228095,0.977503433652294,0.9764630983664471,0.9753932971509442,0.9742931676049785,0.9731618213671488,0.9719983255528499,0.9708017067905538,0.9695709528773224,0.9683050126019697,0.9670027953018041,0.9656631707083695,0.9642849692360184,0.9628669826763154,0.9614079650120032,0.9599066339943174,0.9583616735989936,0.9567717364620619,0.9551354474918373,0.9534514055515982,0.9517181815887783,0.9499342985892064,0.9480982474366523,0.9462084825577133,0.9442634113868832,0.9422614362829358,0.9402009541490319,0.9380803494655218,0.9358983401511092,0.9336536281388723,0.9313448470511225,0.9289706260017581,0.9265296168954432,0.9240205058673849,0.9214420203449815,0.9187929348805147,0.9160720765300427,0.913278329954576,0.9104106416805448,0.9074680245844843,0.9044495629209188,0.9013544160480842,0.8981818222084366,0.8949311005216315,0.8916016482506208,0.8881929278579952,0.88470449931163,0.8811360182903332,0.8774872317434447,0.8737580379185843,0.8699484325763106,0.8660584954439983,0.862088397270237,0.8580384048584748,0.8539088819518957,0.8497002894919433,0.8454131846695339,0.8410482195585277,0.8366061394161919,0.8320877806909863,0.8274940687677359,0.822826015478492,0.8180847154437831,0.81327134310739,0.8083871507858519,0.8034334650118955,0.7984116837897404,0.7933232731929092,0.7881697636528637,0.782952747771318,0.7776738755224856,0.7723348505463743,0.7669374272019657,0.7614834070693957,0.7559746345885505,0.7504129944035293,0.7448004058861714,0.7391388202742594,0.7334302164959031,0.7276765988101351,0.7218799934890748,0.7160424455730003,0.7101660157044606,0.7042527770455843,0.698304812282272,0.6923242107174715,0.6863130640845257,0.6802734638082587,0.6742074996578941,0.6681172564487093,0.6620048148303151,0.6558722438844464,0.6497216003259744,0.643554924172383,0.637374240633185,0.6311815528304661,0.6249788370702678,0.6187680588982697,0.6125511572346838,0.6063300416087465,0.600106588127228,0.5938826407860293,0.5876600098253958,0.5814404709949382,0.5752257602597789,0.5690175123919211,0.5628173384877262,0.556626818935317,0.5504474888686726,0.5442809028321971,0.5381285981311293,0.5319920739412914,0.5258728045181197,0.5197722121305086,0.5136916658600981,0.5076324845889134,0.5015959419928065,0.4955832639144783,0.48959565287514756,0.4836342778066076,0.47770027179388636,0.4717947379193603,0.46591874184058196,0.46007331252722966,0.45425944104463306,0.44847808304843284,0.4427301588731978,0.43701655575939086,0.43133812851517794,0.42569570014474944,0.420090062475274,0.4145219767730396,0.40899217435863866,0.4035013572179416,0.3980501971345967,0.39263933690869146,0.3872693918696729,0.38194095004714784,0.37665457726101226,0.37141081075239596,0.3662101625065971,0.3610531181116455,0.3559401416758882,0.35087167357452137,0.34584812825351685,0.3408699020023145,0.3359373687297502,0.3310508812501474,0.32621077002491267,0.3214173439624946,0.31667088982896224,0.3119716741084768,0.3073199433690248,0.3027159246113027,0.2981598256034047,0.29365183520184707,0.28919212365956287,0.28478084292154376,0.28041812537976096,0.27610407938385867,0.27183878553890295,0.2676222808720794,0.26345453346644915,0.2593355372304326,0.2552652856383834,0.2512437513945451,0.2472707902782412,0.24334614031434987,0.23946940875056597,0.23564075237283735,0.23186043567202744,0.2281286180968595,0.22444530454233036,0.22081042588235555,0.21722387804395926,0.2136855551493949,0.21019533879298205,0.20675309150557142,0.2033586808037156,0.2000119401612918,0.19671267682285543,0.19346068082754278,0.1902557266461574,0.18709757410284028,0.18398597015952467,0.18092064869228044,0.17790133015839166,0.17492772422239036,0.17199952874338462,0.16911643183472025,0.1662781102935204,0.1634842300555237,0.1607344475596091,0.15802840958430364,0.15536575315688067,0.15274610728734592,0.15016909042452783,0.14763431236344068,0.14514137415443618,0.14268986939501005,0.14027938469072468,0.1379095001161114,0.13557978967664694,0.13328982177045054,0.13103915964838153,0.12882736187122215,0.1266539817787102,0.12451856829354818,0.12242066713751584,0.12035982094824721,0.11833557334823935,0.11634746350641934,0.1143950289516767,0.11247780833342408,0.11059533756894492,0.10874715203213768,0.10693278696974094,0.10515177804980617,0.10340366140293286,0.10168797412607118,0.10000425417101243,0.0983520407859644,0.09673087463470274,0.09514029828116571,0.09357985643068971,0.09204909615635665,0.09054756711174411,0.08907482173039072,0.08763041541232214,0.08621390669800445,0.08482485712734619,0.083462831734387,0.08212739908781899,0.0808181314380036,0.07953460513981592,0.07827640037964743,0.07704310138818067,0.07583429435168498,0.07464957208771603,0.07348853167467233,0.07235077504558296,0.07123590835693146,0.07014354213939386,0.06907329182750899,0.06802477666529469,0.06699762033191012,0.0659914508272789,0.06500590071102019,0.0640406071209285,0.06309521178611398,0.062169361036393346,0.0612627058081131,0.060374901646548226,0.05950560870506318,0.05865449154006579,0.05782121897620356,0.05700546453574104,0.056206906261444235,0.05542522732093372,0.054660115069302795,0.053911261356903134,0.053178362277545646,0.05246111878766922,0.05175923620891689,0.05107242362806604,0.05040039535520175,0.04974286992123397,0.04909957045209463,0.04847022365715505,0.04785456029546686,0.047252315010143285,0.046663226479278494,0.046087037376237684,0.04552349432804736,0.04497234787365094,0.044433352422212094,0.04390626621151681,0.043390851266826284,0.042886873072058594,0.042394100318309307,0.04191230551846403,0.04144126473126099,0.040980757487136525,0.04053056716910456,0.04009048069609314,0.03966028949261069,0.0392397879066955,0.03882877367425973,0.03842704770529666,0.038034414879082226,0.03765068335175011,0.03727566474547971,0.03690917366584341,0.036551027810648944,0.03620104770252491,0.035859057014097626,0.03552488254886986,0.0351983542195003,0.034879305027615805,0.03456757104501721,0.03426299139612775,0.033965408241489393,0.03367466643392798,0.03339061348710044,0.03311309997576979,0.03284197935828315,0.032577108168876816,0.03231834593057378,0.03206555506728788,0.03181860131905858,0.031577353228861765,0.031341682118441384,0.031111462380134382,0.03088657114750791,0.030666888199439756,0.030452296366689776,0.030242680468606214,0.03003792780275733,0.02983792798150915,0.029642573089686906,0.02945175762794322,0.029265378472887096,0.029083334840184136,0.02890552824630906,0.02873186247004956,0.0285622435142177,0.028396579292543616,0.028234779568240588,0.028076756270033518,0.02792242332375462,0.02777169673960312,0.027624494631865913,0.02748073707322104,0.027340346105451215,0.027203245672284136,0.027069361481710616,0.02693862105133634,0.026810955035382434,0.026686295688530825,0.02656457683947509,0.026445733529725873,0.02632970224086791,0.026216420695849837,0.026105828075369014,0.025997864976111163,0.02589247336404372,0.025789596528797438,0.025689179039790098,0.0255911667044572,0.025495506528834977,0.025402146435037368,0.025311035370594783,0.025222123360668723,0.025135361439167885,0.0250507020344297,0.024968098403688563,0.024887504796131235,0.024808875847347103,0.024732167924876966,0.024657338337155738,0.02458434525313957,0.024513148102983464,0.024443707173999712,0.024375983780401903,0.024309939821633302,0.024245537902710147,0.024182741131290323,0.02412151333648173,0.024061819048237676,0.02400362347148758,0.023946892460717316,0.023891592495591692,0.023837690658082847,0.023785154604065162,0.023733952295294767,0.023684051931394532,0.023635422218769575,0.023588032218637676,0.023541851446998954,0.02349684984076972,0.023452997669413035,0.0234102658469878,0.02336862558041142,0.023328048352807124,0.023288506239137273,0.023249971571297986,0.023212416964532277,0.023175815556831455,0.023140140550304063,0.023105365437408727,0.023071463891736133,0.02303840998985627,0.02300617824796699,0.022974743656158446,0.02294408171337302,0.022914168462359497,0.022884980524044283,0.022856495130795008,0.022828690085118845,0.022801543820501455,0.022775035456245072,0.022749144690285026,0.022723851095831256,0.02269913217603183,0.02267495807345101,0.02265128146746102,0.02262809879801599,0.02260541038695295,0.022583209195648154,0.022561484822739116,0.022540225294152505,0.02251941835073507,0.022499052020358123,0.02247911483465017,0.02245959578541615,0.022440484464097556,0.022421771054275796,0.022403446317290097,0.022385501576480005,0.022367928700883104,0.022350720088726003,0.02233386865091383,0.022317367595235314,0.022301210332336487,0.022285390780304063,0.022269903235859062,0.02225474252574755,0.022239903921648298,0.02222538309698288,0.022211176522951955,0.022197280779537337,0.0221836925782553,0.0221704087140361,0.022157427207377418,0.022144746723869176,0.022132366211548217,0.02212028511694127,0.0221085029149409,0.022097018978501443,0.022085832868603255,0.02207494435872879,0.022064353425033312,0.02205406022618989,0.022044065079498784,0.0220343684351804,0.022024970849105218,0.02201587273608884,0.02200707429777184,0.0219985757831714,0.021990377354646918,0.021982479188091427,0.021974881442160307,0.021967584172241636,0.02196058759852266,0.0219538918040335,0.0219474966741544,0.021941402000708064,0.021935607501562458,0.02193011261505227,0.02192491664482661,0.02192001840071633,0.021915416286913486,0.021911108121371974,0.02190709136188564,0.021903363108157787,0.021899920102503214,0.021896758733661658,0.021893875043651704,0.021891264736187008,0.02188892318626303,0.021886845218431667,0.02188502506009203,0.021883456667611205,0.021882133702790452,0.0218810496001644,0.0218801974380314,0.02187957001485587,0.021879159896003558,0.021878959398265608,0.02187896059307424,0.021879155359691628,0.021879535362562718,0.021880091972631282,0.0218808163649545,0.021881699777712895,0.02188273316355581,0.021883907064857242,0.021885211947402148,0.021886638268974926,0.021888176529349188,0.021889817312583586,0.021891551301043092,0.02189336915792156,0.021895261478349155,0.021897218323261525,0.021899228458375337,0.02190127984099415,0.02190335908605923,0.021905449998884264,0.021907545444482267,0.021909639956143537,0.02191172574623892,0.02191379243793703,0.02191582776740689,0.02191781743257203,0.021919747581462937,0.021921603470783785,0.021923369789675802,0.02192503027953717,0.02192656832205136,0.021927967184620187,0.021929210445902344,0.02193028222523294,0.021931167381225896,0.021931851691901507,0.02193232201765529,0.021932566446640146,0.021932574422045457,0.021932336632005382,0.021931845023148627,0.02193109320153855,0.021930076461720356,0.021928791878720447,0.021927238194352442,0.02192541539109999,0.021923322621803822,0.02192096371567722,0.021918345470387984,0.021915476892474185,0.021912368610139343,0.02190903209394945,0.02190548005969728,0.02190172613387775,0.021897785110919287,0.021893672794263547,0.02188940602659998,0.021885002589574033,0.021880481097831053,0.021875860891934728,0.02187116193139968,0.021866404688853956,0.021861610046226537,0.021856798974847456,0.021851992381731643,0.021847211315087395,0.02184247685864306,0.02183781027470677,0.02183323254638629,0.021828764502956195,0.021824426869475923,0.021820240044270345,0.02181622409467647,0.021812398881016926,0.021808783667992004,0.021805397174894433,0.021802257648680018,0.021799382528272914,0.02179678851019,0.021794491399089393,0.021792506249344586,0.021790847344899243,0.021789528179263083,0.02178856143910155,0.02178795899129806,0.021787731873353564,0.021787890286965785,0.021788443501384615,0.021789399791253387,0.021790766613757874,0.02179255059581228,0.021794757022622166,0.02179739076590377,0.021800455948083455,0.021803955755878884,0.021807892877940854,0.0218122693117043,0.021817086392219385,0.021822344805601683,0.021828044527969707,0.02183418492247778,0.021840764524662402,0.021847781097225242,0.02185523149608664,0.021863111887535085,0.02187141776249839,0.021880143946379084,0.021889284609055353,0.021898833275282737,0.02190878283531182,0.02191912555574193,0.02192985287707132,0.02194095534203121,0.02195242292916402,0.021964245047060214,0.021976410600763045,0.02198890793917941,0.022001724949521257,0.02201484943329186,0.022028268514363653,0.022041968921824594,0.022055937223833973,0.022070159465568156,0.022084621317013234,0.02209930832616789,0.022114205384455403,0.022129297024246843,0.022144567366981192,0.022160000287885808,0.022175579454157275,0.022191288361474323,0.022207110371412375,0.022223028749612003,0.022239026704536678,0.022255087426644754,0.022271193910243195,0.02228732894411628,0.02230347542664547,0.022319616398411537,0.02233573533591151,0.02235181576165403,0.022367841498141,0.02238379745992192,0.02239966829609133,0.022415439041867487,0.02243109519091287,0.022446622667761772,0.022462007826584834,0.022477237610773547,0.022492299211438516,0.0225071802404109,0.02252186867564507,0.02253635296102254,0.0225506220087235,0.02256466519667216,0.022578472363477833,0.02259203380136872,0.02260534024763175,0.022618382875067653,0.02263115310462592,0.022643642632070797,0.022655843541458654,0.02266774831499799,0.02267934974464418,0.022690641080761204,0.02270161599732633,0.022712268800543448,0.02272259406446445,0.02273258677635328,0.022742242336262583,0.02275155658517068,0.022760525725769646,0.022769146402275366,0.022777415473088217,0.02278533006302293,0.022792887457073894,0.02280008525165811,0.022806921354081137,0.02281339397928133,0.02281950164710928,0.022825243180227307,0.022830617702558044,0.022835624638253373,0.02284026350372577,0.02284453378241787,0.022848435284989647,0.022851968126729166,0.022855132780364783,0.022857930001075083,0.022860360902678303,0.02286242699043232,0.02286413015562795,0.022865472643138277,0.02286645707684355,0.02286708641426307,0.022867363855563122,0.022867292972916068,0.02286687731768994,0.022866120516149564,0.02286502611272401,0.022863597790533985,0.022861839369556703,0.022859754802444374,0.022857348172644027,0.02285462369477725,0.022851585717187525,0.022848238726498053,0.022844587139179924,0.02284063523758358,0.022836387475388378,0.022831848484161886,0.02282702312276275,0.02282191644382053,0.022816533772374855,0.02281088080682705,0.02280496353253843,0.022798788256220632,0.022792361729721874,0.022785690957400122,0.022778783212644677,0.022771646135793567,0.022764287476842903,0.02275671513087147,0.022748936996158313,0.022740961186509367,0.02273279602694206,0.022724450043173135,0.02271593194946414,0.022707250634950427,0.022698415148476096,0.022689434682054286,0.0226803183497332,0.022671075033891326,0.022661713729183564,0.02265224350407449,0.022642673537793177,0.022633013022445476,0.022623271225156727,0.022613457515303293,0.0226035813331304,0.022593652155103817,0.022583679514133745,0.02257367294393794,0.02256364188451499,0.022553595825092452,0.022543543858889712,0.022533494798164792,0.022523457028322803,0.022513438709962655,0.02250344776927656,0.022493491885379944,0.02248357847908539,0.022473714703152545,0.02246390743403091,0.022454163265073337,0.022444488311706843,0.022434888082467686,0.02242536780795691,0.02241593242437614,0.0224065866042037,0.02239733471898521,0.0223881809005527,0.022379129004914657,0.022370182748050894,0.022361345608120493,0.022352620841184303,0.022344011439688925,0.022335520033636848,0.02232714904341015,0.022318900209447882,0.022310774725309433,0.022302773107503983,0.02229489539173664,0.02228714113201851,0.022279509399874543,0.02227199878807961,0.022264607418991545,0.022257332957436014,0.022250172627990415,0.022243123050519106,0.022236180111158094,0.022229339354681184,0.022222595998774512,0.02221594502538091,0.022209381139883716,0.022202898883219312,0.022196493573350573,0.02219015965364943,0.022183891545191268,0.022177683170503698,0.022171529101250916,0.02216542391420141,0.022159362288374215,0.0221533388521996,0.0221473482182747,0.02214138489613087,0.02213544351320357,0.02212951883713206,0.022123605791338617,0.02211769946837749,0.022111795141347212,0.02210588827366597,0.022099974527493346,0.022094049600236747,0.022088109057770894,0.02208214871065005,0.022076164599206777,0.02207015303895066,0.02206411057625693,0.022058034060849607,0.022051921196804474,0.02204576956211289,0.02203957704009388,0.02203334183878704,0.02202706251175597,0.02202073787795466,0.02201436711528738,0.022007949500822566,0.022001484454051437,0.02199497144165552,0.021988410141195142,0.021981800438318773,0.021975142420006706,0.0219684363675933,0.021961682749745706,0.02195488221554458,0.021948035587776422,0.021941143682541776,0.021934207139212354,0.021927226771578563,0.021920203549066385,0.021913138739527882,0.021906033667161273,0.021898889851566527,0.021891709442475794,0.021884494434575488,0.021877246996444204,0.021869969607283254,0.021862664850218528,0.021855335406200552,0.021847984230103815,0.02184061408202168,0.021833227717413542,0.021825827822257778,0.021818417113787552,0.021810998329239682,0.021803574211603415,0.021796147495106836,0.021788720890760935,0.02178129707228628,0.021773878662698747,0.021766468052514157,0.021759067207418673,0.021751678028962815,0.02174430233264103,0.021736941889253587,0.021729598352324193,0.02172227331444652,0.021714968375457777,0.021707685040138706,0.021700424721401934,0.02169318898013114,0.021685979020858153,0.021678795843882482,0.02167164037964046,0.021664513120074412,0.021657414212783905,0.021650343380018696,0.021643300088890854,0.021636283556854086,0.021629292755394176,0.021622326415651552,0.021615383035997762,0.02160846089150582,0.02160155804523188,0.021594672196800575,0.021587800525043648,0.021580940054588993,0.02157408766546711,0.021567240154513643,0.021560394200147492,0.02155354643655896,0.021546693672242802,0.021539832654304446,0.021532960198771715,0.021526072981559584,0.02151916811442925,0.021512242745607056,0.02150529424173654,0.021498319808954572,0.02149131662458518,0.021484281774406106,0.021477212467026836,0.021470106057150565,0.021462960063698827,0.02145577218708974,0.021448540325656386,0.021441262591143987,0.021433937323153907,0.021426562941750972,0.021419137749847342,0.02141166028572797,0.021404129270633402,0.021396543589939573,0.021388902185203573,0.021381204110989135,0.021373448578763096,0.021365634959224642,0.021357762788546154,0.021349831832853706,0.021341842087021223,0.021333793734678568,0.021325687349301424,0.021317523485487936,0.021309302832911815,0.02130102617417927,0.021292694596738135,0.021284309522072175,0.021275872727740446,0.021267386366098755,0.02125885297951978,0.021250275512062707,0.02124165731759759,0.02123300200704152,0.02122431326408259,0.021215595194203234,0.02120685231477251,0.0211980895918551,0.02118931236448048,0.021180526398160576,0.021171738322564606,0.021162954786278946,0.021154182777652332,0.021145429867863923,0.021136703641254063,0.021128011856930036,0.021119362496782527,0.02111076351078724,0.02110222280197867,0.021093748141473457,0.02108534726938624,0.021077027866058314,0.021068797522646603,0.021060663714262382,0.021052633775821627,0.021044714880706323,0.02103691402222269,0.021029237854790293,0.021021692466577653,0.02101428374076278,0.02100701733909073,0.020999898747655517,0.02099293320528731,0.020986125773256516,0.020979481697481667,0.020973005764671936,0.02096670256544,0.020960576395589153,0.02095463149280457,0.02094887182845826,0.02094330120686078,0.020937922959369363,0.020932739970443235,0.020927754617005568,0.020922968937333822,0.020918384633687864,0.020914003073131373,0.0209098252904441,0.020905851993157795,0.020902083568705543,0.020898520093628362,0.020895161202387276,0.020892005895441698,0.020889052907830854,0.020886300723860322,0.02088374763447297,0.020881391709832272,0.020879230884633677,0.020877263320381933,0.020875486837854236,0.020873899184665538,0.020872498402848313,0.0208712821586119,0.020870248032978534,0.020869393560239164,0.020868716189398423,0.02086821319834915,0.020867881661093737,0.02086771860866319,0.02086772104250502,0.02086788594358801,0.02086821028060304,0.020868691017317975,0.020869325119138322,0.02087010955892974,0.020871041184481222,0.020872116503208592,0.020873332049079405,0.020874684385421262,0.02087617016253955,0.020877786049129165,0.02087952880898475,0.02088139564373499,0.020883383599105753,0.020885489809362657,0.0208877120150355,0.020890047498532186,0.020892493538523377,0.020895047496476176,0.020897706588703442,0.02090046791077816,0.02090332840748629,0.02090628497216287,0.020909334444175157,0.020912473604905904,0.02091569917464927,0.020919007810475707,0.020922396105109615,0.020925860586840973,0.020929397594777348,0.020933003054287882,0.020936672836918628,0.020940402763704076,0.02094418911799208,0.020948027787592385,0.020951914645636498,0.020955845627344087,0.020959816594073442,0.02096382334576751,0.020967861091713974,0.020971925527202846,0.020976012193371633,0.02098011659363353,0.020984233790430067,0.020988358472781594,0.020992484930158845,0.02099660721512454,0.021000719157727346,0.021004814381311986,0.021008886321861767,0.02101292824980399,0.021016933293429647,0.021020894463273244,0.021024804551901463,0.021028655897105564,0.021032440799635677,0.021036151544533553,0.02103978040525732,0.021043319534750228,0.021046760998927345,0.021050096803177553,0.021053318906833308,0.021056419226244277,0.021059389708604086,0.02106222234159584,0.021064909130423335,0.02106744230918614,0.021069813972332155,0.02107201620856333,0.021074041140787106,0.02107588114451692,0.021077528906033254,0.02107897747458385,0.021080220311647756,0.02108125133682091,0.021082064969956436,0.021082656162955925,0.021083020303338286,0.02108315297098663,0.02108305032866685,0.021082709123785733,0.021082126685516952,0.02108130092699136,0.021080230379716514,0.021078914220958866,0.021077352271058447,0.021075544961695687,0.02107349338911821,0.021071199213951466,0.021068664604283593,0.021065892384393475,0.021062885591026717,0.021059647540316046,0.021056181810371024,0.021052492383835275,0.02104858363989715,0.0210444603430698,0.021040127632099923,0.021035591008970088,0.021030856327909936,0.021025929784300526,0.021020817787590698,0.021015526672048635,0.021010063076659605,0.021004433838907058,0.02099864579104847,0.020992705388102856,0.02098661852185153,0.02098039032200248,0.02097402541890328,0.020967527768065947,0.020960900641340114,0.020954146650895657,0.02094726772421097,0.020940265370446548,0.020933140381148144,0.02092589303682219,0.020918523239664442,0.020911030783203225,0.02090341547165673,0.02089567722819012,0.02088781619429577,0.020879832818646513,0.02087172793514681,0.020863502829206543,0.020855159183878005,0.020846698847947844,0.020838124248606763,0.02082943841812888,0.0208206450367454,0.020811748376590236,0.020802753100264772,0.020793664087093565,0.02078448623597615,0.020775224301458325,0.02076588290109129,0.020756466572728904,0.02074697959766727,0.02073742607498276,0.020727809538046614,0.020718133077168938,0.020708399414868413,0.020698611096460803,0.020688770556258302,0.020678880182181253,0.02066894238086716,0.020658959641580463,0.0206489345977304,0.020638870084663422,0.02062876909636664,0.020618634536726688,0.02060846965821113,0.020598278102722894,0.020588063980584853,0.020577831836803777,0.02056758673507566,0.020557334299271764,0.020547080717673753,0.020536832713270163,0.02052659757499327,0.02051638329098489,0.020506198259997496,0.020496051378854855,0.020485951657836926,0.020475908233838033,0.020465930363979833,0.02045602752178178,0.020446209359614633,0.020436485667489603,0.020426866331886843,0.0204173612951239,0.02040798051569311,0.020398733929929712,0.020389631348774917,0.020380682125820438,0.02037189549835271,0.020363280552141292,0.020354846487566042,0.020346602102138428,0.02033855600134874,0.020330716583431982,0.020323092070847804,0.02031569045672608,0.020308519636979435,0.02030158710716348,0.02029490003133963,0.02028846523828095,0.020282289176642623,0.020276377756997376,0.020270736370309028,0.02026536998815739,0.020260283156120055,0.020255479985927596,0.02025096414901005,0.020246738871509976,0.02024280693080662,0.020239170653468714,0.020235831830718847,0.020232791406119895,0.02023004987140941,0.020227607278243142,0.020225463297902268,0.02022361715728244,0.020222067717295948,0.020220814613651175,0.020219856123177248,0.020219190105977117,0.020218813842060417,0.02021872443852227,0.02021891857124983,0.020219392527757448,0.020220142058757242,0.020221162321917053,0.020222447919094774,0.020223992989294916,0.020225791218560232,0.020227835851037674,0.020230119703321742,0.020232635182082584,0.020235374304910708,0.02023832872424574,0.020241489676810304,0.020244847685312095,0.020248392990274894,0.020252115593561073,0.02025600533651088,0.020260051887820804,0.020264244843740977,0.020268573809714148,0.020273028415960282,0.02027759833978316,0.020282273379542318,0.020287043437568104,0.020291898487684232,0.020296828731950146,0.020301824271448273,0.020306875128822715,0.02031197133932198,0.02031710309678893,0.020322260779596098,0.02032743497264613,0.020332616488146733,0.02033779638511672,0.02034296598760143,0.020348116901565613,0.020353240961744033,0.02035833012399411,0.020363376640529042,0.02036837308969128,0.020373312082664973,0.020378186839905166,0.020382990985510094,0.020387718728175575,0.020392364618770503,0.020396923643119805,0.020401391614125207,0.020405764413459287,0.020410038319499394,0.020414209959143087,0.02041827638326892,0.020422234806462134,0.020426082660851014,0.02042981768719427,0.0204334379234561,0.020436941690329224,0.020440327576298153,0.02044359442249296,0.020446741307551707,0.02044976753153745,0.02045267253754065,0.020455455560999453,0.020458115991712305,0.02046065334379634,0.020463067270669162,0.020465357535178898,0.020467523971100375,0.020469566492361417,0.020471484944599855,0.020473279008524158,0.02047494810875542,0.0204764914153854,0.020477907676508054,0.020479195312086033,0.020480351884818657,0.02048137412194326,0.020482258004705378,0.02048299888852131,0.02048359152664,0.020484030104099063,0.02048430828301115,0.02048441925765141,0.02048435581753376,0.0204841104170291,0.020483675191796467,0.02048304170586495,0.020482201405660302,0.020481145696268563,0.020479866087818942,0.020478354199720397,0.020476601871000658,0.020474601314956986,0.02047234513376794,0.020469826378343572,0.02046703879049634,0.02046397655144258,0.020460634430140193,0.020457007978030593,0.020453093102359057,0.020448886165355423,0.020444384109494573,0.02043958457165267,0.02043448590394406,0.02042908718756646,0.020423388241980613,0.02041738962974616,0.020411092657346697,0.020404499372303538,0.02039761252061134,0.020390435209537053,0.02038297125531566,0.020375225158710913,0.020367202234674146,0.020358908385371598,0.020350350172752607,0.020341535101096486,0.020332471084642173,0.020323166617128807,0.02031363055695392,0.0203038725330519,0.02029390264490983,0.02028373146194424,0.02027336979126247,0.020262828507093742,0.02025211862978233,0.02024125138354827,0.020230238162541603,0.020219090496140058,0.02020782001562699,0.020196438421861636,0.020184957454132332,0.020173388859653866,0.020161744326705134,0.02015003526693544,0.020138272931650453,0.020126468341202235,0.020114632115559538,0.02010277459965156,0.020090905754622475,0.02007903500131246,0.020067171531087526,0.020055324142862537,0.020043501734407936,0.02003171233905108,0.020019963590376007,0.020008262803704345,0.019996616832433905,0.01998503206748451,0.019973514532697488,0.01996206995764719,0.019950703806580112,0.019939421304349617,0.019928227458492098,0.01991712707969718,0.019906124800042356,0.019895225087257034,0.01988443220867964,0.019873749869056306,0.01986318158675343,0.01985273066695951,0.01984240019316545,0.01983219297202652,0.01982211154241106,0.0198121582646361,0.019802335257351814,0.01979264441085003,0.01978308741359818,0.019773665831112303,0.019764381044950218,0.019755234424304016,0.01974622687040013,0.019737358867463056,0.019728630668201873,0.01972004240889646,0.019711594142366763,0.019703285868358462,0.019695117562871792,0.019687089206070957,0.019679200808471003,0.01967145243420868,0.019663844165926894,0.01965637553454661,0.01964904576781206,0.019641853651640746,0.0196347975033794,0.019627875028620397,0.019621083322149034,0.019614419083090653,0.019607878312260473,0.019601456469120142,0.019595148953371846,0.019588950353261084,0.019582854884039092,0.019576856729219518,0.0195709494086885,0.019565126209714876,0.01955938034627585,0.019553705076086905,0.019548093788199584,0.019542540084655457,0.01953703785593141,0.019531581349521796,0.019526165230836275,0.019520784627335936,0.019515435157942032,0.019510112673600068,0.01950481337715707,0.019499533555831373,0.019494268759378156,0.019489014812520657,0.01948376730111428,0.01947852137391085,0.019473272016376154,0.01946801391506598,0.01946274164089294,0.019457449915320984,0.019452133446296347,0.01944678701491408,0.019441405239318376,0.01943598269463236,0.019430514186639627,0.019424994874661924,0.019419419795499427,0.019413783202283093,0.01940807791451155,0.019402294388441193,0.01939641951543218,0.01939043375131805,0.019384313359278017,0.019378030738859395,0.019371556313603842,0.019364858547481642,0.01935790563251145,0.01935066559887694,0.019343106785885283,0.01933519807083941,0.01932691014121957,0.019318215712313565,0.019309090271748475,0.01929951476665183,0.0192894743877301,0.019278958116931363,0.019267958839970924,0.01925647329850408,0.019244501913609487,0.019232048783451312,0.019219121173716935,0.01920572892259158,0.01919185638803961,0.019177460507641284,0.01916247118735156,0.01914679300477316,0.019130300103409735,0.019112820754747344,0.019094235769234462,0.019074437723386586,0.019053356630875477,0.01903093791585794,0.01900700291409534,0.018981447989705955,0.018954214944854983,0.018925284676152777,0.018894671186577824,0.018862417485608515,0.018828590721003038,0.01879327826891475,0.018756584218592314,0.018718626007296842,0.0186795317888241,0.01863943231752063,0.01859846943827772,0.01855674241525126,0.01851436148600366,0.018471380251148122,0.01842783791956247,0.018383748026551953,0.018339157003783448,0.018294098357689862,0.018248711948189663,0.018203043415426248,0.018157155230163743,0.018111123639975996,0.018065035936388973,0.018018988093292772,0.017973082583605613,0.01792742647824036,0.017882129969887948,0.017837304590162525,0.017793062062432374,0.01774951329134292,0.01770676713843495,0.0176649295438401,0.01762410304317394,0.01758438624254825,0.01754587335457737,0.01750865382214633,0.017472812021243317,0.01743842703414866,0.01740557248508892,0.01737431643118523,0.017344721296274998,0.017316843562551035,0.017290734060570148,0.01726643803366919,0.01724399512200607,0.017223439663703887,0.017204800740263017,0.01718810223124322,0.017173363168033307,0.017160597758952765,0.017149815540420835,0.0171410215989958,0.017134216662276144,0.01712939740421873,0.017126556179112528,0.017125681227535834,0.017126757062966274,0.017129764695340235,0.01713468182625356,0.01714148304493832,0.017150140024977077,0.017160621721018354,0.01717289456478037,0.017186922659655393,0.01720266797224059,0.01722009015654605,0.017239147072190836,0.017259794987910228,0.01728198879119868,0.01730568216240983,0.01733082776037836,0.017357377587505475,0.017385282861887327,0.017414494271880528,0.017444962226921157,0.017476636832158048,0.01750946804617005,0.017543405896838327,0.017578400242108348,0.017614400818924673,0.01765135754162251,0.01768922060934135,0.017727940581561682,0.017767468446316704,0.017807755682126655,0.01784875431417422,0.017890416965226773,0.017932696901786484,0.017975548075916156,0.018018924782774278,0.018062782029598247,0.018107075594384934,0.018151762087788546,0.018196798978694678,0.018242144635973907,0.018287758440890596,0.018333600740184742,0.018379632868579996,0.018425817392689392,0.018472117707863264,0.01851849819972651,0.018564924342387094,0.018611362380724878,0.018657779234128362,0.018704142737742038,0.018750421660511447,0.018796585701945142,0.01884260548741361,0.018888452562572863,0.018934099387120557,0.01897951932807256,0.019024686652698262,0.019069576521207093,0.019114164669094665,0.019158427654276198,0.01920234274541938,0.019245887889527732,0.019289041939642135,0.01933178492137084,0.01937409802848653,0.01941596333002146,0.019457363750034044,0.01949828278453728,0.01953870493791933,0.019578615502238016,0.01961800041130035,0.019656846539266366,0.019695141184920623,0.019732872267427485,0.019770028301628485,0.019806598362162732,0.019842572049304306,0.019877939457290952,0.01991269114558255,0.019946818113346,0.01998031177732865,0.020013163947495003,0.020045366404399217,0.020076911211686657,0.02010779074130448,0.020137997930093614,0.020167525864804775,0.020196367953600653,0.02022451852415029,0.020251971782402917,0.020278722264819086,0.020304764881884322,0.02033009493079101,0.020354708077484556,0.0203786004462993,0.020401768379203482,0.02042420839955055,0.02044591743354241,0.020466892842332458,0.02048713245067173,0.020506634576476605,0.02052539806094378,0.020543422298830452,0.020560707268515867,0.020577253561455833,0.02059306241064075,0.02060813550351213,0.02062247518353562,0.020636084502298434,0.020648967143949145,0.02066112764330614,0.020672571332614763,0.020683303928591107,0.02069333242639519,0.02070266468868459,0.020711309574679482,0.020719276696968564,0.020726576480633526,0.020733220233697065,0.020739219795025285,0.020744587440148718,0.020749336088289914,0.020753479269215766,0.020757031080296497,0.02076000613997887,0.020762419538300166,0.020764286785034006,0.020765623753520427,0.02076644662163011,0.020766771811084755,0.020766615514707445,0.02076599396598154,0.020764923445088204,0.020763420260686415,0.02076150069834559,0.020759180991033743,0.020756477354602336,0.020753405907601576,0.020749982618282228,0.020746223300747373,0.0207421435870275,0.020737758834125125,0.020733084264652552,0.02072813433708136,0.02072292280273746,0.020717462974374535,0.020711767726364783,0.020705849492843903,0.020699720269966974,0.02069339162201943,0.02068687469109321,0.020680180209842938,0.020673318516902222,0.020666299574535228,0.02065913258542795,0.02065182631267663,0.020644389152741784,0.020636829163105982,0.020629154060425658,0.020621371220074507,0.020613487753706545,0.020605510422120662,0.020597445620053553,0.020589299394731447,0.020581077449958414,0.02057278508029278,0.020564427343865457,0.020556008450839422,0.02054753188734472,0.020539000705637713,0.02053041756183217,0.02052178475217268,0.02051310425300751,0.02050437776314882,0.020495606747152985,0.020486792478921975,0.020477936084662817,0.020469038584386402,0.02046010053141778,0.020451122348950992,0.020442104448425917,0.02043304727346665,0.02042395127741703,0.020414816925361005,0.020405644783306757,0.020396435396712473,0.020387189286158448,0.02037790697674786,0.020368588976115393,0.02035923572262109,0.020349847754308738,0.020340425106327817,0.020330967449073912,0.0203214743750061,0.02031194544151139,0.0203023802125956,0.020292778304264562,0.020283139432507254,0.020273463462818105,0.020263750459432437,0.02025400073287911,0.020244214884745492,0.020234393448299602,0.020224537170816695,0.020214647049194477,0.0202047242806081,0.020194770209307118,0.020184786288742658,0.020174774142178473,0.020164735438377098,0.02015467187607033,0.02014458520829367,0.020134477222862043,0.020124349691894406,0.020114204541170678,0.020104043242798304,0.020093866982174507,0.020083676927864082,0.020073474273155048,0.020063260275397485,0.020053036297621382,0.02004280385137564,0.020032564639806176,0.020022320600054395,0.02001207394383539,0.020001827195292504,0.01999158285502913,0.019981343687578864,0.01997111284525294,0.01996089392386836,0.01995069098249351,0.019940508568317937,0.019930351849274188,0.01992022647330388,0.019910138588666276,0.01990009508735507,0.01989010309286379,0.01988017011528721,0.019870304114409577,0.019860513042312178,0.019850804823702974,0.01984118754733081,0.019831669429476475,0.019822258771399884,0.019812963916890268,0.01980379321045427,0.019794754956480528,0.019785857379767565,0.019777108586921572,0.0197685165290208,0.019760088807630045,0.019751832744096337,0.01974375539092247,0.01973586325847125,0.019728162613933724,0.019720659214944255,0.019713357554412895,0.01970626015972939,0.019699367198871904,0.019692676109021118,0.01968618180276015,0.019679876515598993,0.01967374999551425,0.01966778946157531,0.019661979858237418,0.019656304343614484,0.019650744622925032,0.019645281287448232,0.01963989415389627,0.019634562596488166,0.0196292658654556,0.01962398338710108,0.0196186950419171,0.019613381418254524,0.019608023700413913,0.019602604083111992,0.019597106055926343,0.019591514570189345,0.019585816119653533,0.019579998796842864,0.019574052431727103,0.019567968560196256,0.019561740454860296,0.019555363193492204,0.019548833620756555,0.019542150304162852,0.019535313667099662,0.019528325315017463,0.019521188208769174,0.019513906809105194,0.019506487024078374,0.019498936144614478,0.019491262773853324,0.01948347675121782,0.019475589072143654,0.019467611804359266,0.019459558001540946,0.019451441615108964,0.019443277081029803,0.019435079423199678,0.019426864280800347,0.019418647857148613,0.01941044683199517,0.019402278293317594,0.019394159749876346,0.01938610896651394,0.019378143890251588,0.01937028261606347,0.01936254326437638,0.019354943861143458,0.0193475024078395,0.01934023614445613,0.019333161720672787,0.01932629528693168,0.019319652424676412,0.019313248076868718,0.01930709648344373,0.01930121112224404,0.01929560465588752,0.019290288884931936,0.019285274707602617,0.019280572086255596,0.01927618971020915,0.01927213514942554,0.01926841496452454,0.01926503471936297,0.019261999015957945,0.01925931150871338,0.01925697500389998,0.019254991425133636,0.019253361836792104,0.019252086524824095,0.019251164981840208,0.019250595908630617,0.019250377401417284,0.01925050632904737,0.01925097864079878,0.019251789568107507,0.019252933671060235,0.01925440488196548,0.01925619654957237,0.01925830148367039,0.01926071199982369,0.01926341996401453,0.01926641683698448,0.019269693718079895,0.019273241153986206,0.019277049302588733,0.019281108075784988,0.019285407708591173,0.019289937946763664,0.019294688429849185,0.01929964797674728,0.019304806136633545,0.01931015253525747,0.019315676887138807,0.01932136908105948,0.019327219130224536,0.019333217291594845,0.019339353588309655,0.019345617993513167,0.01935200058683752,0.019358491561958863,0.019365081227529248,0.01937176000551849,0.019378518427509255,0.019385347129521422,0.019392236845919807,0.01939917840223413,0.01940616270771467,0.01941318051571599,0.01942022252668354,0.01942727949021446,0.01943434227530257,0.019441401763238192,0.019448448877486778,0.019455474710044593,0.01946247029866367,0.019469426680098254,0.01947633490151661,0.019483186005016324,0.019489970987115815,0.019496680864152544,0.019503306314692975,0.01950983780006514,0.01951626571842464,0.019522580433030852,0.019528772302056567,0.019534831712286774,0.019540749116182372,0.019546515070978387,0.019552120278708857,0.019557555626226807,0.019562812224431816,0.01956788114123625,0.019572753570126323,0.01957742102071784,0.019581875386737963,0.019586108973995514,0.019590114441047756,0.019593884626305125,0.019597412892930682,0.019600693104535185,0.019603719576378836,0.019606487124668597,0.01960899094114364,0.01961122669898336,0.01961318987795621,0.019614876158793926,0.019616281613606904,0.019617402739804078,0.019618236476791426,0.019618780195714395,0.01961903210865599,0.01961899103466267,0.019618656339783654,0.019618027998160984,0.019617106626651133,0.01961589321370547,0.01961438923851665,0.019612596829957127,0.019610518699024856,0.019608158262405015,0.019605519453972736,0.019602606438616013,0.019599424428386643,0.019595979382283697,0.01959227772286969,0.01958832623090409,0.019584131891770874,0.01957970203651622,0.019575043685886716,0.01957016386550951,0.019565069750428224,0.019559768670174702,0.01955426811384001,0.019548575737248455,0.01954269937155643,0.019536647032420123,0.019530426928773464,0.01952404746540084,0.01951751725023914,0.0195108446345201,0.019504037677550077,0.019497104221082053,0.01949005182767904,0.01948288778646427,0.019475619054613782,0.019468252298882667,0.019460793336522248,0.01945324464461814,0.019445595843692754,0.019437844641091696,0.019429994580068947,0.019422049719222973,0.01941402713491406,0.019405939980546114,0.019397795570177397,0.019389599743990075,0.019381357990276907,0.019373075769079887,0.019364758764591525,0.01935641294453029,0.01934804460659363,0.019339660421898077,0.01933126743856999,0.019322872787002173,0.019314483745177906,0.019306107729345382,0.019297752377250253,0.01928942405241018,0.019281126230232613,0.01927285915403395,0.019264620999547347,0.01925640807805568,0.01924821525633104,0.019240036521873727,0.019231865264044638,0.019223694862954794,0.019215518401208987,0.019207329327698804,0.019199121849340934,0.01919089110704797,0.019182633217003968,0.01917434547175129,0.019166024754255766,0.019157667881892295,0.01914927005933271,0.019140825622517933,0.019132326394830382,0.019123762542849636,0.0191151189739481,0.01910637856531665,0.019097517938768172,0.019088509975966558,0.01907932586617012,0.019069936919673618,0.019060315907493717,0.01905043807348378,0.01904028214615698,0.019029830883195865,0.019019071486364825,0.019007996022263562,0.018996600984241854,0.018984887652571246,0.01897286217737715,0.018960535462621525,0.01894792298220278,0.018935044543637123,0.018921924010424116,0.01890858899283656,0.018895070515336742,0.018881402668144063,0.01886762224851121,0.01885376813483177,0.018839880967780148,0.018826002978898398,0.01881217732122879,0.018798447113029332,0.018784849952428417,0.01877141399974929,0.018758173003708713,0.018745162591096695,0.018732416088322115,0.01871996499273942,0.018707837521575097,0.018696059216331266,0.018684653283323745,0.018673641411596602,0.01866304408088499,0.01865288067512656,0.018643169554711438,0.018633928100250427,0.01862517278354582,0.018616919190835572,0.018609181994300127,0.018601974901605044,0.01859530962331618,0.018589195472270025,0.01858363556021613,0.018578634317057283,0.018574180537350583,0.018570250800754484,0.018566812520702042,0.018563826736297064,0.018561250733117034,0.018559039823501943,0.018557148901046146,0.018555535405583617,0.018554158736759977,0.018552980781986257,0.018551966217423086,0.018551083474549156,0.018550305214403595,0.01854960854346307,0.01854897511263698,0.018548391124620856,0.018547847265768583,0.018547338574511248,0.018546864258215168,0.018546427468484027,0.01854603503169913,0.01854569705726572,0.018545426610016156,0.01854523931515592,0.018545152799714904,0.01854518650563641,0.018545360729355826,0.01854569591213093,0.018546212644198576,0.018546931084228835,0.01854787062010741,0.01854905011035667,0.018550487503646282,0.018552199867735132,0.018554202810868982,0.01855651080886692,0.018559137320323774,0.018562094833306165,0.018565394920511923,0.018569048300126182,0.018573064898761215,0.018577453913881603,0.01858222387359396,0.018587382692032653,0.018592937562290152,0.01859889493920842,0.018605252404990637,0.018612001660987715,0.01861911999576371,0.018626573564148322,0.018634320749630662,0.01864231484700603,0.018650506518439764,0.01865884551878041,0.01866728209608108,0.018675768781764274,0.018684261048925767,0.018692718186946764,0.018701103251013595,0.018709383858959025,0.018717532544460812,0.01872552635668283,0.018733347261264202,0.018740973198506768,0.01874837937968697,0.018755539387472854,0.018762426051882136,0.018769012244542187,0.018775271531333498,0.018781178565933202,0.01878670949108389,0.018791843153220737,0.018796560756203142,0.01880084659017068,0.018804688684086062,0.018808079547284973,0.018811016067115483,0.018813499765853826,0.01881553686603005,0.018817138462271198,0.018818320226503885,0.01881910232172057,0.018819508583849235,0.0188195666297581,0.01881930763857773,0.018818766038605047,0.018817979174997477,0.018816986703897857,0.018815829697745524,0.018814540105274905,0.018813141981948396,0.01881165487280383,0.01881004014405467,0.018808269669124692,0.018806236348067863,0.018803862535618696,0.01880108930496999,0.018797874596569283,0.01879419160508173,0.018790027309292662,0.018785380913494038,0.018780262201707306,0.018774689865540265,0.01876869367448277,0.018762310909789817,0.018755584752664884,0.01874856312231308,0.018741298347272194,0.018733846452030172,0.018726266408684206,0.018718619439080878,0.018710968372232923,0.018703377055724005,0.01869590981870097,0.018688630983408554,0.01868160442257279,0.018674893160239493,0.01866855880599457,0.018662661174170554,0.018657258265953415,0.01865240604249156,0.018648158256627433,0.018644566239351273,0.018641678850267716,0.01863954228380162,0.01863819987592753,0.018637692139698514,0.018638056631273686,0.01863932783642358,0.01864153721645265,0.0186447125845248,0.0186488785149519,0.018654056421392444,0.01866026459309111,0.018667518244298117,0.01867582957684867,0.018685207854595567,0.018695659488382838,0.01870718813024847,0.018719794775542226,0.018733477871665898,0.018748233234771032,0.018764054087264594,0.018780931449716574,0.01879885433229152,0.018817809825118353,0.018837783215339035,0.01885875807980162,0.018880716566149702,0.0189036394223244,0.018927506158047072,0.01895229532010623,0.01897798430179302,0.01900454948389483,0.019031965729403653,0.019060206907289927,0.01908924600341255,0.01911905520583404,0.0191496059527887,0.01918086898209003,0.019212814382976184,0.01924541164462385,0.01927862970218614,0.01931243698127295,0.01934680144142994,0.019381690424013602,0.019417070589846316,0.01945290824659352,0.01948916940590485,0.01952581988603561,0.019562825322410535,0.019600151317731126,0.01963776345399366,0.019675627254297702,0.019713708377382257,0.0197519725888479,0.019790385760988728,0.01982891399680149,0.01986752304510591,0.019906178806223324,0.019944847429523967,0.01998349536900932,0.020022089438699365,0.02006059686846277,0.02009898536012208,0.020137223143648998,0.0201752790332423,0.02021312248304767,0.020250723642237144,0.02028805321489392,0.020325082384523258,0.02036178317676547,0.02039812851549075,0.020434092353071705,0.02046964967574976,0.020504776655194845,0.020539450659969382,0.020573650196528622,0.02060735509232301,0.0206405464403589,0.020673206565752743,0.02070531910970345,0.020736868374483044,0.020767839820609358,0.020798220108753044,0.020827997100247464,0.02085715985315538,0.02088569861469465,0.02091360481022094,0.02094087102898077,0.020967491006863924,0.020993459606380764,0.021018772794071026,0.021043427423067557,0.021067421051859655,0.021090752250799077,0.021113420591107043,0.021135426670282568,0.021156772041075342,0.02117745931783112,0.021197492031872742,0.021216874517167143,0.021235611968138838,0.02125371039307082,0.02127117645199099,0.021288017444614515,0.021304240599642376,0.02131985350426955,0.021334864088994588,0.021349280574876044,0.021363111423188877,0.021376365288557513,0.021389050975882958,0.021401177401289426,0.021412753557220523,0.02142378848160501,0.021434291231044972,0.02144427068243042,0.021453735346616685,0.02146269368745996,0.021471154224218227,0.021479125416497068,0.021486615687601473,0.021493633550851442,0.021500187514819045,0.02150628601717522,0.021511937467780948,0.021517150360076967,0.021521933114485785,0.021526294095525932,0.021530241041236565,0.021533781494655024,0.02153692284337002,0.02153967232211249,0.02154203701668703,0.021544023869885506,0.021545639689326792,0.021546891157145063,0.021547784841422928,0.021548327209223672,0.021548524641028712,0.021548383319213184,0.021547909100407894,0.021547107798451072,0.021545984920407307,0.02154454623705897,0.021542797576076324,0.021540744771636557,0.021538393967051005,0.02153575139291056,0.021532823528183906,0.021529617011683422,0.021526138580470616,0.021522395098583016,0.021518392923367925,0.021514138408553637,0.02150963791754473,0.021504897817118094,0.021499924470971484,0.02149472423385573,0.021489303446573595,0.02148366843202773,0.021477825492465758,0.021471780907982744,0.02146554093627192,0.02145911165485936,0.021452498751359725,0.02144570789229333,0.021438744737112166,0.021431615024938306,0.021424324540385124,0.021416879446144458,0.02140928583136361,0.02140154982012853,0.021393677595517257,0.02138567557303043,0.021377550216196757,0.021369308049266747,0.021360955048759858,0.021352497135364638,0.021343940179088174,0.021335289991883263,0.02132655232068865,0.021317732841139077,0.021308837152166388,0.02129987077167396,0.021290839133406028,0.02128174758504728,0.021272601387347524,0.021263405567570337,0.02125416469022108,0.021244883230903063,0.021235565560107764,0.021226216075678483,0.021216839146894616,0.021207439229166833,0.021198020823201165,0.021188588388134054,0.021179146517036902,0.021169699817523518,0.021160252850943532,0.021150810126562596,0.02114137552274096,0.021131952773397723,0.021122545473527474,0.02111315707317663,0.02110379087235834,0.021094450017194618,0.021085137497502793,0.021075856145983885,0.021066608639084144,0.021057397499279755,0.02104822509863437,0.021039093527271353,0.02103000434805693,0.021020958985004647,0.02101195872605305,0.02100300483609242,0.0209940985164579,0.020985241023057682,0.020976433639614708,0.020967677590865635,0.02095897421180231,0.020950324822710614,0.020941730697795327,0.02093319305331445,0.02092471250429035,0.020916289544343478,0.020907924561376953,0.020899617842912395,0.020891369582874113,0.02088317988979294,0.020875048796363486,0.020866976270219342,0.020858962225360884,0.02085100653383955,0.020843109036213867,0.02083526942798362,0.020827487001020474,0.020819761037257176,0.02081209083513136,0.02080447577535581,0.0207969152670658,0.020789408873597842,0.020781956203709546,0.02077455693472839,0.020767210934568854,0.020759918559726264,0.020752680248273155,0.02074549634816954,0.02073836673192289,0.02073129124756096,0.02072426974286004,0.02071730206894278,0.020710388081197927,0.020703527639860646,0.02069672061129873,0.020689966869561194,0.020683266298768977,0.020676618796310078,0.020670024276684965,0.02066348257290534,0.020656993177226825,0.020650555606792673,0.020644169262682043,0.020637833771521154,0.020631548853310627,0.020625314387673056,0.020619130473002248,0.020612997314749804,0.020606915373134436,0.020600885220112556,0.020594907514854006,0.02058898295437205,0.02058311179793831,0.020577294305657537,0.020571530746432358,0.020565821395268153,0.020560166531200186,0.020554566435955608,0.020549021393254055,0.020543531688470458,0.020538097608884212,0.020532719444280947,0.02052739748771438,0.020522131955375174,0.020516922742748626,0.020511769746981198,0.02050667290102322,0.02050163219581066,0.02049664766451241,0.02049171928393415,0.020486847246175853,0.02048203167367314,0.020477272527993366,0.020472570613028606,0.020467926751180403,0.020463341569948886,0.02045881522130304,0.02045434780233142,0.020449939373004503,0.020445589958363694,0.02044129954996824,0.020437068107844028,0.020432895563250224,0.02042878182233239,0.020424726770476468,0.0204207302771229,0.020416792201044507,0.02041291230330069,0.0204090899196338,0.02040532438610233,0.02040161502141549,0.020397961252172258,0.020394362531533098,0.020390818372017297,0.020387328223888817,0.020383890970686915,0.02038050484264744,0.02037716718615881,0.020373874380114926,0.020370621745636943,0.020367403166144334,0.020364211565884586,0.020361038973106416,0.02035787655041175,0.020354714680382417,0.020351542710249495,0.020348348894385592,0.020345119771101112,0.020341840154349523,0.020338493179573702,0.020335060422409176,0.02033152198949511,0.020327856374315997,0.02032404113711986,0.020320053188354736,0.02031586912044606,0.020311465476379926,0.02030681916323706,0.020301907760323222,0.020296709738291237,0.020291204914083334,0.02028537462843774,0.020279201965448173,0.02027267188145672,0.020265771029731063,0.020258488338837224,0.020250815167757487,0.02024274542044576,0.020234275630631657,0.02022540501718177,0.020216135428600665,0.020206471074603036,0.020196418629401375,0.02018598505114322,0.020175177703022646,0.020164002641901775,0.020152464811105327,0.020140566728795134,0.020128309514990214,0.020115693689019706,0.020102719711612354,0.02008938860395471,0.020075702352298528,0.020061664192877127,0.020047279083249284,0.020032553799788952,0.020017497110075742,0.020002119794656582,0.01998643440890528,0.019970455710409278,0.019954200686323722,0.01993768853894975,0.019920940643067896,0.019903980478628184,0.01988683354214535,0.019869527239930098,0.019852090766007486,0.019834554967316908,0.0198169521985324,0.019799316129753695,0.019781681035057154,0.019764082252628632,0.01974654355988617,0.019729079943149277,0.019711699564746707,0.01969440530670431,0.019677196930653392,0.019660072010397243,0.019643027083833912,0.01962605859902662,0.01960916354392993,0.01959233990472536,0.01957558683986257,0.019558905380448646,0.019542298695079757,0.019525772261155063,0.01950933396346167,0.01949299413042865,0.019476765517189767,0.01946066324377033,0.019444704694729635,0.019428909387463982,0.019413298814658017,0.019397896220653507,0.01938272551795403,0.019367812175961077,0.019353167421644023,0.019338791726790233,0.019324677613253658,0.019310812175868983,0.019297179078828042,0.01928376017328336,0.019270537057141733,0.01925749204535697,0.01924460906778617,0.019231874228085366,0.01921927608225775,0.01920680634214606,0.019194460137619537,0.01918223616168177,0.019170136724064216,0.019158167728220644,0.019146338584910286,0.019134662073991004,0.019123154164626836,0.01911183380281518,0.01910072267395623,0.01908984491287206,0.019079226436223794,0.019068895094040163,0.019058880372315005,0.019049213231098032,0.019039925772796756,0.019031051048108538,0.01902262274545695,0.01901467482594364,0.01900724139767746,0.019000356316666432,0.018994052917328513,0.018988363615580272,0.018983319469057364,0.01897895028415218,0.01897528444348553,0.018972348745224923,0.01897016826285813,0.018968766225306015,0.01896816391702758,0.01896838059757603,0.018969433439901068,0.01897133748655699,0.01897410562286608,0.01897774854187695,0.01898227432920417,0.018987688918091168,0.01899399610577448,0.019001197715672668,0.01900929360096054,0.019018281806604767,0.01902815860384845,0.019038918492139796,0.019050554434586937,0.019063057801814737,0.019076418446370327,0.0190906246134516,0.01910566283729655,0.01912151832320753,0.019138175042755775,0.019155615819698248,0.019173822414148275,0.01919277560458367,0.01921245526736431,0.01923284045349109,0.01925390946220265,0.01927563991123896,0.019298008803689495,0.019320992576870717,0.019344566705406765,0.01936870621791093,0.019393385739586086,0.01941857965319835,0.019444262094844865,0.019470407096848934,0.019496988585924864,0.019523980338421714,0.019551356171231004,0.01957908981368914,0.019607154923083688,0.01963552490608798,0.01966417277297536,0.019693071451173893,0.01972219381768288,0.019751512725766585,0.01978100103395421,0.01981063163750187,0.019840377502309554,0.019870211700738456,0.01990010744887775,0.01993003814217576,0.01995997739026419,0.019989899046944332,0.020019776752895548,0.020049584452306642,0.02007929642042065,0.020108887353346594,0.02013833214497996,0.020167604938652058,0.020196681183228312,0.020225537249371598,0.020254149876971387,0.02028249638677379,0.020310553814481738,0.020338298642630856,0.020365706933295542,0.0203927547426243,0.020419418212639096,0.020445673652208923,0.020471497624410303,0.020496866847700287
5.25,1.000026826543575,1.0000246998383615,0.9999953210208304,0.9999401669614232,0.9998605179578607,0.9997574819070102,0.9996320153623909,0.9994849418099467,0.9993169674695247,0.999128694983609,0.9989206351478964,0.998693217046496,0.998446796716175,0.9981816646046414,0.9978980519210352,0.9975961360534156,0.9972760451852282,0.996937862227597,0.9965816281703437,0.9962073449420099,0.9958149778101342,0.9954044574935659,0.9949756820106577,0.99452851824593,0.9940628035243294,0.9935783465813779,0.9930749287146673,0.9925523043538436,0.9920102013884953,0.9914483189137163,0.990866316742498,0.9902638430522983,0.9896405207675854,0.9889959430741838,0.9883297308978028,0.9876414572883986,0.9869306607472145,0.9861968526150448,0.985439518689835,0.9846581191262904,0.983852087897701,0.9830208321548478,0.9821637315830984,0.9812801378006206,0.9803693737261501,0.9794307331118588,0.9784634802946385,0.9774668499346029,0.9764400471125196,0.9753822467488499,0.9742925900095073,0.9731701656602925,0.9720140301166326,0.9708231943059024,0.9695966158623915,0.9683332462083487,0.9670320081191213,0.9656917897383038,0.9643117699125175,0.962890921934087,0.9614281492451356,0.9599223277050731,0.9583723172113519,0.9567769662717319,0.9551351149840823,0.9534455977416415,0.9517072459781473,0.9499188910177335,0.9480793668478188,0.9461875131340131,0.9442421785684081,0.9422422239610405,0.9401865254596602,0.9380739771106635,0.9359034906913034,0.9336739879400554,0.9313844313430335,0.9290338141227708,0.926621160965402,0.9241455776122193,0.9216061903556431,0.919002160574628,0.916332693599797,0.9135970434300063,0.910794515610853,0.9079244698837857,0.9049863224163601,0.9019795478431362,0.8989036811253034,0.8957583192263663,0.8925431225994079,0.889257816482467,0.8859021916663353,0.8824761053664094,0.8789794823116175,0.8754123150992522,0.8717746647196042,0.8680666607002364,0.8642885009873555,0.8604404522169526,0.856522848904593,0.8525360928650335,0.848480652753908,0.8443570632638481,0.8401659238579439,0.8359078979810866,0.8315837110972681,0.8271941495469589,0.8227400587907906,0.8182223422044032,0.8136419594038516,0.8089999244867622,0.8042973041977787,0.799535216026,0.7947148262422926,0.7898373478839456,0.7849040381721398,0.7799161964221552,0.7748751624464214,0.7697823141554242,0.7646390667232517,0.7594468684898227,0.7542071994229936,0.7489215681533244,0.7435915114422406,0.7382185897229381,0.7328043824961641,0.7273505007674502,0.7218585688378144,0.716330226489235,0.7107671258111664,0.7051709300098211,0.6995433110817928,0.6938859478770509,0.6882005216760623,0.6824886678415568,0.6767520511392447,0.6709923332604921,0.6652111662976364,0.6594102499904408,0.6535912754355553,0.6477559206283602,0.6419058620542176,0.6360427490095458,0.6301682109457319,0.6242838581305707,0.6183912833883167,0.6124920586002219,0.6065877481680478,0.6006798980157785,0.5947700345004525,0.5888596673454105,0.5829502825487562,0.5770433435751772,0.5711402900965278,0.5652425381710948,0.5593514793788354,0.553468481005,0.5475948856023795,0.541732010602254,0.5358811479775899,0.530043563952664,0.524220498760531,0.5184131664441317,0.5126227539962711,0.5068504215263222,0.5010973026154757,0.4953645040727656,0.48965310810765167,0.4839641690113689,0.47829871453293626,0.4726577451276683,0.46704223619906227,0.4614531368745568,0.4558913688096048,0.45035782994604506,0.44485339238220684,0.43937890297847804,0.43393518271328824,0.4285230270800565,0.4231432058029921,0.41779646380410995,0.4124835214385892,0.4072050747358156,0.4019617956458981,0.3967543322906493,0.3915833092181067,0.3864493276597391,0.3813529650037409,0.3762947721299116,0.37127527051851805,0.36629493953903175,0.36135419464899193,0.35645348294415663,0.3515932281970668,0.34677382497331793,0.3419955504998203,0.33725858940726766,0.3325630108788946,0.327909457889347,0.3232984697276199,0.31873047726349957,0.3142057953254577,0.30972469797058944,0.3052874322340311,0.3008942397394328,0.2965453421216141,0.2922409395576552,0.2879812282084661,0.28376636886039847,0.2795965011312259,0.27547174656894124,0.2713922088640969,0.2673579742110941,0.2633691122888305,0.2594256761563462,0.25552770208950115,0.2516752110684337,0.24786820823089675,0.2441066840582226,0.24039061349908866,0.2367199562378587,0.23309465748152644,0.22951464787704082,0.22597984346841057,0.22249014670010323,0.2190454449711941,0.2156456117410375,0.2122905064938059,0.20897997550629202,0.2057138521450383,0.2024919571707173,0.1993140990504806,0.1961800742779422,0.19308966770040328,0.19004265285283045,0.18703879172168447,0.18407783529664737,0.1811595243749873,0.17828358973170383,0.17544975462733858,0.1726577317266845,0.16990722488358082,0.16719793090852644,0.16452953743507598,0.1619017243665079,0.15931416428055128,0.15676652292159182,0.1542584593983303,0.15178962666287144,0.14935967162878908,0.14696823562401112,0.14461495465576696,0.1422994598981642,0.14002137803786385,0.13778033161391934,0.1355759393517664,0.1334078164909675,0.13127557510635188,0.12917882442222392,0.12711717093741623,0.125090218932191,0.12309757070088857,0.12113882684774234,0.11921358674772745,0.11732144858714952,0.11546200969556823,0.11363486548851703,0.11183961248533883,0.11007584706904049,0.1083431660361489,0.1066411664001287,0.10496944566299209,0.1033276023092594,0.10171523531558298,0.10013194469471852,0.09857733158605063,0.09705099855492479,0.0955525497534875,0.09408159107360171,0.09263773029258611,0.09122057721195485,0.08982974378933818,0.08846484426375792,0.08712549515379532,0.08581131529434242,0.08452192620738413,0.08325695210570203,0.08201602036330534,0.08079876105825054,0.07960480726154488,0.07843379498498218,0.0772853636455616,0.0761591558558862,0.07505481715250466,0.07397199694459602,0.07291034798605725,0.07186952666718871,0.07084919247717482,0.06984900834391546,0.06886864059197985,0.06790775908553975,0.06696603725404299,0.06604315211376759,0.06513878428613996,0.06425261801297463,0.06338434116879833,0.06253364527041297,0.06170022531587702,0.06088377966850572,0.06008401044352096,0.05930062336908519,0.058533327765210606,0.0577818367835389,0.05704586723807155,0.056325140178509765,0.0556193799828408,0.05492831464036756,0.05425167563668614,0.05358919841689803,0.05294062198901107,0.05230568903605121,0.05168414564084989,0.051075741349955114,0.050480229020635904,0.04989736500425401,0.04932690913005996,0.04876862468698797,0.04822227840527343,0.047687640437980454,0.04716448434251741,0.04665258706220134,0.04615172872507949,0.045661692619722194,0.04518226541186313,0.04471323703803981,0.04425440080798531,0.043805553351357926,0.04336649456633844,0.04293702784750269,0.04251695979653999,0.042106100208765325,0.041704262232441974,0.04131126218569775,0.04092691950312936,0.040551056954170356,0.04018350006016538,0.03982407736076419,0.03947262032117516,0.03912896340998544,0.038792944064066415,0.03846440266182909,0.03814318249466926,0.03782912973742549,0.037522093418237985,0.037221925387943375,0.03692848014338523,0.036641614785863585,0.0363611891778179,0.036087065840768644,0.03581910998903924,0.03555718952635691,0.03530117495784474,0.035050939394789,0.03480635850909995,0.034567310414499695,0.03433367568537533,0.034105338099059065,0.03388218361097375,0.033664100519986556,0.033450979268398046,0.03324271253226459,0.03303919509932995,0.03284032396651765,0.032645998303759007,0.03245611941512047,0.03227059069940826,0.032089317610428686,0.0319122076170372,0.03173917016309501,0.03157011650304816,0.03140495973643114,0.031243614810937397,0.031085998463176015,0.030932029388619307,0.030781627927907063,0.0306347161246372,0.030491217395922577,0.030351057183395706,0.030214162527096106,0.030080462003515225,0.029949885903693886,0.02982236600926622,0.029697835657626417,0.029576229502441903,0.029457483555947635,0.02934153506977777,0.029228322625621198,0.029117786105891313,0.029009866662843456,0.02890450668795236,0.02880164978155952,0.02870124072283083,0.028603225440084742,0.02850755086604939,0.028414164892804034,0.02832301649295112,0.028234055633466378,0.02814723331215541,0.02806250152560637,0.027979813208425915,0.027899122364794103,0.027820383873254164,0.02774355345383018,0.027668587793425785,0.027595444352857906,0.02752408134942217,0.027454457840859956,0.027386533470994758,0.027320268548418684,0.027255623962465846,0.027192561260516567,0.027131042636505436,0.027071030920244536,0.027012489569049128,0.026955382661583604,0.02689967489381297,0.02684533157692258,0.026792318602119326,0.026740602457278308,0.02669015024460657,0.026640929630085484,0.0265929084770934,0.026546053650085576,0.026500327370149606,0.026455679558695492,0.026412093863155153,0.02636955063009289,0.02632802576468274,0.026287493829346694,0.026247928976588168,0.02620930564800293,0.026171598819523037,0.026134784081275907,0.026098837611242782,0.026063736243336747,0.02602945746730162,0.025995979425781496,0.025963280910491247,0.025931341357698427,0.025900140843082297,0.02586966007600609,0.025839880299119312,0.02581078324532171,0.025782351281967195,0.025754567349135383,0.025727415030025323,0.025700878508806806,0.02567494254897005,0.0256495926849531,0.025624814889810194,0.02560059557415608,0.025576921534764305,0.025553780614858156,0.025531161248346243,0.02550905234944037,0.025487443420551564,0.025466324318721072,0.02544568522791057,0.025425516783370152,0.02540581007373576,0.02538655663233061,0.025367748425647044,0.02534937784068673,0.02533143767155136,0.025313921105361292,0.025296821605283695,0.025280132875539554,0.025263848981518674,0.02524796428403596,0.025232473483127,0.02521737159950582,0.025202653929128165,0.025188316163031424,0.0251743542396734,0.025160764310637063,0.025147542782282917,0.025134686316291014,0.025122191723548255,0.025110056020282726,0.025098276246788846,0.02508684949413024,0.02507577280338597,0.025065043253654367,0.0250546579437931,0.025044613973067332,0.02503490842282703,0.025025538339320436,0.02501650071774114,0.025007792487525278,0.024999410390802636,0.02499135094397945,0.02498361057671085,0.024976185609885175,0.024969072278600093,0.02496226667547395,0.02495576478313081,0.024949562487504667,0.024943655558226384,0.02493803963493299,0.0249327102348769,0.02492766272433327,0.024922892263285496,0.02491839382955865,0.024914162307141805,0.02491019228933955,0.024906478040548248,0.0249030136258936,0.024899792925126812,0.024896809642925382,0.024894057319131645,0.024891529330840698,0.02488921883744466,0.02488711874837276,0.02488522146889458,0.024883518443792704,0.0248820004183225,0.024880657023203016,0.024879476233189514,0.024878452554127687,0.024877581165541195,0.02487685626925951,0.024876271003302655,0.024875817922108842,0.024875488831724614,0.024875275870935125,0.024875170683035484,0.024875164513050954,0.02487524794124564,0.024875411068467197,0.024875643546101587,0.02487593468902318,0.024876273517416902,0.02487664880144798,0.024877049112424658,0.024877462880210886,0.02487787845594928,0.024878284178986788,0.024878668345829195,0.024879019246903528,0.024879325391265448,0.02487957556732574,0.02487975894010158,0.024879865065515833,0.02487988375560194,0.024879803952993565,0.024879617017401042,0.024879315429178685,0.024878892597794227,0.024878342698716957,0.024877660351088685,0.024876840972000807,0.024875880666571523,0.024874776401723808,0.02487352599201822,0.024872128171693975,0.024870582602355654,0.024868889873567765,0.0248670514978906,0.024865069900662045,0.024862948404819486,0.024860691211079457,0.024858303272573025,0.024855790241059803,0.02485315857374232,0.024850415490496193,0.024847569041578612,0.02484462789246119,0.02484160137504936,0.024838499499316335,0.02483533283555698,0.02483211249479294,0.024828850165387172,0.024825557909671548,0.024822248162081065,0.024818933735345106,0.024815627635717066,0.024812343063035702,0.02480909330952207,0.024805891792547104,0.024802752011342178,0.02479968750333929,0.024796711801728703,0.024793838394355824,0.02479108068406658,0.02478845195059669,0.024785965270984697,0.02478363345651914,0.024781469100885786,0.024779484540816535,0.024777691587526404,0.024776101925333565,0.0247747269251429,0.02477357752993151,0.024772664429649947,0.024771997945182932,0.02477158801703478,0.024771444188158864,0.024771575554065485,0.024771990787616178,0.024772698021504853,0.02477370485705495,0.02477501828717395,0.02477664478267101,0.024778590285667562,0.02478086020216428,0.024783459395492813,0.024786392180615978,0.024789662319253548,0.024793273015802426,0.024797226815894715,0.024801525566087817,0.024806170559956507,0.02481116252785603,0.02481650166038377,0.024822187577275005,0.024828219364199315,0.024834595738496938,0.02484131477093242,0.02484837400999452,0.024855770582498937,0.024863501021431814,0.02487156132834568,0.02487994708342637,0.024888653195390468,0.024897674033590278,0.024907003399720344,0.02491663459945075,0.024926560456486876,0.024936773326671057,0.02494726511322788,0.02495802728314508,0.024969050884667644,0.024980326565877606,0.024991844495211555,0.02500359436040552,0.02501556551618463,0.025027747003782054,0.025040127690781268,0.025052696100491084,0.025065440536976593,0.02507834945789976,0.025091410861325974,0.025104612596777067,0.025117942412975585,0.025131387959874543,0.025144936804625106,0.02515857652141084,0.02517229455441788,0.025186078316670187,0.025199915185891437,0.02521379257157528,0.025227697938080572,0.0252416188257975,0.025255542871094164,0.02526945782498057,0.025283351570453028,0.02529721213850846,0.025311027642332392,0.025324786307755837,0.025338476541608992,0.025352086951519855,0.025365606319795616,0.02537902368370288,0.025392328330882976,0.02540550990433332,0.025418558245956298,0.02543146347157057,0.025444215978244998,0.02545680646398731,0.025469225898007066,0.02548146556285403,0.025493516956369405,0.025505371820624453,0.02551702209813788,0.025528460004885158,0.02553967803357963,0.02555066895538169,0.025561425821351964,0.02557194196368985,0.025582210996802433,0.025592226818238074,0.02560198351511352,0.025611475308212575,0.025620696716835534,0.02562964254916628,0.025638307927864038,0.025646688257976707,0.025654779264404123,0.02566257701061406,0.02567007790082052,0.02567727867017763,0.025684176401332408,0.025690768508250323,0.025697052698629458,0.025703027036042457,0.02570868976247978,0.02571403934323693,0.025719074394858706,0.02572379378446724,0.025728196626019807,0.025732282274639636,0.025736050321023055,0.025739500586035018,0.025742633115606074,0.025745448176020654,0.025747946151357733,0.025750127507034568,0.025751992922437066,0.025753543286647206,0.025754779714542285,0.02575570352544283,0.025756316273971812,0.02575661979187252,0.02575661614479929,0.025756307645614467,0.025755696909542578,0.025754786765001834,0.02575358026165415,0.025752080716525048,0.025750291597738856,0.025748216543761186,0.025745859301508148,0.02574322382798777,0.025740314292493384,0.02573713507651634,0.025733690773123846,0.025729986185746106,0.02572602632632565,0.025721816412785082,0.02571736177212731,0.025712667774499456,0.025707739996093618,0.025702584204999553,0.025697206381719167,0.025691612676865535,0.025685809442176123,0.02567980324463587,0.025673600852919205,0.02566720922163306,0.025660635500083323,0.02565388700516256,0.025646971175536867,0.02563989563466556,0.02563266798119224,0.025625295837860048,0.025617786778545718,0.025610148415568353,0.02560238838815192,0.025594514349036365,0.025586533951131894,0.02557845483428185,0.02557028461220606,0.02556203085969188,0.02555370101263885,0.025545302298717237,0.025536841879774886,0.02552832683409342,0.025519764161119604,0.02551116075489044,0.02550252342343261,0.025493858863668985,0.02548517371915272,0.025476474532240587,0.02546776775001053,0.02545905970389676,0.02545035656264402,0.02544166440099401,0.02543298897856969,0.02542433579731825,0.025415710034825116,0.025407116627307498,0.025398560259253952,0.02539004535168753,0.02538157605098929,0.02537315621848892,0.02536478942101789,0.025356478922606562,0.025348227591487346,0.025340037823534722,0.02533191170701342,0.02532385101201402,0.025315857216585455,0.025307931472540804,0.025300074644527024,0.025292287741976845,0.025284571127526634,0.02527692490064901,0.02526934867362254,0.02526184209339875,0.02525440454475509,0.025247035197273313,0.025239732933375766,0.025232496366459318,0.02522532380499912,0.025218213361311352,0.025211162969535947,0.025204170401979614,0.02519723328540899,0.025190349117186615,0.02518351528116548,0.025176729063266807,0.025169987587689263,0.02516328775185587,0.025156626412504136,0.025150000390054512,0.025143406501173447,0.025136841549529877,0.025130302370482225,0.025123786096654766,0.025117289714273097,0.02511081027424248,0.025104344910683665,0.025097890860492515,0.02509144543611945,0.025085006078758392,0.0250785702477821,0.025072135450695882,0.02506569920846229,0.02505925914051749,0.02505281297207299,0.02504635853933871,0.0250398937941295,0.025033416807880737,0.025026925775097828,0.025020419016273155,0.025013894899803976,0.025007351768401357,0.025000788106268938,0.02499420253395836,0.024987593878061057,0.02498096106213624,0.02497430317433071,0.024967619672780612,0.024960910021290115,0.024954173845828233,0.024947411001501718,0.0249406214682927,0.02493380535810026,0.024926962999621168,0.02492009472168133,0.024913200943744485,0.024906282147890247,0.024899338927911803,0.02489237198624447,0.02488538212940955,0.02487837026296555,0.024871337385971838,0.024864284584996524,0.024857213027710802,0.024850123877656255,0.0248430182035314,0.024835897144020867,0.02482876189377609,0.02482161371848243,0.024814453919885425,0.024807283862333662,0.024800105005126683,0.024792918854947228,0.024785726966401314,0.024778531050833275,0.02477133273802418,0.024764133641804232,0.0247569354154419,0.02474973957286934,0.02474254752444205,0.024735360530270666,0.0247281797699147,0.024721006335050574,0.02471384122120217,0.024706685320084555,0.02469953941262917,0.02469240416275503,0.02468528011194492,0.024678167598421244,0.024671066673973178,0.024663977264157273,0.024656899162582624,0.024649832050279357,0.024642775471189444,0.024635728860456094,0.02462869164121956,0.024621663098465328,0.02461464243624696,0.024607628679812244,0.024600620930374312,0.024593618184622534,0.024586619417964882,0.02457962340421002,0.024572628775210117,0.024565633990954572,0.02455863743944485,0.02455163744854331,0.02454463229655121,0.024537620223165586,0.024530599440757403,0.024523568145910682,0.02451652453116224,0.024509466722531025,0.02450239270016847,0.02449530048353788,0.024488188136099348,0.02448105379657518,0.02447389565148344,0.02446671197173269,0.024459501133986164,0.02445226161653058,0.02444499199315799,0.02443769095207329,0.024430357283361428,0.024422989848682564,0.024415587663963224,0.02440814970002919,0.02440067494736841,0.024393162391238926,0.02438561110735553,0.024378020274606237,0.024370389186857837,0.024362717265282493,0.024355004071010506,0.024347249317912642,0.024339452885322833,0.02433161475735155,0.024323734949171876,0.02431581368245376,0.024307851394441318,0.024299848770437376,0.024291806725029515,0.024283726443991207,0.024275609605479687,0.024267458004220498,0.024259273719790538,0.024251059246504354,0.024242817244096982,0.024234550628282087,0.024226262605786406,0.024217956566762514,0.024209636087132374,0.024201304895980418,0.02419296692746073,0.02418462630997003,0.024176287353106524,0.02416795453379495,0.024159632481747226,0.024151325964433375,0.02414303987173125,0.02413477913382141,0.024126548606135896,0.02411835322749292,0.02411019800086336,0.02410208800301629,0.02409402833936138,0.02408602416555239,0.024078080845875045,0.024070203643529933,0.02406239783519905,0.0240546686562627,0.024047021402810512,0.02403946132604851,0.024031993670296483,0.024024623521732232,0.02401735581191343,0.024010195280113274,0.024003146542163373,0.02399621408112429,0.023989402236898286,0.023982715196419868,0.02397615698449893,0.023969731455391857,0.023963442285171874,0.023957292898795408,0.02395128636930815,0.023945425578064675,0.023939713209917092,0.023934151769229604,0.023928743557052722,0.02392349070157822,0.023918395317914395,0.02391345923632356,0.023908684120872277,0.023904071634281154,0.023899623121626096,0.023895339742926805,0.023891222488264502,0.02388727215845842,0.02388348932485123,0.023879874314689537,0.02387642728710101,0.023873148240992143,0.02387003702176502,0.023867093328153392,0.02386431671913098,0.02386170662083979,0.023859262333498475,0.023856982974466402,0.023854867383467124,0.023852914298002313,0.023851122359289215,0.023849490144224286,0.0238480161389729,0.023846698781045342,0.02384553662493194,0.02384452807403904,0.02384367150211636,0.023842965499587563,0.023842408386836895,0.02384199843222454,0.023841733897128722,0.023841612935363108,0.023841633609168293,0.023841793879031344,0.023842091652742835,0.02384252478649135,0.02384309108474998,0.023843788299965814,0.023844614132105323,0.023845566228113547,0.023846642181343528,0.02384783947298668,0.02384915536729176,0.023850587076653922,0.023852131760915954,0.0238537867621821,0.023855549206019656,0.02385741618288956,0.02385938479164146,0.023861452087006862,0.02386361509581529,0.023865870581885298,0.02386821555042559,0.02387064695530742,0.023873161754681262,0.023875756722875403,0.023878428477311798,0.023881173458967633,0.02388398799773106,0.023886868307497672,0.02388981048073657,0.023892810484144735,0.02389586415551524,0.023898967201882948,0.023902115198964537,0.02390530353426052,0.02390852728868116,0.02391178142142101,0.02391506077304696,0.02391836009229591,0.023921674013925812,0.023924997092182387,0.02392832381687055,0.02393164861406281,0.02393496583489603,0.023938269772771355,0.023941554648620685,0.02394481458046447,0.023948043661342608,0.023951235771068387,0.0239543846221363,0.02395748376410839,0.023960526673039505,0.023963506769755092,0.023966417438604184,0.023969252047920563,0.023972003971955407,0.023974666614032452,0.023977233430671926,0.023979697900724604,0.023982053430200545,0.023984293553235426,0.023986411956099542,0.023988402503122196,0.02399025926311491,0.023991976549112896,0.023993548953398305,0.023994971367303015,0.023996238986314818,0.023997347353133653,0.023998292328558844,0.02399907008124553,0.023999677171104974,0.024000110357793505,0.024000366644535528,0.024000443281348573,0.024000337841293917,0.02400004822608126,0.02399957266948886,0.02399890974003254,0.023998058342931273,0.023997017721407457,0.023995787457356997,0.023994367418068933,0.023992757627769014,0.02399095844937315,0.023988970583846053,0.023986795085657906,0.023984433308093675,0.023981886888326785,0.023979157683012328,0.023976247874123818,0.02397315985183677,0.02396989615361022,0.0239664593990336,0.02396285220121775,0.02395907720820517,0.023955136881507827,0.023951033514123858,0.023946769221089632,0.023942346002167828,0.02393776574374986,0.02393303022525076,0.02392814113076749,0.023923100065127323,0.0239179085736673,0.023912568165006455,0.023907080285701696,0.0239014462193266,0.023895667291458384,0.02388974490044634,0.023883680566767766,0.02387747593252892,0.023871132819080366,0.023864653257303522,0.023858039473039962,0.023851293856492446,0.02384441898557574,0.023837417640227412,0.02383029271305823,0.023823047226532328,0.023815684124794356,0.023808206296973104,0.023800616573842977,0.023792917777826335,0.023785112716384525,0.023777204177301944,0.023769194927399477,0.02376108771457488,0.023752885273002698,0.023744590331164446,0.02373620557738394,0.02372773353435541,0.023719176758607657,0.023710537858136507,0.023701819532421328,0.023693024563337755,0.0236841558654931,0.023675216519960622,0.023666209792692412,0.023657139140218605,0.023648008246001894,0.023638821091451948,0.023629581857626543,0.023620294994145075,0.023610965061555078,0.02360159675974722,0.023592194946363006,0.023582764702006334,0.0235733113313005,0.023563840360559977,0.023554357533452978,0.02354486880477244,0.02353538033244768,0.023525898467935406,0.023516429714065503,0.023506980573986147,0.02349755771277913,0.023488167940457754,0.0234788183344439,0.023469515993925605,0.023460268134059457,0.023451082072195928,0.02344196523507656,0.02343292512517445,0.02342396937306974,0.023415105585653212,0.02340634136827128,0.023397684312026056,0.023389141961721423,0.02338072173080147,0.023372430898641383,0.023364276645518916,0.023356266037333408,0.02334840600966798,0.023340703352270946,0.023333164694002744,0.023325796488300948,0.02331860499921392,0.023311596248933565,0.023304775859344172,0.02329814922437722,0.02329172150228544,0.023285497631133786,0.023279482286821578,0.023273679909672267,0.0232680952272978,0.02326273225168715,0.023257594715479026,0.0232526859891834,0.023248009265883576,0.02324356743507558,0.023239363097385328,0.023235398489333214,0.023231675450680545,0.023228195434370182,0.023224959541376374,0.023221968515971622,0.02321922274086011,0.02321672223312877,0.023214466641141743,0.023212455242496408,0.023210686943151808,0.023209160241932387,0.023207873080452156,0.023206823032662936,0.023206007313594814,0.023205422805486944,0.023205066043915923,0.023204933258200895,0.023205020404717787,0.023205323171033045,0.02320583698444713,0.023206557045549338,0.023207478320568114,0.02320859552777486,0.02320990321247629,0.023211395597850164,0.023213066600336278,0.023214909877153436,0.023216918899972457,0.023219086973782155,0.023221407254904673,0.023223872769210476,0.02322647643045809,0.023229211058696273,0.023232069398650815,0.02323504410630456,0.023238127710936776,0.023241312708345806,0.023244591586839974,0.023247956704649724,0.02325140056967708,0.023254915757186342,0.02325849500727045,0.023262131126575172,0.023265817045546047,0.02326954601339937,0.02327331126194775,0.023277106172493282,0.02328092426772879,0.023284759261148653,0.023288604951214143,0.023292455260611748,0.023296304291801198,0.02330014633460353,0.023303975871795318,0.023307787583670272,0.023311576351603323,0.0233153372606552,0.02331906560126802,0.02332275684196527,0.023326406476676585,0.02333001020120643,0.023333563907563578,0.02333706369914044,0.0233405058844401,0.023343886982560298,0.02334720375789682,0.023350453183040916,0.023353632422439884,0.0233567388122481,0.0233597698747293,0.0233627232460199,0.023365596715681704,0.023368387969729325,0.023371094580949037,0.02337371402283391,0.023376243691815856,0.023378680880291075,0.023381022751132817,0.023383266315251578,0.023385408412627352,0.02338744569713731,0.02338937462539313,0.023391191423023365,0.023392891929430077,0.023394471773061927,0.023395926375341592,0.023397250992796992,0.023398440701946445,0.023399490435303948,0.023400395040336516,0.023401149276726253,0.023401747837942556,0.023402185460489226,0.02340245680793633,0.023402556543783766,0.023402479428642223,0.02340222013303932,0.02340177329742223,0.02340113360637665,0.023400295860194046,0.023399255005366344,0.023398006163697624,0.02339654466062769,0.023394866052571017,0.023392966153098847,0.02339084105781766,0.02338848715101233,0.0233859009756566,0.02338307942136529,0.02338001973883489,0.023376719626314716,0.02337317715021572,0.023369390804732364,0.023365359668130876,0.02336108317931332,0.023356561240470815,0.023351794138781412,0.023346782755765783,0.023341528445859835,0.023336033053230655,0.023330298818329806,0.023324328311252068,0.02331812447903315,0.023311690680636064,0.02330503067716136,0.023298148619883524,0.023291049037124735,0.02328373682009722,0.023276217207818008,0.023268495771203553,0.023260578379590762,0.0232524711061762,0.02324418029491414,0.02323571254355871,0.023227074637425817,0.023218273611609712,0.023209316691330504,0.023200211201345616,0.023190964687544918,0.0231815848121211,0.02317207955268959,0.023162456718726868,0.02315272413748207,0.023142889659061323,0.023132961057740598,0.02312294600197264,0.023112852070893815,0.02310268676217462,0.0230924574815814,0.02308217153411285,0.023071836116919788,0.02306145831371882,0.023051045090542104,0.023040603292638975,0.02303013962356221,0.02301966047147982,0.02300917209097856,0.022998680602356558,0.022988192011297964,0.02297771219318575,0.022967246899287128,0.022956801794226586,0.02294638241735337,0.022935994176917034,0.022925642348195396,0.022915332094901597,0.022905068424417155,0.022894856252318074,0.022884700173064904,0.022874604470030473,0.022864573189027966,0.0228546101800635,0.022844719102273436,0.02283490342945984,0.022825166456896286,0.022815511309286166,0.022805940949741497,0.02279645818964093,0.022787065683463694,0.022777765766534695,0.022768560633764895,0.022759452334554325,0.022750442792054414,0.022741533755556428,0.022732726799721468,0.022724023407718195,0.022715424799297227,0.022706931966405903,0.022698545854607836,0.02269026696302845,0.02268209550324819,0.022674031511753033,0.022666074509457183,0.022658223664556314,0.02265047783131249,0.02264283557512994,0.022635295189896185,0.022627854718659923,0.022620511977427843,0.02261326458160151,0.022606109974567183,0.02259904545793493,0.022592068216496265,0.02258517526680128,0.022578363567463247,0.022571630042141796,0.02256497129164871,0.02255838411532789,0.022551865296602688,0.02254541152821915,0.022539019522316545,0.02253268592257419,0.022526407354911543,0.02252018049437802,0.022514001951527703,0.022507868268422958,0.02250177576397644,0.022495720549924263,0.022489698626378254,0.022483705931290822,0.022477738363202993,0.0224717917772155,0.022465861947148724,0.022459944496324855,0.022454034784296643,0.02244812773786317,0.022442217533480788,0.022436297277960256,0.022430359017978536,0.02242439369621943,0.02241839121863295,0.022412340299327496,0.02240622859813392,0.022400042609350607,0.02239376802087129,0.02238738959650412,0.0223808913766967,0.02237425801985375,0.022367474154846776,0.022360524210813575,0.022353392650298443,0.022346064156876143,0.02233852396926384,0.022330758094682036,0.02232275346624424,0.022314498059449708,0.02230598097134607,0.02229719105786131,0.02228811554115798,0.022278738712735908,0.0222690407832095,0.02225899647325614,0.022248573007954648,0.022237733195233245,0.02222643621834162,0.022214639812281656,0.022202301096467963,0.022189370144229784,0.02217579443111428,0.02216152117716744,0.02214649923570593,0.022130681070539837,0.022114023787069375,0.022096490120520607,0.02207804918033555,0.022058676874482794,0.022038356337910986,0.022017078133682057,0.021994840004967712,0.021971647073970074,0.02194750928239933,0.021922441705674808,0.021896461389030432,0.021869586509359273,0.021841834997653627,0.021813226066455853,0.021783779655795164,0.02175352184934679,0.021722479743126858,0.02169068226796224,0.02165816080380909,0.02162494965310186,0.021591086316035315,0.021556611653757222,0.021521570039887233,0.02148600917180351,0.021449980026828002,0.021413536741562145,0.021376736263897286,0.021339638069362992,0.0213023039813892,0.02126479789609499,0.021227185474961847,0.021189533829143313,0.0211519112007358,0.02111438664521185,0.021077029718559535,0.021039910172085254,0.021003097654704886,0.02096666128807245,0.020930669531480782,0.02089518993462471,0.020860288854069334,0.020826031330426542,0.020792480849592943,0.020759699119684047,0.020727746004796706,0.020696679308201585,0.020666554628919868,0.020637425263520984,0.020609342054904625,0.020582353356795664,0.020556504731374388,0.020531838889681308,0.02050839572965465,0.020486212305535028,0.020465322794925443,0.02044575847722524,0.020427547723207068,0.02041071599520214,0.020395285857348622,0.02038127699534926,0.02036870624469317,0.020357587453459457,0.020347931687749555,0.020339747293525327,0.02033303997068244,0.020327812838555174,0.020324066515022592,0.020321799287905853,0.020321007059958113,0.02032168348322181,0.02032382009705157,0.020327406342579166,0.020332429670307486,0.020338875679883586,0.020346728052071113,0.020355968622133274,0.02036657757282059,0.02037853354051007,0.020391813709490458,0.02040639390503894,0.02042224868520706,0.02043935143106053,0.020457674435158356,0.020477188988092213,0.020497865462940135,0.020519673223237295,0.020542580858432257,0.02056655627399419,0.020591566782353018,0.020617579176063775,0.020644559807255304,0.0206724746978531,0.020701289575581112,0.020730969940532248,0.020761481230421094,0.020792788690063877,0.020824857497196238,0.020857652856712643,0.020891139905272537,0.02092528371587924,0.020960049452994484,0.020995402424233717,0.021031308120980755,0.021067732256592177,0.021104640802397507,0.021142000021561934,0.021179776500892186,0.021217937180662554,0.02125644938254582,0.02129528069690708,0.021334399125300663,0.02137377307899757,0.021413371460611775,0.021453163682631216,0.02149311978399362,0.021533210457533175,0.02157340691251749,0.02161368089710096,0.02165400460912191,0.0216943509214702,0.02173469330686811,0.02177500579694255,0.021815263138911984,0.02185544058723707,0.02189551401161275,0.021935459903030342,0.021975255372529395,0.02201487814803222,0.022054306569565675,0.022093519583099675,0.02213249673322794,0.02217121815491792,0.022209664564551552,0.02224781707249811,0.02228565732294635,0.022323167502776037,0.02236033045198023,0.02239712947191615,0.022433548394400947,0.022469571838553408,0.022505184733374574,0.022540372508241605,0.022575121098195948,0.022609416935155814,0.022643246924976688,0.02267659847243386,0.022709459358303284,0.022741817708579068,0.022773662079384856,0.02280498145757674,0.022835765260879017,0.02286600333947832,0.022895685979049618,0.02292480390516875,0.02295334828904859,0.022981310754518997,0.02300868338615654,0.02303545864226606,0.023061629444431114,0.023087189201354625,0.023112131777345977,0.02313645159493842,0.023160143616949916,0.02318320316861513,0.023205626350514777,0.023227409863902912,0.02324855108218662,0.023269047954975672,0.0232888990500647,0.023308103601440686,0.02332666136743991,0.02334457260668627,0.02336183819060766,0.023378459607338285,0.023394438961287352,0.023409778970530575,0.023424482961952917,0.023438554864107057,0.02345199919778396,0.02346482106419188,0.023477026130719985,0.02348862042736014,0.02349961047844121,0.02351000331127949,0.0235198064513315,0.023529027899289602,0.023537676115211008,0.023545760030009768,0.023553289001576858,0.023560272781148046,0.023566721499350556,0.02357264563852938,0.023578055972866777,0.02358296361290117,0.023587379695710183,0.023591315388025825,0.023594781984000376,0.023597790878989812,0.023600353541907735,0.02360248148890435,0.02360418625851245,0.02360547938838424,0.023606372393720147,0.023606876747458205,0.023607003862271412,0.023606764889769604,0.023606170850709936,0.023605232655614924,0.023603961108800135,0.023602366900683718,0.023600460604621478,0.023598252710735467,0.02359575358313009,0.023592973448344868,0.02358992239646606,0.023586610372414985,0.02358304713202836,0.023579242305241294,0.02357520509560023,0.02357094431768115,0.023566468508895478,0.023561785924171217,0.02355690453018811,0.023551832001765437,0.023546575720482237,0.023541142775537153,0.023535539966780025,0.0235297738098207,0.023523850543074896,0.023517775952212286,0.02351155552021173,0.023505194477705636,0.02349869783748127,0.023492070403412113,0.02348531679364701,0.023478441503652643,0.023471448869387217,0.02346434308105787,0.023457128207775565,0.023449808193708958,0.023442386836001885,0.023434867860556204,0.02342725463765273,0.023419550238294222,0.023411757556183296,0.02340387931543592,0.023395918077503044,0.02338787624986946,0.023379756096628204,0.023371559750970793,0.023363289229569397,0.023354946448740675,0.023346533242214414,0.02333805120396103,0.0233295018362359,0.023320886610028044,0.0233122069967608,0.023303464482585096,0.02329466058364859,0.023285796899968313,0.023276875076403778,0.023267896807304088,0.023258863852965772,0.023249778029941274,0.02324064118218068,0.023231455249974987,0.023222221976063204,0.023212942969541114,0.023203619815062314,0.02319425407567338,0.023184847295187955,0.023175401002457012,0.02316591671754928,0.023156395959806623,0.023146840257691415,0.023137251160299552,0.023127630250358605,0.023117978987022593,0.023108298841374476,0.023098591358129514,0.023088858189314835,0.02307910111499129,0.02306932206901168,0.02305952321726067,0.023049706911197496,0.023039875718261788,0.023030032556659936,0.02302018047948221,0.02301032277014034,0.023000462993448288,0.022990604804719372,0.022980751961711194,0.022970908432376317,0.02296107839490128,0.02295126623343284,0.02294147653184391,0.022931714065647573,0.02292198379218442,0.022912290839223484,0.022902640492127955,0.02289303817970406,0.022883489385787485,0.022873999681766226,0.022864574730607413,0.02285522015887595,0.02284594174138894,0.022836745297161756,0.02282763670131682,0.022818621776418333,0.022809706212037362,0.022800895392226343,0.022792194400323658,0.022783607812859305,0.022775139609910726,0.02276679295412581,0.022758570100125886,0.02275047241379265,0.02274250032846315,0.022734653318481384,0.0227269298914525,0.02271932759826859,0.02271184305962116,0.02270447200745893,0.022697209339678292,0.02269004918624307,0.022682984827960672,0.02267600887989033,0.022669113432309856,0.022662290154495994,0.022655530406370198,0.02264882533707224,0.022642166021537426,0.02263554351910816,0.02262894896272913,0.02262237366699204,0.022615809188164086,0.02260924738284928,0.022602680549196823,0.022596101194846983,0.022589502197880744,0.022582876951982675,0.022576219418757804,0.022569524172647355,0.02256278644023786,0.022556002133932124,0.022549167880001844,0.02254228104108877,0.022535339733260936,0.02252834283777485,0.022521289857920165,0.022514181011002533,0.022507017279614048,0.02249980042220441,0.02249253296267502,0.022485218184793876,0.0224778601598643,0.022470463688147445,0.02246303427861471,0.02245557814348701,0.022448102148250135,0.02244061376027751,0.02243312108230645,0.022425632508725913,0.022418156800941804,0.022410703120809256,0.02240328098624913,0.022395900223815754,0.02238857092014458,0.0223813033725902,0.022374108039377016,0.022366995489591444,0.022359976353346227,0.02235306127244383,0.0223462607082921,0.02233958497577728,0.02233304425434595,0.022326648552625606,0.022320407682497486,0.02231433122286985,0.02230842852260687,0.02230270864136539,0.022297180317895453,0.022291851965475985,0.022286731624001327,0.022281826921154366,0.02227714512081389,0.022272692799032698,0.022268475953613136,0.022264500065045933,0.022260770088017228,0.0222572904440569,0.02225406501679716,0.022251097149739437,0.022248389646418763,0.022245944772850048,0.022243764262134508,0.022241849321099245,0.022240200531074734,0.02223881791492839,0.0222377009957797,0.022236849053341588,0.02223626074605229,0.022235934287629263,0.022235867119365378,0.02223605662672465,0.022236499840069476,0.022237193447180944,0.022238133840256778,0.022239317102556447,0.022240739074679935,0.02224239514874742,0.02224428036879207,0.022246389518608498,0.02224871714215435,0.022251257561714564,0.022254004895181534,0.022256953072361602,0.022260095850253472,0.022263426827276573,0.022266939456456015,0.02227062705756269,0.022274482722322853,0.022278499375897504,0.022282669836251368,0.022286986860993747,0.02229144311361582,0.022296031193516554,0.022300743709150337,0.02230557318976527,0.022310512121204332,0.022315552959010585,0.02232068812595715,0.02232590999487816,0.022331210916676836,0.022336583052528544,0.022342018422646655,0.022347508967555406,0.0223530465503743,0.022358622959009453,0.022364229909758396,0.02236985905245509,0.02237550197724778,0.02238115022303063,0.022386795287491254,0.02239242863869102,0.022398041589287262,0.022403625371978618,0.022409171226349122,0.022414670432128674,0.022420114329172416,0.022425494329104,0.022430801900566365,0.022436028687410296,0.022441166520275137,0.022446207424183812,0.022451143628830664,0.022455967524498202,0.022460671717211046,0.02246524871874276,0.02246969111676151,0.02247399165223581,0.022478143230989664,0.022482138930979872,0.022485972001708113,0.022489635994482064,0.02249312469670346,0.022496432130383867,0.02249955258323403,0.0225024806325581,0.022505211034073148,0.02250773879223388,0.022510059251042627,0.02251216808703809,0.022514061389620678,0.022515735625785672,0.02251718758200593,0.0225184146648397,0.022519414815623775,0.022520186448434794,0.02252072841725364,0.022521039976476205,0.02252112084499364,0.0225209708969176,0.02252059029913509,0.022519979567899688,0.022519139560220763,0.02251807146431298,0.022516776790756764,0.022515257364470496,0.022513515317533695,0.022511553082847458,0.0225093733885701,0.022506979252970207,0.022504373847582585,0.02250156053034387,0.022498542906848627,0.022495324818233103,0.022491910329633137,0.022488303707420734,0.022484509437991348,0.022480532005275417,0.022476374826643688,0.022472035469778016,0.022467515461413973,0.02246281893719481,0.0224579502216955,0.02245291956691221,0.022447735184773013,0.02244240277574684,0.022436927381244313,0.022431313849066888,0.02242556696392736,0.022419691525877555,0.022413692369799766,0.02240757438244269,0.022401342520350028,0.022395001826500942,0.02238855731022994,0.022382014001572872,0.022375377056611204,0.02236865175460259,0.022361843516527972,0.02235495780156773,0.022347999966023824,0.02234097537683378,0.02233388911154372,0.022326745835245042,0.02231954976392377,0.02231230457412165,0.022305013481211916,0.022297678955512892,0.022290302922235897,0.02228288687067424,0.02227543191691465,0.022267938870888432,0.02226040830205234,0.022252840611979206,0.02224523602201753,0.02223759457919608,0.02222991608261459,0.022222200051708014,0.02221444548362214,0.022206650834107538,0.0221988138788387,0.02219093165976793,0.022183000215776162,0.022175014432054132,0.022166968063958414,0.02215885377921896,0.022150663246386187,0.0221423873852337,0.022134016533472984,0.02212554066005334,0.022116949664559165,0.02210823334530038,0.022099381784507745,0.02209038563841528,0.022081236358361706,0.0220719263933152,0.02206244937257439,0.022052800266979693,0.022042975527624572,0.0220329732016065,0.022022793024801153,0.022012436492029035,0.02200190678440738,0.021991208818488647,0.02198034934634024,0.021969336870933803,0.021958181355374584,0.021946893380153744,0.021935482153654224,0.021923962256539767,0.02191235131056293,0.021900667707077274,0.021888930493896827,0.021877158574813274,0.02186537083832329,0.021853586095458923,0.021841823277185556,0.021830101438056422,0.021818439698324966,0.02180685718611986,0.02179537298210396,0.021784006080555335,0.0217727753454146,0.021761699469123662,0.0217507969349177,0.021740085977281273,0.021729584375712832,0.021719309375939928,0.021709277505679383,0.021699504675865254,0.021690005428567624,0.02168079234184681,0.021671875662350237,0.021663263213340833,0.02165496025232976,0.02164696948535685,0.021639291830836647,0.02163192592661583,0.021624868263025416,0.021618113254868117,0.02161165372252036,0.02160548123261409,0.02159958638416398,0.021593959086912928,0.02158858882968903,0.0215834649351555,0.021578576797925558,0.021573914103687572,0.021569467027686834,0.021565226411500923,0.021561183871259573,0.021557331930904155,0.021553664172699848,0.021550175143658413,0.021546860729884328,0.021543718047984772,0.02154074535006708,0.02153794217081922,0.021535309139885984,0.021532847854831512,0.021530560978580655,0.021528452021616785,0.021526525290702245,0.02152478554378162,0.021523238051010665,0.02152188855194238,0.02152074318020919,0.021519808393581193,0.021519090910442625,0.021518597652648647,0.021518335694541597,0.02151831221778373,0.021518534471572787,0.02151900973773748,0.02151974518713611,0.021520747851172226,0.021522024288302685,0.02152358045134759,0.021525420762280367,0.021527547704901374,0.021529961517275396,0.02153266013120202,0.02153563907556246,0.02153889148304069,0.021542408482983458,0.02154617925201129,0.02155019130698906,0.02155443049295011,0.02155888145016229,0.02156352794962573,0.021568353190261333,0.021573340059494257,0.021578471400973888,0.021583729810734736,0.021589097510201882,0.02159455628206207,0.021600087454277567,0.021605671925585733,0.021611290116804533,0.021616922046107587,0.02162254754997765,0.021628146479987623,0.02163369877685817,0.02163918463771179,0.02164458482669861,0.02164988068500175,0.021655054368290218,0.02166008904463256,0.021664969175322794,0.021669680607147374,0.02167421077328543,0.02167854856785015,0.021682684640227386,0.021686611533567445,0.021690323770552,0.0216938179180023,0.02169709263115388,0.02170014866463684,0.021702988837086348,0.02170561745795251,0.021708039846764206,0.021710262050294353,0.021712287728109292,0.021714118800037513,0.021715751616432494,0.021717178772775965,0.021718390264768333,0.021719374475366867,0.021720119068561854,0.02172061167386164,0.02172084038415906,0.02172079408426724,0.021720464288104268,0.021719844472930305,0.021718930139607975,0.021717718912218156,0.021716210934080056,0.021714409013550724,0.02171231868141633,0.02170994820300904,0.021707308553127875,0.021704413359138447,0.02170127881681,0.02169792358297199,0.02169436864867674,0.021690637196219737,0.02168675434836022,0.021682746974509524,0.021678643638082737,0.021674474426874722,0.021670270792709195,0.021666065354647903,0.02166189176676233,0.021657784510500516,0.021653778679463942,0.021649909861570796,0.021646213937580806,0.02164272688470057,0.021639484649457776,0.02163652271327951,0.021633876129496004,0.02163157940749556,0.021629666379415144,0.021628170074991997,0.021627122605377715,0.021626555056127515,0.02162649738949987,0.021626978356127757,0.021628025416051473,0.02162966466903908,0.02163192070486286,0.021634816516303376,0.021638373579710473,0.021642611851593888,0.021647549727866398,0.021653204025426535,0.02165958997368504,0.021666721257355217,0.021674609981262603,0.021683266706618323,0.021692700521160853,0.02170291895020557,0.021713928004904234,0.021725731938972696,0.021738333476968387,0.02175173386281555,0.02176593289682567,0.021780928966106873,0.021796719077694513,0.021813298894106204,0.021830662769468795,0.02184880378611185,0.02186771379158574,0.02188738343604044,0.021907802124204484,0.02192895800878812,0.021950838156447806,0.021973428593248297,0.021996714370358973,0.022020679589077087,0.022045307487493546,0.022070580464711692,0.02209648008275296,0.022122987170310193,0.02215008182745122,0.022177743443140552,0.022205950767081033,0.022234681671383743,0.022263913391679293,0.022293622587517527,0.022323785385064993,0.022354377420110334,0.02238537388169503,0.022416749556359902,0.022448478872989095,0.022480535948226917,0.022512894632432185,0.022545528556122657,0.022578411092483246,0.02261151534968275,0.02264481435475979,0.0226782811043182,0.022711888648813197,0.022745610123520596,0.0227794188444171,0.02281328834414238,0.022847192378681526,0.022881105040074037,0.022915000765958187,0.02294885435965208,0.022982641061685995,0.023016336301439316,0.023049915949912837,0.02308335637355492,0.02311663447050568,0.023149727704736365,0.023182614138232974,0.0232152724611381,0.02324768201977828,0.023279822842523962,0.02331167566343719,0.02334322194367784,0.02337444380725371,0.023405323991783685,0.023435846009819947,0.02346599417068064,0.02349575361787255,0.023525110323575193,0.02355405115919206,0.023582563856055387,0.023610636978706467,0.02363825997157198,0.02366542315795574,0.023692117687031514,0.023718335543562265,0.02374406925084569,0.02376931206760252,0.02379405798709065,0.023818301717222358,0.02384203865870943,0.023865264881754056,0.023887977101540482,0.023910172652779886,0.023931849463563887,0.023953006028775786,0.02397364138328957,0.023993754998586803,0.024013346683449264,0.024032416704980852,0.024050965813818295,0.024068995174215947,0.024086506354844037,0.024103501364515195,0.024119982591778017,0.02413595275803424,0.02415141491902407,0.024166372495010562,0.0241808291851819,0.024194788957918635,0.024208255782907008,0.02422123380344615,0.024233727335710966,0.02424574085220391,0.024257278965896106,0.02426834641538449,0.02427894805111458,0.02428908882271163,0.024298773767460563,0.024308007999962782,0.024316796702991722,0.024325145063631308,0.024333058203503156,0.024340541291034794,0.024347599413580126,0.024354237819206058,0.024360461816691898,0.024366276747620173,0.024371688112459287,0.024376701468823668,0.02438132250155244,0.024385556980954567,0.024389410739351917,0.02439288968561065,0.02439599952658132,0.024398745992328472,0.024401134843562877,0.024403171870676508,0.02440486289238283,0.024406213754101316,0.024407230326130215,0.024407918501655843,0.02440828419466096,0.02440833333779866,0.024408071880300978,0.024407505715670897,0.02440664058627838,0.024405482244492318,0.024404036455714994,0.02440230903414883,0.024400305825249696,0.024398032851873877,0.024395496110960577,0.024392701622290756,0.02438965543997913,0.024386363730611715,0.024382832692659586,0.024379068563931704,0.02437507735276765,0.024370865059195803,0.02436643767797085,0.024361801196260385,0.024356961591063996,0.024351924826407922,0.024346696850362424,0.024341283591937227,0.0243356909579139,0.024329924829680688,0.024323991060133436,0.02431789540543025,0.024311643419998984,0.02430524062052354,0.024298692475275392,0.024292004460492064,0.024285182033193225,0.024278230681641793,0.024271155904736556,0.024263963172514193,0.02425665800455863,0.02424924591128809,0.02424173237341009,0.024234122840466728,0.02422642247216222,0.024218636356282686,0.024210769510260733,0.02420282687771526,0.024194813324832636,0.024186733636668352,0.024178592513439814,0.02417039456688505,0.024162144316767675,0.024153846187604976,0.024145504505680985,0.024137123435768147,0.024128706867293417,0.02412025858388869,0.024111782260084452,0.02410328150812011,0.02409475985643693,0.024086220799575623,0.024077667784304,0.0240691041701327,0.024060533304897092,0.02405195846868246,0.02404338285988883,0.024034809589594502,0.024026241438274074,0.024017681069983813,0.02400913103715819,0.0240005937809341,0.023992071631732694,0.02398356681015741,0.02397508142826634,0.023966617491268324,0.02395817689968333,0.023949761451976824,0.023941372847656944,0.023933012635750643,0.02392468209963755,0.02391638243433839,0.02390811475949716,0.023899880151752154,0.023891679626665607,0.023883514203907254,0.02387538484436387,0.023867292466253555,0.02385923800483236,0.023851222528609953,0.023843247084135103,0.02383531262948274,0.023827419864393223,0.023819569433220004,0.023811761937061967,0.023803997937712987,0.023796277960323187,0.023788602495615645,0.023780972001979483,0.023773386907419477,0.02376584761150372,0.023758354487347828,0.023750907883655834,0.023743508080924118,0.023736155176575697,0.023728849249614332,0.02372159029833749,0.023714378394330906,0.02370721362451947,0.02370009612753713,0.023693026110975637,0.023686003807279424,0.02367902954574757,0.02367210369167446,0.02366522663872466,0.023658398789456688,0.023651620345691245,0.023644891507390776,0.023638212477565933,0.023631583462577106,0.02362500467227673,0.0236184763200367,0.023611998622705545,0.023605571800531914,0.02359919607707479,0.023592871679131027,0.023586598836697316,0.023580377746910387,0.023574208465299683,0.02356809105003895,0.02356202557686085,0.02355601214927488,0.023550050893250782,0.023544141916928635,0.023538285433792095,0.02353248163697526,0.023526730653944877,0.02352103296132036,0.023515389062558543,0.023509799391011076,0.023504264180533908,0.023498783651380972,0.023493358016178252,0.02348798747939145,0.023482672236201384,0.023477412471327876,0.023472208357968965,0.023467060056924016,0.023461967715946164,0.023456931469350278,0.023451951437887253,0.023447027687733782,0.023442160082904253,0.02343734847411047,0.023432592689599296,0.02342789259704179,0.023423248072610873,0.0234186590248834,0.02341412546869795,0.02340964742061621,0.023405224923446214,0.023400857958719632,0.023396546391577133,0.023392289887880193,0.02338808768494993,0.023383938741553388,0.02337984170772899,0.023375794894783017,0.02337179624837762,0.0233678433273836,0.02336393327074828,0.023360062763121105,0.023356227970340284,0.02335242447780928,0.023348647234386087,0.023344890468331086,0.02334114749160428,0.02333741087271781,0.023333672437481863,0.023329923302465312,0.02332615388003946,0.023322353955057166,0.023318512726757598,0.023314618827296,0.023310660463802726,0.023306625456391183,0.02330250131550864,0.023298275298863247,0.023293934352287007,0.023289465404575032,0.023284855489246886,0.023280091863585147,0.023275162127422356,0.023270054340166327,0.023264757134647835,0.02325925982227747,0.02325355247905887,0.023247626032470325,0.023241472232250752,0.02323508359793901,0.02322845315044415,0.02322157453578796,0.023214441864883025,0.023207049670670363,0.023199392831303924,0.023191466596373733,0.02318326657760904,0.023174788739343283,0.023166029518601215,0.023156985817325428,0.023147655062296033,0.023138035225780056,0.023128124753293632,0.02311792280873857,0.02310742935437168,0.02309664522393238,0.023085572191273315,0.023074213033281627,0.02306257158612165,0.023050652794053172,0.02303846275027666,0.023026008729430156,0.02301329921151689,0.02300034388019218,0.022987153516880063,0.022973740112562552,0.02296011679131541,0.02294629731191563,0.022932295523140227,0.022918124894690865,0.022903798555348354,0.022889328974269724,0.022874727911260044,0.022860006417026044,0.022845174812040292,0.0228302426899434,0.022815218877209914,0.022800111699816654,0.022784929108761426,0.022769678808759065,0.022754368389095083,0.022739005452804092,0.02272359774106789,0.022708153250355884,0.022692680340383475,0.022677187831386558,0.02266168508965748,0.02264618208027726,0.022630689253246093,0.02261521775893317,0.02259977948423851,0.022584386342949184,0.022569049697887526,0.022553780027934688,0.022538586674810176,0.022523477689016042,0.022508459877671628,0.022493538776786875,0.02247871875031223,0.022464003066761187,0.02244939395608032,0.022434892944106465,0.022420501054023417,0.02240621900716857,0.02239204742095151,0.02237798699934921,0.02236403871243777,0.022350203962276678,0.022336484733198263,0.022322883725172427,0.022309404469442965,0.022296051410639523,0.022282829806504343,0.022269745984148367,0.022256807376993135,0.022244022607724238,0.022231401477530905,0.022218955005444577,0.022206695400677177,0.0221946359950096,0.022182791266672115,0.02217117672348076,0.022159808827862167,0.02214870484753283,0.02213788267109908,0.022127360854752386,0.022117158527534063,0.02210729528903205,0.022097791104106087,0.022088666195842214,0.02207994093786873,0.022071635747089674,0.022063770977810208,0.022056366818141427,0.02204944318948445,0.022043019638999028,0.022037115059776936,0.02203174780083635,0.02202693557850274,0.022022695454381326,0.022019043743517056,0.02201599599594568,0.022013566923879804,0.022011770318292666,0.02201061907384515,0.022010125087873526,0.022010299223164363,0.022011151203083043,0.022012689506526382,0.02201492148437493,0.022017853352840087,0.022021490188591807,0.022025835928532828,0.022030893373894855,0.022036664198320746,0.02204314895960128,0.02205034711473847,0.022058257038002255,0.022066876041655872,0.022076200392676566,0.02208622513773412,0.022096944334670604,0.022108351076799787,0.022120437573013622,0.022133195157970586,0.022146614369345962,0.02216068496350272,0.022175395914449107,0.022190735517124024,0.022206691351267405,0.022223250308773077,0.02224039853599783,0.02225812139051351,0.02227640359723306,0.022295229279955434,0.022314581989652114,0.02233444473266463,0.022354799998938746,0.022375629790418596,0.022396915649718,0.02241863868915255,0.02244077962018802,0.022463318783200042,0.02248623617577565,0.022509511271048104,0.022533123259000285,0.02255705107575447,0.022581273468925148,0.022605768916046737,0.022630515170018475,0.022655490331954166,0.022680672819017703,0.02270604109902205,0.022731573802458563,0.02275724935843892,0.022783045862044146,0.022808941137674493,0.022834912905207172,0.022860938799353043,0.022886996381225027,0.02291306315131885,0.022939116490118323
5.75,0.9998873202081585,0.9997821744027181,0.9996827065533618,0.9995872419728036,0.9994942666402665,0.9994024089944034,0.9993104238912124,0.9992171784498457,0.9991216395442991,0.9990228627485862,0.9989199825248437,0.9988122035250577,0.9986987928444174,0.9985790731230487,0.9984524163721719,0.9983182384388076,0.9981759940287208,0.9980251722184146,0.9978652923964281,0.9976959005824282,0.9975165660674,0.9973268783636585,0.9971264444232147,0.9969148860787881,0.9966918377488386,0.9964569442156822,0.9962098586655084,0.9959502407928968,0.9956777550010836,0.9953920680783424,0.9950928447372783,0.9947797549374616,0.9944524655951801,0.9941106397953472,0.9937539533595622,0.9933820654287256,0.9929946309591692,0.9925912996320176,0.9921717143346863,0.9917355100771221,0.9912823130575448,0.9908117397729903,0.990323396148521,0.9898168766796072,0.989291763561153,0.9887476258544031,0.9881840187047797,0.9876004825448182,0.9869965423892384,0.9863717069524978,0.9857254669341661,0.9850572883260229,0.9843666182806661,0.9836528781187708,0.9829154597842211,0.9821537426023216,0.9813670808053276,0.9805548023421361,0.9797163360202388,0.978851001295437,0.9779580950894218,0.9770368944916771,0.9760866563215722,0.9751066173367825,0.9740959946820029,0.9730539864645195,0.9719797724357732,0.9708725147766726,0.9697313589306399,0.9685554345857806,0.9673438568399809,0.9660957273717425,0.9648101357502648,0.9634861606423568,0.9621228702010562,0.9607193194963694,0.9592745616064683,0.957787644703729,0.9562576131586569,0.9546835266398099,0.9530644391554001,0.9513994055764983,0.9496874854321089,0.9479277455556409,0.9461192623000103,0.9442611237703109,0.9423524319865357,0.9403923050416035,0.9383798792509305,0.9363143112864298,0.9341947802866359,0.9320204899347116,0.9297906703843748,0.9275045802360775,0.9251615085964815,0.922760776894305,0.9203017407484478,0.9177837916958929,0.915206358810954,0.912568910433164,0.9098709554931566,0.9071120448777756,0.9042917727943077,0.9014097779670139,0.8984657446178499,0.8954594035556763,0.8923905327897216,0.8892589583633322,0.8860645549009434,0.8828072462784364,0.8794870060528925,0.8761038577853092,0.872657875257757,0.8691491825862835,0.8655779542315657,0.8619444149094051,0.858248839210662,0.8544915513191399,0.850672924834177,0.8467933822201119,0.8428533947655721,0.8388534812494838,0.834794207487466,0.8306761852740302,0.826500072189556,0.8222665698500053,0.8179764217631651,0.8136304172422676,0.8092293869743675,0.8047742011052198,0.8002657679375096,0.7957050331922418,0.791092978658117,0.7864306209073015,0.7817190090640848,0.7769592011090798,0.7721522864767274,0.7672993874095482,0.7624016500118836,0.757460272550501,0.7524764915629458,0.7474515650649303,0.7423867744620037,0.737283414252355,0.7321427889613519,0.7269662146013486,0.7217550192564728,0.7165105413881815,0.7112341348706698,0.7059271658984366,0.7005910096911008,0.6952270503142285,0.6898366774416267,0.684421284420346,0.6789822669106831,0.6735210221701764,0.6680389477452516,0.6625374405737425,0.6570178957996904,0.6514817056150997,0.6459302581385316,0.6403649363327502,0.6347871169626713,0.6291981695941299,0.6235994553190883,0.6179923259581853,0.6123781233755247,0.6067581785519257,0.6011338117794228,0.5955063304016063,0.5898770286937867,0.5842471868070136,0.5786180711100658,0.5729909329781792,0.5673670076084406,0.5617475151556599,0.5561336591809835,0.5505266263865548,0.5449275857930086,0.5393376884261484,0.5337580667087201,0.52818983446738,0.522634086623262,0.5170918989098238,0.511564327617248,0.5060524093623147,0.5005571608826825,0.4950795788545098,0.48962063935473826,0.48418129636451634,0.47876247830478497,0.4733650768236477,0.46798992192880307,0.4626378302129513,0.4573096271297151,0.4520061148973798,0.44672799738963487,0.4414758313878949,0.43625001105863975,0.43105133641926535,0.42588094536672405,0.4207398346904011,0.415628819218682,0.4105486002190652,0.40549983047067556,0.4004831442369858,0.3954991605562253,0.39054847438183493,0.3856316658867718,0.38074929003196023,0.3759018703801792,0.37108990781865964,0.36631388282559907,0.36157425621157524,0.35687146978872947,0.3522059463768733,0.3475780897521746,0.3429882854567289,0.33843690054853576,0.3339242842576281,0.3294507675498087,0.32501666329951023,0.32062226673485095,0.31626785542158337,0.3119536892653223,0.3076800110768714,0.3034470458156106,0.2992550012054624,0.29510406773623454,0.2909944191017469,0.28692621238509985,0.28289958824910655,0.2789146711324409,0.274971569451642,0.2710703758090824,0.26721116720692123,0.26339400494752896,0.2596189349701792,0.25588598833307225,0.25219518134856067,0.24854651702727107,0.24493998341196357,0.24137555462138616,0.23785319189795,0.23437284247351423,0.2309344404427681,0.22753790705939334,0.22418315108747044,0.22087006899189043,0.21759854529280698,0.21436845272070756,0.21117965256611923,0.2080319949279129,0.2049253190936338,0.2018594538446089,0.1988342177628732,0.19584941953971619,0.19290485828547002,0.19000032384015933,0.18713559708462915,0.18431045014685973,0.18152464683199365,0.17877794289852947,0.17607008637449453,0.1734008179725694,0.1707698712653287,0.16817697303165258,0.16562184279880846,0.1631041947523342,0.1606237371784933,0.15818017294760897,0.1557731995637635,0.15340250948770073,0.15106779059032188,0.14876872603246288,0.14650499474808493,0.14427627166275353,0.14208222803414486,0.13992253171119431,0.13779684738795586,0.1357048368522935,0.13364615922930606,0.13162047121940065,0.1296274273309432,0.12766668003665174,0.1257378799507358,0.12384067620002637,0.12197471657764695,0.1201396479687068,0.11833511622931027,0.11656076650168806,0.11481624332647267,0.11310119105621555,0.11141525387054693,0.10975807575296767,0.10812930118087416,0.10652857494565061,0.10495554245169346,0.10340984952562889,0.101891142737518,0.10039906949435669,0.09893327823913102,0.09749341857781837,0.09607914140090124,0.0946900989997884,0.0933259451782373,0.09198633535887842,0.0906709266849431,0.08937937801948961,0.08811134996830289,0.08686650519221097,0.0856445084094993,0.08444502646461509,0.08326772854497877,0.08211228615685659,0.08097837352869672,0.07986566715309242,0.07877384601768955,0.07770259160141571,0.07665158820169098,0.07562052276195563,0.0746090849911601,0.07361696725736387,0.07264386467457545,0.07168947506230457,0.07075349909564883,0.06983564033783264,0.06893560526948449,0.06805310331550164,0.06718784686961617,0.06633955131677725,0.06550793505345559,0.06469271940272689,0.06389362862847787,0.0631103900831755,0.06234273417086004,0.06159039442664647,0.06085310750673553,0.060130613178681985,0.05942265446711705,0.05872897750556851,0.058049331548486634,0.05738346907362867,0.05673114569368586,0.056092120140294736,0.05546615439740652,0.05485301339017099,0.0542524651461145,0.05366428075413879,0.05308823441598869,0.05252410343992935,0.05197166823037809,0.05143071228047091,0.05090102216287657,0.05038238751930841,0.04987460104896982,0.04937745841743232,0.04889075823870076,0.04841430216291284,0.04794789482312109,0.047491343854807404,0.04704445989426692,0.04660705653193059,0.04617895031864491,0.045759960645153745,0.0453499097718338,0.04494862279417091,0.044555928035388284,0.04417165698307778,0.04379564374902624,0.04342772503307934,0.04306774023384954,0.04271553140346956,0.04237094330020621,0.04203382336528752,0.041704021696920335,0.041381391023322445,0.04106578667504667,0.0407570665566812,0.04045509111795581,0.04015972326037621,0.03987082834612949,0.03958827418955782,0.03931193101594208,0.03904167153684392,0.0387773707762643,0.03851890608867935,0.03826615697770092,0.03801900541269822,0.037777335596018646,0.037541033916632924,0.03730998902394962,0.03708409169797857,0.036863234865757474,0.036647313464259354,0.036436224445407055,0.036229866699717804,0.03602814108497675,0.03583095039432982,0.03563819932367134,0.0354497944391254,0.035265644144629515,0.03508565864962984,0.03490974993689701,0.03473783167377486,0.03456981917327902,0.03440562943697066,0.03424518109568365,0.034088394411014106,0.033935191243119285,0.03378549500465502,0.03363923070853228,0.03349632485563612,0.03335670540210245,0.0332203018028189,0.03308704489939497,0.032956866893438755,0.032829701368004865,0.032705483144607105,0.032584148301308555,0.032465634111200764,0.03234987905832889,0.03223682281006356,0.03212640618960282,0.03201857114933395,0.03191326074512856,0.031810419111635915,0.03170999143863144,0.03161192393180459,0.03151616379875578,0.031422659236315736,0.03133135938724557,0.031242214106677872,0.031155172955804975,0.031070181660923582,0.03098717291353732,0.03090609314869436,0.030826917067872744,0.03074961085733135,0.030674134995974107,0.030600448155476696,0.030528508749156042,0.030458275663104658,0.030389708504897396,0.030322767645642713,0.03025741426070963,0.03019361032698569,0.030131318616434935,0.030070502689003232,0.03001112688548309,0.029953156320460674,0.02989655687534799,0.029841295147517443,0.02978733842667989,0.029734654758819968,0.02968321291398005,0.029632982415956587,0.029583933519522865,0.029536037197631492,0.029489265230313394,0.02944359002390091,0.029398984613979284,0.02935542257405966,0.029312878241844805,0.029271327043156346,0.029230745070963675,0.0291911090713017,0.029152396394235513,0.029114584886287168,0.029077652989094076,0.029041579758307744,0.029006344862575494,0.02897192857672741,0.02893831177333593,0.028905475913714358,0.02887340303860609,0.02884207571147571,0.028811476999761814,0.028781590527596178,0.02875240044277455,0.028723891434305888,0.028696048721130508,0.028668858028431738,0.028642305639877144,0.028616378326551922,0.02859106332807479,0.028566348368353874,0.028542221652207413,0.0285186718127838,0.02849568793322355,0.028473259458864385,0.02845137620458272,0.02843002830302397,0.028409206238907952,0.028388900833897612,0.02836910323041506,0.028349804875299214,0.02833099750336562,0.02831267312093158,0.028294823989370492,0.02827744255930039,0.028260521442460714,0.028244053464331426,0.02822803164293671,0.028212449188336604,0.028197299465818903,0.028182576000609284,0.028168272474122454,0.028154382705260664,0.02814090063436404,0.028127820316627833,0.028115135898276612,0.028102841578066376,0.028090931598069108,0.02807940024739684,0.02806824189887241,0.02805745083709561,0.028047021332058077,0.028036947640938066,0.028027224001865317,0.02801784462622065,0.028008803687503445,0.028000095280961403,0.027991713355972357,0.027983651539515056,0.027975902702797966,0.02796845872895848,0.027961310385911067,0.027954446616472246,0.027947859504364608,0.027941546830685886,0.027935505765336516,0.027929732023268743,0.027924220129133454,0.027918963987056077,0.027913957579870804,0.027909194787956587,0.027904669182322147,0.02790037393449673,0.027896301966019263,0.0278924459623936,0.027888798437952347,0.02788535174128232,0.027882098052066352,0.02787902937783267,0.02787613755283933,0.027873414239776025,0.027870850934528034,0.02786843892832485,0.027866169302863793,0.027864033013162332,0.02786202089913242,0.027860123717044036,0.027858332138993275,0.0278566366767666,0.027855026911916332,0.027853492509746544,0.027852024665360988,0.02785061487909502,0.027849254653614097,0.027847935491341097,0.027846648797162633,0.027845386020671895,0.02784413881553418,0.027842899072802463,0.027841658984201035,0.0278404110751064,0.027839148234937664,0.027837863745823064,0.027836551309501013,0.027835205072316335,0.027833819648166544,0.027832390093435185,0.02783091191379182,0.02782938114287989,0.027827794352325547,0.027826148710636815,0.027824441912648868,0.027822672228031614,0.02782083853011779,0.02781894026441375,0.027816977459679756,0.027814950762487706,0.027812861361124847,0.027810710998739257,0.02780850198803129,0.02780623713745262,0.02780391975911272,0.02780155362876696,0.027799143004577954,0.02779669260952118,0.027794207611833377,0.027791693604238873,0.027789156582078138,0.02778660292046292,0.027784039350579923,0.027781472915734573,0.027778910933502883,0.027776361006963214,0.027773830995091738,0.027771328878253166,0.027768862924974616,0.0277664415926475,0.027764073460280467,0.027761767291593322,0.02775953196569059,0.02775737645479911,0.027755309798907363,0.02775334106530114,0.027751479341732152,0.027749733665027077,0.027748113006917,0.027746626221023078,0.027745282063962054,0.027744089174558687,0.027743056052981076,0.027742191040562178,0.0277415023003177,0.027740997798168316,0.027740685284872276,0.027740572234305122,0.027740665809800148,0.027740972915103003,0.02774150017500002,0.027742253931640228,0.02774324021656917,0.027744464753812606,0.02774593302149704,0.027747650113335836,0.027749620782355662,0.027751849474041343,0.02775434023677198,0.0277570967384894,0.027760122305032678,0.02776341979639199,0.02776699165571173,0.027770839886127222,0.027774966073020206,0.02777937138061636,0.02778405654897188,0.027789021891828778,0.027794267295357073,0.02779979221779363,0.027805595689988083,0.027811676272300478,0.027818032047290515,0.02782466067972378,0.027831559419436245,0.027838725158873156,0.027846154351709573,0.027853843065078644,0.027861787144374938,0.02786998193072812,0.027878422405489336,0.02788710320717864,0.02789601863138815,0.02790516263862637,0.02791452889548296,0.027924110715263562,0.027933901105192057,0.027943892768194294,0.02795407813749443,0.02796444939235237,0.027974998473809305,0.027985717100704476,0.027996596785889703,0.028007628852566274,0.028018804450669225,0.028030114537204814,0.02804154990016041,0.02805310119972067,0.02806475898807266,0.028076513708926228,0.02808835574475726,0.028100275426162256,0.028112263090214765,0.028124309021869253,0.028136403498791564,0.028148536805720253,0.028160699254207833,0.028172881180065654,0.028185072972711524,0.028197265041610624,0.028209447839228873,0.02822161185118405,0.02823374763833073,0.028245845847399066,0.028257897220681765,0.028269892605312392,0.02828182296214359,0.02829367937423701,0.028305453054973468,0.028317135313601683,0.02832871753727776,0.028340191271406055,0.02835154822170938,0.028362780271837702,0.02837387947495917,0.02838483807624918,0.028395648526839935,0.028406303490308493,0.02841679584376826,0.02842711869071948,0.028437265359234475,0.028447229390517234,0.02845700457197916,0.028466584862998665,0.02847596441995706,0.028485137568665147,0.028494098853235412,0.02850284303853118,0.0285113651114517,0.0285196602818632,0.028527723983195648,0.028535551872738714,0.028543139831662182,0.02855048392072992,0.02855758036512875,0.028564425614603636,0.028571016341885056,0.028577349449943334,0.028583422062122405,0.028589231535409588,0.028594775478401058,0.028600051730972135,0.02860505836917153,0.028609793728824297,0.02861425636434945,0.02861844505122526,0.028622358805593124,0.02862599683105004,0.02862935852642152,0.028632443457203192,0.028635251400695644,0.028637782346695274,0.028640036497445284,0.028642014267583966,0.02864371628406389,0.02864514338601356,0.028646296624512093,0.028647177220076227,0.028647786534205168,0.028648126144086197,0.02864819783777952,0.028648003625212737,0.02864754572095409,0.02864682656006905,0.028645848806383895,0.028644615348278925,0.028643129293437878,0.028641393974561422,0.028639412938770887,0.028637189928403427,0.028634728910708805,0.028632033984251088,0.02862910940170318,0.028625959537250126,0.028622588926094438,0.02861900225901297,0.028615204375785463,0.028611200258282538,0.028606995023225834,0.028602593914644404,0.02859800229605228,0.028593225602812557,0.028588269307914596,0.02858313898312894,0.028577840287408184,0.028572378965253196,0.028566760830552488,0.028560991771033103,0.02855507773230687,0.028549024739185115,0.028542838869382827,0.028536526251463898,0.028530093051128136,0.028523545445568992,0.02851688965038892,0.028510131815301577,0.028503278046064746,0.028496334370035358,0.02848930676948249,0.02848220117239942,0.02847502344247722,0.028467779368991423,0.028460474656638285,0.02845311491536144,0.02844570565021617,0.02843825221232211,0.028430759756743564,0.028423233309274903,0.02841567775326129,0.02840809783273431,0.02840049812783761,0.028392883063536958,0.028385257099439034,0.028377624331187682,0.028369988703625722,0.028362353880618293,0.02835472346569982,0.028347100866842587,0.028339489294937962,0.028331891726460428,0.028324310905320144,0.02831674931933971,0.02830920924261039,0.02830169273724003,0.028294201655123023,0.028286737640441362,0.02827930213286185,0.02827189637139358,0.02826452139885545,0.028257178031057106,0.02824986682609962,0.028242588168262524,0.028235342270035185,0.028228129187631918,0.02822094881808249,0.028213800921323577,0.028206685242991063,0.028199601315828764,0.028192548558723284,0.028185526288484083,0.028178533732549717,0.028171570020779274,0.028164634214029396,0.02815772525867109,0.028150842005147128,0.028143983197368768,0.028137147516661975,0.028130333590619602,0.028123540001219534,0.028116765292791925,0.028110007979817418,0.0281032665545313,0.028096539494314128,0.028089825232308244,0.02808312213002457,0.028076428559134187,0.028069742904938206,0.028063063603810414,0.028056389099364597,0.028049717878760417,0.02804304857187302,0.028036379789478733,0.028029710201705894,0.028023038572637226,0.028016363711305375,0.028009684495856106,0.028002999903037343,0.027996308916681815,0.027989610573717114,0.027982903955638034,0.027976188214841994,0.027969462577147174,0.02796272634357027,0.027955978891784774,0.027949219677244536,0.02794244823396851,0.027935664174980376,0.02792886715674863,0.0279220568409044,0.027915232971764563,0.02790839537230862,0.027901543953175394,0.027894678698596447,0.0278877996801014,0.0278809070728558,0.027874001135571664,0.0278670822122703,0.027860150783072152,0.02785320735704895,0.027846252502971857,0.027839286874957715,0.027832311131359363,0.02782532595079113,0.027818332010170508,0.02781133001526661,0.027804320695803093,0.02779730479976929,0.027790283087600887,0.02778325632626835,0.027776225283312275,0.027769190720866428,0.027762153355031082,0.027755113813827476,0.027748072705469536,0.02774103061088719,0.027733988087542613,0.027726945653195785,0.027719903793790673,0.027712863001456756,0.027705823698182308,0.027698786284654876,0.02769175107559087,0.027684718403726532,0.027677688549474888,0.027670661755228004,0.027663638142891935,0.027656617737338945,0.027649600448165324,0.027642586110486735,0.0276355744858794,0.027628565263082817,0.027621558059197842,0.02761455242137976,0.027607547829017667,0.02760054369638915,0.027593539341946985,0.027586533950337045,0.027579526655446805,0.027572516542433652,0.02756550266344692,0.027558484028557557,0.027551459626814153,0.0275444284406489,0.027537389448514298,0.02753034162613869,0.027523283958510614,0.027516215436825732,0.027509135046620413,0.02750204180664125,0.027494934678705705,0.027487812597322168,0.027480674458009658,0.027473519160314222,0.027466345612936927,0.02745915273851138,0.027451939478736816,0.027444704799876762,0.027437447698620426,0.02743016720829449,0.027422862372076546,0.027415532210742652,0.027408175804375625,0.027400792298845563,0.027393380923651896,0.02738594098703669,0.0273784718994021,0.02737097327904903,0.027363444786581127,0.027355886207917634,0.02734829752018721,0.02734067878546592,0.027333030199867808,0.027325352117530698,0.027317645009898757,0.027309909475240157,0.02730214623218742,0.027294356151723584,0.027286540260377398,0.027278699742161044,0.027270835939748838,0.02726295035488873,0.027255044648053756,0.027247120637346852,0.027239180266309924,0.027231225556001788,0.027223258680905665,0.02721528196318141,0.02720729787947684,0.027199309042016336,0.027191318209469843,0.027183328359591852,0.02717534254782008,0.02716736395902015,0.02715939588137445,0.027151441751504368,0.027143505104508366,0.027135589589234715,0.02712769889682484,0.02711983675957039,0.02711200693057158,0.02710421321167849,0.027096459445430418,0.027088749506230123,0.027081087291442745,0.02707347671244968,0.02706592168569301,0.027058426123748258,0.027050993896279903,0.027043628777980812,0.02703633451525628,0.027029114817309872,0.0270219733566133,0.027014913751466862,0.027007939572726968,0.027001054409391136,0.02699426173733954,0.026987564966229685,0.026980967507309692,0.026974472622013357,0.02696808347549514,0.02696180313657791,0.026955634562323975,0.02694958057336441,0.026943643841192938,0.026937826917058066,0.026932132230163976,0.026926562085752243,0.026921118663621273,0.026915804017072203,0.02691062007225805,0.02690556862791819,0.026900651326425593,0.0268958696080032,0.026891224788342702,0.02688671805932377,0.026882350502051424,0.026878123073656005,0.026874036625631915,0.026870091978744844,0.026866289800938584,0.026862630663022725,0.026859115151333927,0.02685574364726405,0.026852516427922267,0.02684943368799907,0.026846495495748558,0.026843701802197143,0.026841052438507932,0.026838547140375313,0.026836185550644286,0.026833967221422398,0.0268318916160812,0.02682995811113868,0.026828165998022298,0.02682651448471449,0.026825002670928556,0.026823629502170848,0.0268223938462213,0.026821294494061062,0.026820330267681883,0.02681949984000292,0.026818801818294213,0.026818234764862326,0.026817797174651294,0.02681748748451725,0.026817303968853217,0.026817244971138632,0.026817308773804175,0.026817493626559077,0.026817797663881718,0.026818218919867853,0.02681875532151494,0.026819404720036428,0.026820164889717845,0.02682103352594489,0.026822008243055733,0.026823086572081982,0.02682426595844565,0.026825543759679077,0.02682691721712623,0.026828383399392686,0.02682993928284857,0.02683158174943752,0.026833307595204657,0.026835113518087598,0.026836996132440855,0.026838951976598118,0.026840977513678133,0.026843069126683945,0.026845223125821736,0.02684743574053192,0.026849703103527665,0.02685202128299961,0.026854386193484403,0.026856793612069087,0.026859239175102283,0.026861718412993278,0.02686422675253496,0.02686675951938236,0.026869311941356867,0.02687187915262206,0.02687445619876104,0.026877038042772475,0.026879619546925027,0.026882195426421833,0.026884760338072838,0.026887308889995135,0.026889835653549507,0.0268923351768765,0.026894802005675757,0.026897230702926565,0.026899615862682146,0.02690195211804642,0.026904234167043975,0.026906456766438012,0.02690861473461703,0.026910702997267135,0.026912716508939453,0.02691465028141847,0.0269164993937937,0.0269182590357558,0.026919924518998113,0.026921491287697986,0.026922954928636597,0.026924311180940068,0.02692555594542244,0.026926685293517515,0.026927695451618314,0.0269285827511708,0.026929343719117416,0.026929975085573928,0.02693047380121511,0.02693083702752623,0.02693106214948813,0.02693114676315281,0.026931088722305044,0.02693088618260078,0.026930537550490703,0.02693004145931394,0.02692939674459693,0.02692860246057935,0.02692765778352284,0.026926562018406004,0.02692531458817406,0.026923915051956213,0.02692236309295385,0.02692065850637618,0.026918801188308583,0.026916791125729856,0.02691462838783304,0.0269123131188018,0.026909845509237963,0.026907225734107,0.02690445403078845,0.026901530699421236,0.026898456113439558,0.026895230709552912,0.026891855006020062,0.026888329616393702,0.026884655249516505,0.026880832702623196,0.026876862878258564,0.026872746780843573,0.026868485566309427,0.02686408050182471,0.0268595328758667,0.02685484401900309,0.026850015307947204,0.0268450481914784,0.026839944187642805,0.02683470487966588,0.02682933191168342,0.026823826984585943,0.0268181918521616,0.026812428317687802,0.02680653821056689,0.02680052332115405,0.026794385483460532,0.026788126575270493,0.026781748528853195,0.026775253319753653,0.02676864298388346,0.026761919627217183,0.0267550854288078,0.026748142640220518,0.026741093598996398,0.026733940751156995,0.02672668665118946,0.026719333949914523,0.02671188533143685,0.0267043435334977,0.026696711361481926,0.02668899172388046,0.02668118763903179,0.02667330224093346,0.026665338784618665,0.02665730065103144,0.026649191351337687,0.026641014530610234,0.02663277395663677,0.0266244734588351,0.026616117009781413,0.02660770872475556,0.02659925292476654,0.026590754030883356,0.026582216613418315,0.026573645391043812,0.02656504523896789,0.026556421177793405,0.026547778401066358,0.02653912220879663,0.026530458019874664,0.026521791367813748,0.026513127887035293,0.026504473274294296,0.026495833287148777,0.026487213759039806,0.026478620590846158,0.02647005974163103,0.026461537219052932,0.026453059069475243,0.026444631367815156,0.026436260207171308,0.02642795167038361,0.02641971175269294,0.026411546435245802,0.026403461675766682,0.02639546340962303,0.02638755752429622,0.026379749864925823,0.026372046466512814,0.02636445308852866,0.026356975407867467,0.026349618973837655,0.026342389285816028,0.026335291728831495,0.026328331573750054,0.026321513936322864,0.026314843755746956,0.026308325792633022,0.02630196463828282,0.026295764705805025,0.02628973022107251,0.026283865213894423,0.026278173509433587,0.026272658719902992,0.02626732423658188,0.026262173205816617,0.026257208452561204,0.026252432558690055,0.026247847858514105,0.02624345644223646,0.026239260141092235,0.02623526053727748,0.026231458970747804,0.02622785653294157,0.026224454062803177,0.026221252154515283,0.02621825114681077,0.026215451109995902,0.026212851873731877,0.02621045295318402,0.026208253550672175,0.026206252572339044,0.02620444865723965,0.026202840182038733,0.026201425265921792,0.026200201776170357,0.026199167334375554,0.026198319323272993,0.02619765489416182,0.026197170960460845,0.026196864180717688,0.026196731001808905,0.026196767672106387,0.026196970187774598,0.026197334422398466,0.026197856092565693,0.026198530805803158,0.026199354020072105,0.026200321074451017,0.02620142728271205,0.02620266778630653,0.026204037636284865,0.026205531795977715,0.026207145170289995,0.026208872564941345,0.02621070871192916,0.02621264830261894,0.026214685999379317,0.026216816446586445,0.02621903428134765,0.02622133414391181,0.026223710687729128,0.02622615858913023,0.02622867254386803,0.026231247206817025,0.02623387728087991,0.026236557523208498,0.0262392827609747,0.02624204789736837,0.026244847922871517,0.02624767794047901,0.026250533159430555,0.026253408899419798,0.02625630059388481,0.026259203809349936,0.02626211422563444,0.026265027666234363,0.026267939993504387,0.026270847114672594,0.02627374499683475,0.026276629683886936,0.0262794972891562,0.0262823439865709,0.02628516600098498,0.02628795959785508,0.026290721072480094,0.026293446739018303,0.026296132907402008,0.026298775803503517,0.026301371637577807,0.026303916593800256,0.026306406836304037,0.026308838488669103,0.026311207636447845,0.0263135103400282,0.026315742619680487,0.02631790045185906,0.026319979805635982,0.026321976577615674,0.026323886613159125,0.026325705739374827,0.026327429670176566,0.02632905402446566,0.026330574351796303,0.026331986158125743,0.02633328491428845,0.026334466065217877,0.026335525040176624,0.026336457263905384,0.026337258168593405,0.026337923206568806,0.026338447855977335,0.02633882756564229,0.02633905784532386,0.026339134278264238,0.02633905256757221,0.02633880850827848,0.026338398023443056,0.02633781724497536,0.026337062422805296,0.026336129982882026,0.026335016503424524,0.026333718822442738,0.026332233995330363,0.026330559315662323,0.026328692285941983,0.026326630600555102,0.0263243721804107,0.026321915201818123,0.026319258104793783,0.02631639960005265,0.026313338675034565,0.026310074598956765,0.026306606926889263,0.026302935502855385,0.026299060454297123,0.026294982158065125,0.026290701279815434,0.026286218775328992,0.02628153586975067,0.02627665409552916,0.026271575274456418,0.026266301484701732,0.02626083512327943,0.026255178863648972,0.02624933575040447,0.026243308980587656,0.02623710198883642,0.026230718448084347,0.026224162221462094,0.026217437344115715,0.026210548024926023,0.02620349864315739,0.026196293735814842,0.026188937984929182,0.026181436205039932,0.0261737933309564,0.026166014405859906,0.02615810456979651,0.026150069040040413,0.02614191302184861,0.0261336417821117,0.0261252606401709,0.02611677496916853,0.02610819018278753,0.02609951173283296,0.026090745121493904,0.02608189587880503,0.026072969554946576,0.0260639717139725,0.02605490793775832,0.026045783799160383,0.026036604884765724,0.02602737668254605,0.026018104578752504,0.02600879388341228,0.025999449841045272,0.025990077624404608,0.025980682328436457,0.02597126896482828,0.025961842457181455,0.02595240763683498,0.025942969239358283,0.025933531894521612,0.025924100045210206,0.02591467802825262,0.025905270074008103,0.025895880320179802,0.025886512796293344,0.025877171430317175,0.025867860093285594,0.025858582525781253,0.025849342357844765,0.025840143193513264,0.02583098842646365,0.02582188130981909,0.025812825002061914,0.025803822403382984,0.025794876221042127,0.02578598897606514,0.025777163002581413,0.02576840044278079,0.02575970324290063,0.025751073150469147,0.025742511712898628,0.02573402027749389,0.025725599992913743,0.02571725180935018,0.025708976444857257,0.02570077442986564,0.025692646114640255,0.02568459154192983,0.02567661069518526,0.025668703411327543,0.025660869361390705,0.02565310810053642,0.0256454190462627,0.025637801502844577,0.02563025468032026,0.025622777759448004,0.02561536979104825,0.025608029622758356,0.025600755912229576,0.025593547169979778,0.025586401777711067,0.025579317992879772,0.02557229395325909,0.025565327680891196,0.025558417083871177,0.025551559954510736,0.02554475396183456,0.02553799663115135,0.025531285247656143,0.02552461688430503,0.025517988360413888,0.025511396250565446,0.02550483674298767,0.025498305647079736,0.02549179826923066,0.02548530949497346,0.025478833604715555,0.025472364231835208,0.025465894906226604,0.025459419400849066,0.02545293083407944,0.025446421667714388,0.025439883798654216,0.025433308700706304,0.025426687518504666,0.02542001113343023,0.025413270226606683,0.025406455342796876,0.02539955695451843,0.025392565453037304,0.0253854710701799,0.025378263736871153,0.0253709328629768,0.02536346711289984,0.025355854063548768,0.025348080018333875,0.025340129922147583,0.02533198734141215,0.025323634452682927,0.02531505186484749,0.025306218519595945,0.02529711170248074,0.025287707370008374,0.025277980322255915,0.02526790444354978,0.02525745304335672,0.025246599165755477,0.025235315993122627,0.025223577217567374,0.02521135739281882,0.02519863225528305,0.025185379038818765,0.02517157664335472,0.025157205810879383,0.025142249131633043,0.025126691005153846,0.025110517456839877,0.025093716200685512,0.025076276593606943,0.025058189868077348,0.025039449093859696,0.02502004917909262,0.024999986916794458,0.024979261028416442,0.02495787222572537,0.024935823321676445,0.02491311922337539,0.02488976702170478,0.024865776064476194,0.024841157934680825,0.024815926463268724,0.024790097789668068,0.024763690372571825,0.02473672497720921,0.024709224647477577,0.024681214663451717,0.024652722484858378,0.02462377768129131,0.02459441185008313,0.024564658521621215,0.024534552988797212,0.02450413225739846,0.024473434928782175,0.024442501051456438,0.02441137203522627,0.02438009049834998,0.024348700111015083,0.024317245502784836,0.024285772089942908,0.0242543259296088,0.02422295358814014,0.024191701978398535,0.024160618246509797,0.02412974952810797,0.0240991428158416,0.024068844870001233,0.02403890209467245,0.024009360411498547,0.023980265138074008,0.023951660871442005,0.02392359137700193,0.023896099483090308,0.023869226981457006,0.02384301453359118,0.023817501501508746,0.023792725942675022,0.023768724539983722,0.023745532540972572,0.023723183696612273,0.02370171021031602,0.023681142734214716,0.023661510263471033,0.0236428401240119,0.023625157966215907,0.02360848770550216,0.023592851511366923,0.023578269816094656,0.023564761231536904,0.02355234253709054,0.023541028727991152,0.023530833027819824,0.023521766900331427,0.023513840065375033,0.0235070605187328,0.02350143455561193,0.02349696679752552,0.023493660222299536,0.023491516196946702,0.023490534433098127,0.02349071309679925,0.023492048854167828,0.023494536920548748,0.02349817110429356,0.023502943856033017,0.023508846334366847,0.023515868439811884,0.023523998864851393,0.02353322519067004,0.023543533850896383,0.02355491021390572,0.023567338651776668,0.023580802524552084,0.02359528421130592,0.02361076521016494,0.023627226192078438,0.023644647050326664,0.023663006949503934,0.023682284373945896,0.0237024571755156,0.023723502620677406,0.02374539743678627,0.023768117857532564,0.023791639605331014,0.023815937988529226,0.02384098793667541,0.023866764063843537,0.023893240582317236,0.02392039166181012,0.02394819134863014,0.02397661350500168,0.02400563187321071,0.024035220024292422,0.024065351491136734,0.024095999769874452,0.024127138334623408,0.02415874073618624,0.02419078053750219,0.024223231388876436,0.02425606705742201,0.024289261452781815,0.02432278865139235,0.024356622919333448,0.024390738733766123,0.02442511080296241,0.024459714084941714,0.024494523804737604,0.024529515391833543,0.024564664561301713,0.024599947335910716,0.024635340112080156,0.024670819591321214,0.024706362825802245,0.024741947345446796,0.02477755095985339,0.024813151853870046,0.02484872859998523,0.02488426016339044,0.024919725899621922,0.02495510557218294,0.024990379303848814,0.025025527567561566,0.025060531227295457,0.025095371540850293,0.025130030161661092,0.02516448914052196,0.025198730927303358,0.02523273837273576,0.025266494730326806,0.025299983658471796,0.025333189222811955,0.02536609585645337,0.025398688397965864,0.02543095210041117,0.025462872616096047,0.025494436040714726,0.025525628904586744,0.02555643809367395,0.025586851031822486,0.02561685560414024,0.025646440189728587,0.025675593620972523,0.025704305204371013,0.02573256474466486,0.025760362485703223,0.02578768910399346,0.025814535763314057,0.02584089412203893,0.02586675633926807,0.025892115080623983,0.025916963523619718,0.0259412953625066,0.025965104812512185,0.025988386613383097,0.026011136032146547,0.026033348782000792,0.026055021089972905,0.02607614970995333,0.02609673192966279,0.026116765569312594,0.0261362489829625,0.026155181071496305,0.026173561270308246,0.026191389540844386,0.026208666370023156,0.026225392762639344,0.026241570218404658,0.02625720075440968,0.026272286768450493,0.026286831040477743,0.02630083677499593,0.026314307587064854,0.026327247486517644,0.026339660861577803,0.026351552461972582,0.026362927381644575,0.026373791041163313,0.026384149169935908,0.026394007788318262,0.026403373107033477,0.026412251573957317,0.026420649871584684,0.02642857490713826,0.026436033797610444,0.026443033857079433,0.026449582601060513,0.026455687716960618,0.02646135704893452,0.026466598588672622,0.026471420461899573,0.026475830899006816,0.02647983825359987,0.02648345085722807,0.02648667702543891,0.026489525096713287,0.02649200341832183,0.026494120331522146,0.026495884157217063,0.02649730318216025,0.02649838564579474,0.02649913972780585,0.026499573536463115,0.02649969509781617,0.026499512262660424,0.02649903276048335,0.026498264208852578,0.026497214116265124,0.026495889874869276,0.026494298761189528,0.026492447956471057,0.026490344523485716,0.026487995407498712,0.026485407443190837,0.02648258734949466,0.026479541716691504,0.026476277037965117,0.026472799578186962,0.026469115396486314,0.02646523039809378,0.026461150334259036,0.02645688080148311,0.026452427241140174,0.026447794939559646,0.026442989028644056,0.026438014487088417,0.02643287614226811,0.026427578672853,0.026422126532347646,0.026416524011526037,0.026410775262238728,0.026404884310721834,0.02639885506585711,0.02639269132975602,0.02638639682730802,0.026379975194685903,0.026373429988283285,0.026366764699219374,0.02635998275589951,0.02635308751750815,0.026346082311219356,0.026338970304090756,0.026331754536289137,0.026324437973759378,0.026317023511787576,0.026309513977502655,0.026301912132375597,0.026294220674807037,0.026286442242896082,0.0262785794174779,0.02627063472550779,0.02626261064385709,0.026254509525736273,0.026246333660006605,0.026238085297119854,0.02622976666278222,0.026221379966264436,0.02621292741166057,0.02620441123374613,0.026195833678052585,0.026187197016790432,0.026178503613104313,0.02616975582694001,0.02616095606345125,0.026152106801891045,0.026143210515486303,0.02613426968420965,0.026125286851609204,0.02611626463327578,0.02610720572385934,0.026098112903510412,0.026088989043676722,0.026079837112192715,0.02607066017761111,0.026061461412734452,0.026052244097314298,0.026043011586672687,0.026033767334913,0.026024514904682237,0.026015257916511065,0.026006000140000818,0.025996745455886,0.02598749787193457,0.02597826149106899,0.025969040525268893,0.02595983925209304,0.025950662052257715,0.025941513350168987,0.025932397592933736,0.025923319162993817,0.02591428233879536,0.02590529129450435,0.025896350060993653,0.025887462485756872,0.025878632193512167,0.02586986254841776,0.02586115661872195,0.025852517144561982,0.025843946509511023,0.0258354467163547,0.02582701929613809,0.02581866533883819,0.025810385506919928,0.025802180035181848,0.025794048738031,0.025785991016847656,0.02577800589024995,0.02577009199426194,0.025762247601515645,0.02575447065390862,0.025746758778188824,0.025739109305507584,0.0257315193328462,0.025723985619073686,0.025716504663589063,0.025709072781344582,0.025701686139295726,0.025694340792807822,0.025687032722491482,0.025679757871158882,0.02567251218060817,0.025665291627959493,0.025658092261281268,0.0256509102342714,0.02564374177173206,0.025636583242712663,0.025629431215650728,0.025622282495404033,0.02561513415091972,0.02560798354492356,0.025600828378378227,0.025593666695231623,0.025586496903891996,0.025579317804516968,0.025572128595001988,0.025564928875301346,0.025557718689002057,0.02555049839220924,0.025543268711456273,0.025536030780865457,0.025528786142469333,0.025521536743524954,0.025514284931554474,0.025507033447170684,0.025499785414759245,0.025492544331102204,0.025485314052039514,0.025478098777277077,0.02547090296823304,0.02546373136645036,0.025456588999461623,0.02544948116353249,0.025442413408702035,0.025435391517162034,0.025428421497515775,0.025421509548993106,0.02541466203643475,0.025407885475955686,0.025401186499410942,0.025394571821633873,0.0253880482460323,0.02538162249997,0.025375301266198032,0.025369091191180235,0.02536299886135028,0.025357030779445823,0.02535119334167642,0.025345492815814517,0.025339935320288196,0.025334526804347526,0.02532927302936571,0.025324179551326712,0.025319251655688702,0.02531449436813584,0.025309912462016273,0.0253055105559785,0.025301292924864355,0.025297263562883428,0.025293426018874337,0.02528978370563666,0.025286339749613227,0.02528309698332621,0.02528005795417005,0.02527722490692136,0.025274599803390033,0.025272184220084225,0.025269979385671226,0.02526798621374349,0.02526620530630227,0.02526463695744151,0.0252632811577692,0.025262137599480844,0.025261205682002904,0.02526048451812508,0.025259972940543173,0.025259669508738824,0.025259572468336874,0.025259679781670975,0.025259989157857623,0.02526049807770551,0.025261203782858933,0.025262103294297133,0.025263193450789,0.02526447087511012,0.02526593199663501,0.025267573063863034,0.025269390150015347,0.025271379151918003,0.02527353580895611,0.025275855633476493,0.025278333938208518,0.025280965868550796,0.025283746407637045,0.025286670380665538,0.0252897324591193,0.025292927164954335,0.025296248874835687,0.025299691824502216,0.025303250113337516,0.025306917709218654,0.025310688391372342,0.025314555783501672,0.02531851339187345,0.025322554619448386,0.02532667277459058,0.025330861078129634,0.0253351126628506,0.02533942058387545,0.025343777894035125,0.025348177630679543,0.025352612815042915,0.025357076455347856,0.025361561557652144,0.02536606099193571,0.025370567572860082,0.025375074100689784,0.025379573370472256,0.02538405817794727,0.025388521321381606,0.025392955642849123,0.025397354049517522,0.025401709476637016,0.025406014908422172,0.025410263394098822,0.025414448001971693,0.025418561854884822,0.02542259817526805,0.025426550287236362,0.025430411659608434,0.025434175899513828,0.02543783673442795,0.025441388087042983,0.02544482419087586,0.02544813950115395,0.025451328679709333,0.025454386600274062,0.025457308383929955,0.02546008927898393,0.025462724736256485,0.025465210445871553,0.025467542343613425,0.025469716615773817,0.02547172970323432,0.025473578304883775,0.025475259380452198,0.025476770152834862,0.025478108109975913,0.02547927100637321,0.025480256804787545,0.0254810636978251,0.025481690144199473,0.025482134872988133,0.025482396888546675,0.02548247546939624,0.02548237018655868,0.025482080823888288,0.025481606886187655,0.02548094474680159,0.025480090097687237,0.025479043241392375,0.025477805279453605,0.025476380152567535,0.025474773873096893,0.025472989279892583,0.02547102831464533,0.025468892832907045,0.025466584744444146,0.025464106078103753,0.025461458997544987,0.025458645797930685,0.025455668904698685,0.025452530871318168,0.025449234316465345,0.02544578194090948,0.025442176569206238,0.025438421151100836,0.025434518761359826,0.025430472588362254,0.025426285928625975,0.025421962260340353,0.025417505265831437,0.025412918713299374,0.02540820642976863,0.025403372255018125,0.02539842004391015,0.02539335350815044,0.025388176266849975,0.02538289185182794,0.02537750369060365,0.025372015092781103,0.025366429240505403,0.02536074918273561,0.025354977833497692,0.025349117969598142,0.02534317222875432,0.025337143104078027,0.025331032879277356,0.02532484363041941,0.025318577255346537,0.025312235455036036,0.025305819712289346,0.0252993312470278,0.025292770994172355,0.02528613955074109,0.025279437118716722,0.02527266350713428,0.02526581809131411,0.025258899795063287,0.025251907118853875,0.025244838029252637,0.025237690050466152,0.025230460328095557,0.02522314567812414,0.025215742644118164,0.025208247561809553,0.025200656629675397,0.025192965984117164,0.025185171777861854,0.02517727026025372,0.025169257858172582,0.025161131201733727,0.02515288721298199,0.02514452322513136,0.02513603703277803,0.025127426827121664,0.02511869080108945,0.025109825977841695,0.0251008308083919,0.025091707953799964,0.02508246093723108,0.02507309372687519,0.025063610642918354,0.025054016218822688,0.025044315416453144,0.025034513825070596,0.025024617697683976,0.02501463393394417,0.025004570052852778,0.02499443416126248,0.02498423492315161,0.02497398152866556,0.024963683658940743,0.024953351452193826,0.024942995469733668,0.0249326266086619,0.02492225607126117,0.024911895370761234,0.02490155627872137,0.0248912507847737,0.024880990997857205,0.024870789034145507,0.024860656920158052,0.02485060649813319,0.02484064927253301,0.02483079653541662,0.024821059253419656,0.024811447620452603,0.024801970957620528,0.024792637784289976,0.02478345581561305,0.024774431943991072,0.024765572232744223,0.02475688192353926,0.024748365456902753,0.02474002650459159,0.024731868012406122,0.02472389225195723,0.024716100879884767,0.024708494982400665,0.02470107514601645,0.024693841549864298,0.02468679396327537,0.02467993196108025,0.024673254941327646,0.02466676216285108,0.02466045289955279,0.024654326446238103,0.02464838215141135,0.024642619547840687,0.024637038335936064,0.024631638435902055,0.024626419900136563,0.024621383001380396,0.024616528266112273,0.02461185648585722,0.02460736872372289,0.02460306631704797,0.02459895087668676,0.024595024283425877,0.024591288681992268,0.02458774647307091,0.024584400303706434,0.024581253009168576,0.024578307599484657,0.02457556729458883,0.024573035554290603,0.024570715936898267,0.024568612054360887,0.02456672746675973,0.02456506560879488,0.024563629642720613,0.024562422318561435,0.02456144598310188,0.02456070242235261,0.024560192809814183,0.024559917521931433,0.024559876178486872,0.02456006763767585,0.024560489991043495,0.024561140573439055,0.0245620159857083,0.024563112129838183,0.024564424231950176,0.024565946857666946,0.0245676739234363,0.024569598706465204,0.02457171380789948,0.02457401116084443,0.024576482099397744,0.024579117401714277,0.024581907298513908,0.02458484151168206,0.02458790935231955,0.024591099685346833,0.024594401000887,0.024597801475808756,0.024601289082297403,0.02460485162341783,0.024608476829068766,0.02461215231806921,0.02461586575926259,0.024619604973728507,0.024623358023583217,0.024627113300319397,0.02463085961193309,0.024634586267865796,0.024638283160180637,0.024641940838807493,0.024645550553821866,0.02464910427113639,0.024652594629068682,0.02465601477695788,0.02465935831609073,0.024662619002580516,0.024665790550373934,0.02466886649742101,0.02467184014857068,0.02467470451930065,0.024677452288048834,0.024680075719683503,0.02468256719077299,0.024684919481278444,0.02468712517926942,0.024689176829209063,0.02469106719652107,0.024692789415962174,0.024694337112958566,0.024695704518109308,0.02469688657564982,0.024697879044912018,0.02469867859367602,0.024699282882479457,0.024699690639176274,0.02469990172325312,0.024699917137253974,0.02469973905758983,0.024699370921274923,0.02469881745236355,0.02469808468396137,0.024697179954823376,0.024696111925401897,0.0246948905506647,0.02469352704006774,0.024692033851686022,0.024690424639625914,0.024688714194650588,0.024686918406923743,0.024685054082631087,0.024683138963397497,0.02468119166928108,0.024679231626651085,0.02467727899273525,0.024675354577647707,0.024673479764480897,0.02467167642802602,0.024669966852665284,0.024668373649953362,0.024666919676381755,0.024665627911929153,0.024664521363799426,0.024663623042600565,0.024662955899024126,0.024662542742515826,0.02466240616958488,0.024662568501016748,0.024663051714486354,0.02466387738897883,0.024665066650802536,0.024666640133008115,0.024668617899712066,0.02467101938307006,0.024673863223065043,0.02467716731655545,0.024680948787241933,0.02468522395106417,0.024690008284602397,0.024695316394678583,0.024701161992716974,0.024707557872111385,0.02471451588849405,0.02472204694283999,0.024730160967304703,0.024738866875835718,0.024748172535668522,0.0247580848173208,0.02476860959343221,0.02477975174867496,0.024791515173749883,0.02480390278842685,0.02481691653884072,0.024830557386705907,0.024844825344842857,0.02485971947054495,0.024875237866017027,0.024891377703894362,0.024908135118146643,0.024925505306418037,0.024943482553937125,0.024962060250808566,0.024981230910451794,0.02500098618928664,0.02502131690763383,0.025042213071799158,0.025063663897312998,0.025085657833295517,0.025108182587916212,0.02513122511826032,0.02515477163417506,0.025178807686211984,0.025203318196435905,0.02522828750475287,0.02525369939299424,0.025279537138077304,0.02530578354009322,0.02533242093872291,0.025359431276519306,0.0253867961184484,0.025414496677003802,0.025442513860489204,0.025470828184070985,0.02549941989832727,0.025528269032490426,0.025557355430988193,0.02558665878985613,0.02561615869303242,0.025645834648441328,0.02567566612377098,0.025705632581857357,0.025735713515581606,0.02576588848219252,0.025796137101081446,0.025826439058298564,0.025856774201825302,0.025887122576875494,0.025917464467992243,0.02594778042269629,0.02597805130782136,0.02600825831852126,0.026038382992600997,0.026068407256241845,0.026098313448948668,0.02612808432595219,0.02615770308710633,0.026187153273416332,0.026216418875241267,0.026245484354689704,0.0262743346590583,0.026302955232454427,0.026331332025717042,0.026359451504650477,0.026387300656592675,0.026414866995355713,0.026442138564587107,0.026469103939608957,0.026495752194851813,0.0265220728715361,0.026548056038652165,0.026573692311360676,0.026598972827144345,0.0266238892467728,0.026648433773361728,0.02667259912888728,0.026696378535440636,0.02671976571633866,0.026742754908346225,0.02676534082378705,0.02678751864400178,0.02680928390085532,0.026830632547169938,0.0268515609518805,0.02687206588776781,0.026892144518853765,0.0269117943876322,0.026931013402195277,0.02694979982331423,0.026968152251535208,0.0269860696143462,0.02700355115347139,0.027020596388167544,0.027037205075629837,0.027053377249858738,0.027069113156565305,0.02708441334792612,0.0270992786295959,0.027113710039249696,0.02712770889080553,0.02714127672165136,0.02715441531389293,0.027167126666896583,0.02717941298037739,0.02719127665178886,0.02720272014836149,0.0272137460978128,0.027224357285089713,0.027234556645972366,0.02724434726091492,0.027253732349125263,0.027262715262866905,0.0272712994819577,0.027279488608446874,0.027287286361455963,0.027294696572176303,0.02730172314843612,0.02730837002924448,0.027314641250923363,0.02732054094460916,0.02732607334811964,0.02733124279469378,0.027336053773237598,0.02734051083597347,0.0273446186166439,0.027348381832190006,0.027351805313752368,0.027354893968813583,0.02735765278185755,0.027360086694755193,0.02736220070088357,0.027363999844353865,0.02736548921717103,0.027366673956416582,0.0273675592414429,0.027368150291068347,0.027368452360764548,0.027368470739828055,0.027368210748534717,0.02736767773527875,0.027366877045179587,0.027365813972513427,0.0273644938305728,0.027362921945177147,0.027361103677509598,0.02735904441042636,0.02735674956895789,0.027354224608908434,0.027351474998177562,0.02734850624922249,0.027345323889713443,0.027341933456525334,0.027338340490154323,0.027334550420639224,0.02733056866171326,0.027326400610190524,0.027322051643279183,0.027317527115836685,0.02731283235757766,0.027307972670234926,0.027302953324675534,0.027297779557979244,0.027292456570487126,0.027286989522834086,0.0272813835064054,0.027275643491468066,0.0272697743993429,0.02726378109870867,0.027257668423865327,0.027251441162982316,0.02724510407762899,0.027238661894314384,0.02723211928484355,0.027225480897201497,0.027218751328802783,0.02721193511835211,0.027205036741411566,0.027198060501790015,0.027191010623617076,0.02718389125155774,0.027176706449183328,0.027169460197443426,0.027162156393243965,0.027154798848143584,0.027147391287180814,0.0271399373478467,0.02713244057921956,0.027124904441277402,0.027117332280269083,0.027109727276212595,0.027102092518794904,0.027094431011318046,0.027086745683618532,0.027079039384048726,0.027071314909256808,0.027063574951689883,0.027055822135436093,0.027048059032086465,0.027040288188484536,0.02703251215064521,0.027024733343345996,0.02701695400632676,0.027009176292008927,0.027001402274173397,0.026993633951200944,0.02698587324828944,0.02697812201941034,0.026970382049212798,0.026962655054914852,0.02695494268818212,0.026947246537020506,0.026939568127671322,0.026931908906367485,0.02692427018987636,0.0269166532386028,0.02690905923012758,0.02690148932768613,0.02689394465574431,0.02688642631907941,0.02687893540360424,0.02687147296798193,0.02686404007204696,0.02685663775097321,0.026849267013581268,0.0268419288352852,0.026834624067773708,0.026827353527745998,0.026820118000568754,0.02681291824202967,0.02680575498001384,0.026798628916101068,0.026791540727083105,0.02678449106640152,0.0267774805655085,0.02677050983515397,0.026763579466603325,0.026756690016990037,0.026749841962744186,0.026743035763780718,0.02673627187094246,0.02672955073141234,0.02672287278730064,0.026716238459970836,0.026709648204555916,0.02670310245546706,0.02669660159999362,0.02669014610458482,0.026683736564313373,0.02667737349290327,0.026671057297540077,0.026664788369933738,0.026658567091876657,0.026652393836295186,0.026646268967520235,0.026640192841311056,0.02663416580477504,0.0266281881962259,0.026622260345001907,0.02661638257125971,0.0266105551857587,0.026604778471646075,0.026599052619513786,0.0265933778095451,0.026587754206944383,0.02658218198879462,0.026576661330795323,0.02657119241803882,0.026565775461593222,0.026560410695661167,0.026555098376210687,0.026549838760324587,0.026544632098689118,0.02653947861317279,0.026534378407265684,0.026529331538569706,0.026524338008881276,0.026519397751338204,0.02651451061669243,0.02650967635891119,0.026504894620435347,0.026500164916502325,0.026495486618518502,0.02649085893499709,0.02648628089033228,0.02648175128568304,0.02647726860492347,0.026472831075299047,0.02646843664706647,0.026464082982283824,0.026459767426780682,0.026455487009220895,0.026451238421367654,0.02644701798536406,0.026442821673085065,0.02643864507925907,0.026434483412021745,0.026430331475780368,0.026426183605606106,0.026422033759106643,0.026417875536552973,0.026413702204355374,0.026409506723397022,0.02640528178196491,0.026401019832955636,0.02639671313497641,0.026392353796702746,0.026387933823353256,0.026383445165219264,0.026378879748732303,0.02637422944608783,0.026369486193715142,0.026364642018934455,0.02635968908192975,0.02635461967976602,0.026349426277495785,0.026344101510219015,0.026338638175241312,0.026333029274192732,0.026327267995350952,0.026321347723763322,0.02631526203418759,0.02630900464483134,0.026302569512227904,0.026295950857337203,0.026289143192683894,0.026282141351832614,0.026274940520854825,0.026267536271394967,0.026259924594916422,0.02625210193768971,0.0262440652360791,0.02623581195168942,0.02622734009850722,0.026218648227222016,0.026209735513924196,0.026200601759576076,0.02619124748235692,0.026181673886215676,0.026171882780182856,0.02616187665513977,0.02615165855431756,0.026141232024276494,0.026130601060659887,0.02611977002609889,0.026108743567383155,0.026097526507575526,0.026086123871529136,0.026074540851819178,0.0260627827811673,0.02605085511280883,0.026038763408509295,0.026026513333756256,0.026014110659519068,0.026001561269873935,0.02598887117472914,0.025976046526849254,0.025963093633417204,0.02595001890266337,0.02593682895413743,0.025923530640120884,0.025910131096476347,0.025896637718207816,0.02588305813842916,0.025869400162169997,0.02585567168365395,0.02584188064886754,0.02582803495508664,0.025814142387498157,0.0258002105361644,0.02578624670158964,0.025772257925178153,0.025758250968147826,0.025744232300222675,0.025730208099106432,0.025716184260043004,0.025702166414574113,0.025688159957468547,0.025674170080717026,0.025660201813438876,0.02564626006653993,0.02563234967418891,0.025618475365489394,0.025604641902312483,0.025590854128727407,0.025577117047735923,0.02556343586255452,0.025549816044585345,0.02553626337565964,0.02552278397556214,0.025509384371688325,0.025496071507744144,0.025482852770941353,0.02546973598563571,0.025456729389898146,0.025443841711300794,0.025431082177482967,0.025418460519883484,0.02540598697208377,0.025393672262884644,0.02538152760429437,0.02536956467465399,0.025357795597167963,0.025346232914143865,0.025334889557275083,0.0253237788095824,0.02531291418659312,0.02530230948360167,0.025291978730880422,0.025281936173648573,0.025272196217122296,0.02526277339976409,0.02525368233900913,0.02524493766904907,0.025236554023071348,0.025228545957726816,0.025220927903330206,0.02521371408259005,0.025206918427827928,0.02520055459384287,0.025194635916098874,0.025189175369284958,0.025184185527730746,0.025179678527822182,0.025175666032532424,0.0251721591981636,0.025169168643374006,0.025166704420543144,0.025164775989507546,0.025163392190919343,0.02516256113785588,0.02516229028571355,0.025162586413633718,0.02516345563202362,0.025164903361591526,0.025166934343383872,0.02516955262405046,0.025172761535880064,0.025176563723889833,0.02518096111451344,0.025185954913639706,0.025191545569704942,0.025197732744780654,0.025204515373126006,0.025211891667340534,0.025219859124453015,0.02522841453313608,0.025237553981987283,0.025247272868823414,0.025257565910944767,0.025268427156334344,0.02527984999576307,0.025291827175775963,0.025304350811797882,0.02531741231218252,0.025331002484047016,0.025345111549118993,0.025359729176853925,0.025374844457539947,0.025390445670257368,0.025406520444329166,0.025423056502706064,0.025440041227935167,0.02545746163734239,0.02547530436992417,0.025493555413609894,0.02551220023432668,0.025531223891670226,0.02555061106763186,0.025570346084463673,0.02559041291993682,0.025610795197439345
6.25,1.0013592213090272,1.0026444335216362,1.0038597438904324,1.005008959433666,1.0060956111835164,1.007122976186865,1.0080940974534187,1.0090118021031476,1.0098787178823372,1.0106972882179985,1.0114697859528339,1.0121983258963412,1.0128848763035971,1.0135312693875511,1.0141392109527858,1.0147102892330482,1.0152459830047238,1.0157476690409393,1.0162166289641876,1.0166540555494128,1.0170610585218387,1.0174386698966973,1.017787848897427,1.018109486483465,1.0184044095316276,1.018673384666972,1.0189171218033273,1.019136277128469,1.0193314510470024,1.0195031858535346,1.0196519219173608,1.0197777973673157,1.0198811236811547,1.0199621541682802,1.0200210001887804,1.0200587239710073,1.0200758706018513,1.0200727554396516,1.0200496106286996,1.020006625876579,1.0199439594357267,1.019861741536214,1.019760075866349,1.0196390405016553,1.0194986886297572,1.0193390491726992,1.0191601273354396,1.018961905076307,1.0187443415240904,1.0185073732063616,1.0182509105050868,1.0179747833715245,1.0176783677334242,1.0173608713307585,1.0170210421549288,1.0166569193529271,1.0162670728400724,1.0158500716674435,1.015404349158319,1.0149363955636268,1.014447869069605,1.0139388790494568,1.013409130750591,1.0128582156933965,1.0122856840088041,1.0116910623934146,1.0110738585192867,1.0104335620931548,1.0097696450995293,1.009081561888245,1.0083687492767022,1.0076306266700041,1.0068665962392234,1.0060760423134676,1.0052583243091469,1.0044127262328753,1.0035382349569282,1.0026340358038246,1.0016993055178687,1.0007331484549882,0.9997355142688346,0.9987059361624038,0.9976437374003571,0.9965481719153217,0.995418468667817,0.9942538439756831,0.9930535053812416,0.9918166534514276,0.990542483102935,0.9892301848475207,0.9878789460533564,0.9864879522436015,0.9850563884070307,0.9835834403679825,0.9820682962234986,0.9805101477663882,0.9789081919616404,0.9772616324271605,0.9755696809222082,0.9738315588939911,0.9720464989536809,0.9702137463837983,0.9683325606653642,0.9664022169801813,0.9644220076707255,0.9623912437344402,0.9603092562024803,0.9581753975711617,0.9559890431573329,0.9537495924765976,0.951456470550325,0.9491091291699719,0.9467070481155792,0.9442497363251807,0.9417367330123712,0.9391676087293571,0.9365419663220376,0.9338594418738809,0.9311197056414908,0.9283224628552613,0.9254674546144293,0.9225544584003846,0.9195832887702926,0.9165537978409658,0.9134658758252312,0.9103194496291588,0.9071144693204838,0.9038508350171696,0.900528690462067,0.8971481524602971,0.8937093541371889,0.8902124624087323,0.8866576823549916,0.8830452582334865,0.8793754732265322,0.875648608466296,0.871863762736233,0.8680206661593942,0.8641191161246186,0.86015878799476,0.8561411390796065,0.85206773321219,0.8479399494132045,0.8437592804994937,0.8395267566341615,0.8352431799639352,0.8309092392480184,0.8265255901095477,0.8220928523627922,0.8176118501394978,0.8130834562744786,0.8085085605751425,0.8038881354803921,0.7992231246954403,0.7945144651581905,0.7897631065598777,0.7849700186057119,0.7801361930911138,0.7752626435338026,0.7703504042046203,0.7654005290073527,0.7604140903274059,0.7553921778669211,0.7503358974861519,0.7452463699513925,0.7401247298221098,0.7349721243729866,0.7297897124416881,0.7245786636319778,0.7193401567538801,0.7140753789223663,0.7087855243714933,0.7034717937179017,0.6981353927478794,0.6927775312084813,0.6873994223522237,0.6820022816463812,0.6765873258937443,0.6711557721858046,0.6657088370290336,0.660247735388715,0.654773679946968,0.649287880277163,0.6437915420428905,0.63828586622179,0.6327720483543468,0.6272512778177173,0.621724737124579,0.616193601119103,0.6106590356616819,0.6051221406791651,0.5995837905170065,0.5940441019532552,0.5885012836008574,0.5829556612063296,0.5774078032073745,0.571857927193039,0.5663018081165982,0.5607318276395031,0.5551378479849656,0.5495382179370297,0.5439455555199901,0.5383664758284439,0.5328033998751444,0.5272575884446351,0.5217299376546248,0.5162216240778446,0.5107337349693403,0.5052672197319283,0.4998232214935284,0.494402489477331,0.4890056619743119,0.4836333463667327,0.4782861383874479,0.47296462649232607,0.4676693923308002,0.46240101031612735,0.4571600473362948,0.4519470621273493,0.4467626048873039,0.44160721653936313,0.43648142830811854,0.43138576136624524,0.4263207263629419,0.4212868229792188,0.4162845397391855,0.41131435329717775,0.40637672830903954,0.4014721170737586,0.39660095937752793,0.39176368225489516,0.3869606997709956,0.38219241282426,0.3774592089689022,0.3727614622565227,0.3680995330961422,0.3634737679946638,0.35888449949475476,0.3543320461916311,0.34981671261747177,0.34533878970553894,0.3408985539331795,0.33649626762729096,0.3321321792966853,0.3278065230326253,0.3235195187792686,0.3192713723710083,0.31506227560517,0.31089240625501513,0.3067619281640043,0.30267099126241365,0.29861973167801054,0.2946082718117966,0.29063672048118483,0.28670517303973375,0.28281371150648005,0.2789624047045705,0.2751513084088154,0.271380465501788,0.2676499061380862,0.2639596478687893,0.26030969587352076,0.256700043131645,0.2531306706182876,0.24960154755258843,0.24611263154435933,0.24266386882370491,0.23925519410773616,0.23588653155250688,0.2325577945964817,0.2292688862776093,0.2260196993576371,0.22281011657458333,0.21964001096121882,0.21650924590363352,0.21341767547957283,0.2103651446803717,0.20735148969306988,0.20437653814910986,0.2014401093738746,0.19854201463685517,0.19568205740215486,0.19286003357904463,0.1900757317722967,0.1873289334986124,0.18461941341380206,0.18194693963288974,0.17931127395066251,0.1767121721917432,0.17414938430478707,0.17162265466074697,0.169131722256727,0.1666763210629675,0.16425618018287363,0.1618710239928126,0.1595205726204038,0.1572045420126906,0.15492264422911842,0.15267458750087873,0.15046007653116664,0.1482788126874085,0.1461304942427548,0.14401481658259144,0.1419314724071682,0.13988015193039435,0.13786054307472867,0.13587233166210377,0.13391520160082976,0.1319888350212736,0.1300929124201047,0.12822711294159353,0.12639111450953702,0.12458459398829763,0.12280722741307781,0.12105869010287494,0.1193386569767201,0.11764680245430303,0.11598280068238723,0.11434632564686299,0.11273705144181512,0.11115465229692291,0.10959880274152205,0.10806917765752651,0.10656545242196085,0.1050873029858413,0.10363440604195646,0.10220643913425183,0.10080308076310038,0.09942401048683709,0.09806890901961778,0.09673745832566998,0.09542934170999762,0.09414424385588503,0.09288185090695839,0.09164185061105633,0.09042393237369015,0.08922778736478126,0.08805310858043813,0.08689959090240236,0.08576693122971706,0.08465482845523022,0.08356298355602719,0.08249109968400647,0.08143888217474804,0.08040603858952294,0.07939227882790116,0.07839731502427241,0.07742086167888328,0.07646263567659058,0.075522356349062,0.07459974554119433,0.07369452760506444,0.07280642944283179,0.07193518054090374,0.07108051299946935,0.07024216155938497,0.06941986358994168,0.06861335910930737,0.06782239085318725,0.06704670427638602,0.06628604758697464,0.0655401717693621,0.06480883058535895,0.06409178058924936,0.06338877995119727,0.06269958969057503,0.06202397311618011,0.06136169554982942,0.06071253264417462,0.06007626004505069,0.05945265469129942,0.05884149588942712,0.0582425656313248,0.05765564871389493,0.05708053275853396,0.05651700821247649,0.05596486834488068,0.05542390924077105,0.05489392979362876,0.054374731696834225,0.05386611940497455,0.05336790014062904,0.05287988389257299,0.05240188339848005,0.051933714179551366,0.05147519445985191,0.051026145178700036,0.05058638990384202,0.050155754970484995,0.04973406937466921,0.049321164748200814,0.04891687538688909,0.04852103818741428,0.04813349264834926,0.047754080802386044,0.04738264721073888,0.047019038920993246,0.046663105470748936,0.046314698864127056,0.04597367354744963,0.04563988638446034,0.04531319663111374,0.04499346590996126,0.04468055818415899,0.044374339706305874,0.04407467898852575,0.04378144680787219,0.04349451616712831,0.04321376228166408,0.042939062551490124,0.042670296527046896,0.04240734591535939,0.04215009451698712,0.04189842819685155,0.04165223488772539,0.04141140452673872,0.041175829028063674,0.040945402276066085,0.04072002004782293,0.040499580003984396,0.040283981645473574,0.04007312630287338,0.039866917107097305,0.039665258959811336,0.03946805850392658,0.03927522409420328,0.03908666576800826,0.038902295216270096,0.038722025747616226,0.038545772262919276,0.03837345123034253,0.038204980642267454,0.0380402797059266,0.03787926585135526,0.03772184075909905,0.0375678391734599,0.037416928255032275,0.03726925624757699,0.03712487255892453,0.03698374992025117,0.036845833662320165,0.036711058853450794,0.036579358311312024,0.036450665220105656,0.036324913813505236,0.03620203954388658,0.03608197910472845,0.03596467041985047,0.035850052624986355,0.03573806604796,0.03562865218900211,0.035521753701569646,0.035417314355425916,0.03531527901141576,0.035215593633150855,0.035118205259606045,0.03502306200379639,0.03493011303035903,0.03483930853772039,0.03475059978260115,0.034663938849880296,0.034579278677360575,0.034496572579053975,0.034415772959235445,0.0343368370822791,0.03425972331464615,0.03418439055631985,0.034110798722156464,0.034038907919083254,0.03396867888432172,0.03390007315987852,0.03383305313215374,0.03376758203316137,0.03370362393212945,0.033641143724796305,0.0335801071222114,0.03352048062011604,0.03346223148380076,0.03340532776244151,0.033349738268783,0.03329543257956694,0.03324238102445898,0.03319055467000827,0.03313992533477253,0.033090465554412564,0.03304214856788227,0.03299494831784999,0.03294883944353604,0.03290379725351435,0.032859797728674256,0.03281681748067612,0.032774833748838834,0.032733824373020075,0.032693767801388704,0.03265464307825306,0.032616429831340464,0.03257910825888752,0.032542659116543,0.032507063704087756,0.032472303851979016,0.03243836188755455,0.03240522061609975,0.032372863334583404,0.03234127381550511,0.03231043629889205,0.032280335469390596,0.03225095644995664,0.032222284792088766,0.03219430645986266,0.032167007814860114,0.03214037560426072,0.032114396938805544,0.03208905925201191,0.032064350232696846,0.032040257665088515,0.03201677035990621,0.0319938771079779,0.0319715668936803,0.03194982894257454,0.031928652723031206,0.03190802793638294,0.03188794450169794,0.03186839250745022,0.031849361939605976,0.031830842335559,0.0318128213549062,0.03179528148126485,0.03177820092047357,0.03176154985909057,0.03174528845016487,0.031729434078445584,0.031714003398876,0.03169900416338853,0.03168443511103797,0.031670291932201694,0.03165656920344833,0.03164326220239277,0.031630364717529225,0.031617869361455254,0.03160576821919347,0.03159405304920299,0.031582715552243915,0.03157174743915764,0.0315611404403867,0.031550886300986014,0.03154097677226116,0.03153140360290814,0.03152215853047108,0.03151323325478553,0.03150461942408182,0.03149630865640835,0.03148829253226418,0.03148056259520498,0.03147311034058752,0.03146592713823581,0.031459003069209145,0.03145232071914691,0.031445873494722734,0.031439656007314326,0.03143366203634921,0.031427885441021736,0.031422318184709516,0.03141695163649948,0.03141177702497863,0.031406785548815784,0.031401968426778774,0.03139731691854012,0.03139282234123486,0.031388476085570105,0.0313842696322966,0.0313801945691517,0.03137624260820731,0.031372405584826096,0.03136867547043452,0.0313650444155786,0.03136150476628444,0.03135804910111007,0.03135467021638968,0.03135136116011355,0.03134811525855388,0.031344926118766075,0.03134178764848383,0.03133869408581677,0.031335639984027185,0.031332620232195386,0.03132963007649932,0.03132666510521911,0.031323721266347124,0.031320794865342616,0.03131788258620836,0.031314981497350486,0.03131208905596239,0.031309203111187844,0.03130632190606257,0.03130344407823978,0.03130056865951031,0.03129769506614867,0.03129482309072353,0.0312919529129852,0.03128908509333024,0.03128622052234022,0.031283360492005294,0.03128050665832383,0.03127766101551624,0.03127482592245244,0.03127200407449112,0.031269198493376595,0.03126641251502708,0.031263649770280774,0.03126091417850742,0.03125820991409705,0.03125554139536089,0.03125291325689272,0.03125033035146893,0.03124779773443738,0.031245320647485062,0.03124290450215722,0.031240554863175795,0.031238277431603116,0.0312360780278949,0.031233962556690035,0.031231936982535218,0.031230007339962954,0.0312281797148736,0.03122646023208325,0.03122485503279028,0.031223370264537833,0.031222012095158975,0.03122078664492333,0.031219699992618092,0.031218758177603778,0.03121796715171034,0.031217332774236432,0.03121686081602502,0.031216556897315166,0.03121642649584547,0.03121647492577926,0.031216707335218686,0.031217128693442567,0.031217743778399403,0.03121855716467565,0.03121957321196348,0.031220796054045936,0.0312222295883186,0.031223877447592464,0.031225742986540926,0.031227829295943067,0.031230139194035767,0.031232675240495684,0.031235439694000833,0.031238434524384403,0.031241661471731113,0.031245121912719106,0.031248816934150766,0.03125274731913501,0.03125691353826933,0.03126131574687693,0.031265953794947995,0.03127082719750775,0.031275935148310736,0.031281276515456216,0.031286849850822876,0.031292653392395384,0.03129868506711917,0.03130494249441437,0.03131142299033208,0.03131812357233065,0.03132504096464542,0.03133217158947567,0.03133951157640327,0.031347056779522826,0.03135480278648865,0.03136274491980774,0.03137087825810219,0.03137919764254262,0.03138769770376189,0.03139637284157703,0.03140521724706705,0.03141422491276983,0.0314233896454357,0.03143270507002742,0.03144216464700187,0.03145176166422552,0.03146148925202849,0.03147134038514729,0.03148130790601001,0.03149138453550781,0.03150156288351963,0.03151183545940018,0.031522194682412595,0.03153263289209016,0.031543142358508455,0.031553715275185974,0.0315643437585436,0.03157501988749932,0.031585735711420634,0.031596483264354006,0.0316072545686301,0.03161804165098728,0.03162883655523798,0.03163963135185363,0.03165041814527566,0.03166118908595434,0.03167193637636045,0.03168265227295254,0.0316933291062319,0.03170395925693262,0.0317145351723856,0.031725049361409054,0.031735494420273236,0.03174586303981532,0.03175614801195524,0.031766342235948354,0.03177643872436761,0.03178643060881866,0.031796311145380535,0.031806073701696976,0.03181571175558648,0.031825218924296954,0.031834588968567286,0.031843815800060134,0.03185289348158291,0.03186181623652489,0.03187057846006973,0.03187917471454115,0.031887599734763884,0.0318958484409272,0.031903915924736376,0.03191179745306361,0.031919488478487024,0.031926984619816384,0.03193428166723618,0.03194137557242404,0.03194826246870348,0.03195493867305826,0.0319614006877293,0.03196764520172771,0.03197366909226837,0.03197946942612711,0.031985043460922034,0.03199038862893819,0.031995502526497493,0.03200038294572616,0.03200502787396025,0.03200943549962434,0.03201360420654172,0.032017532581815514,0.03202121942068822,0.03202466372630815,0.03202786470905188,0.03203082179036089,0.0320335345998797,0.03203600296897641,0.032038226944373596,0.032040206750954654,0.03204194280216317,0.03204343568762669,0.032044686190394696,0.03204569528575928,0.03204646413950335,0.032046994105905995,0.03204728672549317,0.032047343722531534,0.03204716700226326,0.03204675863148114,0.032046120824282424,0.032045255967081916,0.03204416661365259,0.03204285548407399,0.03204132545745114,0.03203957957301805,0.032037621022582764,0.03203545315819368,0.03203307948015208,0.032030503634450994,0.03202772940546855,0.03202476070347184,0.03202160157372203,0.03201825615107688,0.032014728666447924,0.03201102342989611,0.03200714484166889,0.03200309738567996,0.031998885622513094,0.031994514182264934,0.03198998775723378,0.03198531109445882,0.031980488988114876,0.031975526255521025,0.031970427715646954,0.03196519821266219,0.03195984260635505,0.03195436576908229,0.031948772571006846,0.03194306787899697,0.03193725663168457,0.031931343574059454,0.031925333529808836,0.0319192312636477,0.03191304154763052,0.031906769123176984,0.031900418642791036,0.03189399466658037,0.03188750166403535,0.03188094399959999,0.03187432594407318,0.031867651668883744,0.03186092524030645,0.03185415061403362,0.03184733163013974,0.031840472008465286,0.03183357534442939,0.03182664509029463,0.03181968453653778,0.031812696841227506,0.03180568502584762,0.03179865197700282,0.031791600440769376,0.03178453302777425,0.03177745226079238,0.031770360488771694,0.031763259924679266,0.031756152647688406,0.03174904060608235,0.03174192561176304,0.03173480935041175,0.031727693361084795,0.03172057904268415,0.031713467648615684,0.03170636030451785,0.03169925801179076,0.031692161651118635,0.03168507198622763,0.03167798966786409,0.03167091523797028,0.03166384913403733,0.031656791678305166,0.03164974306786452,0.03164270341058814,0.03163567272882553,0.03162865097749226,0.031621638028419545,0.03161463368821763,0.03160763774294728,0.03160064989092737,0.03159366978330781,0.03158669703785051,0.03157973121045183,0.03157277185406583,0.03156581848997396,0.031558870582331186,0.03155192756309347,0.031544988832554306,0.031538053774022745,0.03153112175853481,0.03152419214923197,0.031517264305607334,0.031510337587607164,0.03150341135958255,0.03149648499408119,0.03148955786050539,0.031482629312430205,0.031475698723335256,0.03146876548843053,0.0314618290318476,0.03145488880411802,0.03144794429115054,0.031440995024325014,0.03143404057523603,0.03142708055947841,0.03142011466091254,0.031413142589739734,0.03140616409791376,0.0313991789924884,0.031392187104107724,0.031385188295819044,0.0313781824558923,0.0313711695124709,0.03136414943332281,0.03135712222506568,0.03135008793214017,0.03134304663553775,0.03133599845129068,0.03132894352873321,0.03132188203395951,0.03131481413229056,0.031307740016756506,0.031300659904830753,0.03129357403965119,0.031286482682601834,0.03127938611534442,0.03127228464963797,0.03126517855763641,0.031258068190106895,0.031250953890636396,0.03124383602526559,0.031236714998944128,0.031229591198123786,0.03122246497206258,0.03121533664495908,0.031208206506742886,0.031201074827590516,0.031193941855536603,0.031186807813856257,0.031179672898598545,0.031172537276301853,0.031165401081910033,0.031158264416904703,0.031151127333415102,0.03114398981516748,0.03113685180933146,0.031129713224707638,0.03112257393580938,0.03111543377676516,0.03110829254814845,0.03110115002141473,0.03109400593873867,0.03108686001255525,0.03107971192986926,0.031072561350474644,0.031065407901591464,0.03105825119395277,0.031051090783736766,0.031043926184626883,0.031036756862628478,0.03102958225389587,0.03102240176676167,0.031015214783608806,0.031008020662891538,0.031000818741317524,0.030993608336200785,0.030986388747995107,0.030979159248951452,0.030971919069389297,0.03096466743199745,0.030957403554844654,0.030950126659296986,0.03094283596854099,0.030935530718176812,0.030928210201844032,0.03092087370291641,0.0309135205306192,0.030906150049554257,0.03089876163702109,0.03089135470571142,0.030883928716303747,0.030876483163073024,0.030869017580790692,0.030861531545174563,0.030854024689790566,0.030846496711150976,0.03083894737348422,0.030831376513365528,0.030823784044172416,0.030816169960336426,0.030808534341361864,0.030800877342744146,0.030793199180111752,0.030785500165522874,0.03077778070953746,0.030770041328479793,0.030762282640743783,0.03075450537547619,0.030746710407285452,0.030738898700524882,0.030731071334456746,0.030723229495530666,0.03071537449946499,0.03070750777307048,0.030699630863225642,0.03069174540899075,0.03068385314293835,0.030675955884140776,0.030668055551281694,0.030660154160421692,0.030652253822161555,0.030644356738500186,0.03063646519939584,0.030628581579043416,0.03062070833188211,0.030612847975563406,0.03060500306799204,0.030597176234208295,0.030589370161305827,0.0305815875970262,0.030573831340527536,0.030566104243078943,0.030558409233492106,0.030550749260205633,0.03054312730805733,0.03053554642395159,0.030528009649726615,0.030520520041024374,0.030513080663565322,0.03050569458275803,0.030498364849209536,0.030491094489109898,0.030483886512122506,0.030476743906337884,0.030469669633126834,0.03046266662215386,0.030455737766569985,0.030448885918392628,0.03044211388408544,0.030435424408036506,0.030428820148858133,0.03042230370789005,0.03041587762555235,0.03040954438301552,0.030403306392928153,0.030397166003584844,0.030391125527279794,0.030385187185640664,0.030379353129927664,0.03037362548589689,0.03036800625814772,0.030362497369777586,0.030357100669309557,0.03035181790996818,0.030346650751511453,0.03034160075728487,0.030336669402898905,0.03033185807596332,0.030327168075783163,0.03032260061318105,0.0303181568104296,0.030313837701283236,0.030309644231098384,0.03030557724587188,0.030301637472348084,0.030297825549884222,0.03029414203072948,0.030290587425608025,0.030287162127912833,0.030283866448749402,0.03028070062583816,0.030277664814287328,0.03027475909073599,0.030271983409522533,0.030269337700688233,0.0302668218159784,0.030264435541425716,0.0302621785632874,0.030260050474938394,0.030258050774805197,0.030256178880420297,0.030254434128907565,0.030252815777110347,0.03025132300161218,0.030249954898646927,0.030248710483897868,0.030247588692189055,0.030246588366037063,0.030245708232003825,0.030244946934627256,0.03024430303556039,0.03024377501704671,0.030243361276497786,0.030243060132232363,0.030242869826320618,0.03024278852463122,0.03024281431450646,0.030242945207603615,0.03024317913629593,0.030243513946614942,0.030243947411396126,0.03024447719216454,0.030245100845010288,0.03024581581813712,0.03024661946528785,0.030247509045381284,0.030248481722004738,0.030249534563057838,0.03025066454058311,0.030251868530818262,0.030253143314505796,0.03025448556690795,0.030255891835763535,0.030257358576054858,0.030258882151805767,0.03026045883890901,0.03026208482879703,0.03026375623540261,0.030265469101976812,0.03026721940574178,0.03026900306042689,0.030270815926702895,0.030272653809511253,0.030274512459530892,0.030276387593070473,0.030278274860079744,0.03028016985727588,0.030282068134016363,0.030283965212566488,0.030285856595385328,0.030287737772357843,0.0302896042281972,0.03029145144999197,0.030293274934869222,0.030295070197747385,0.030296832768944106,0.030298558177436978,0.03030024199339552,0.030301879836293715,0.03030346738730117,0.03030500038940834,0.03030647465380363,0.030307886039502546,0.030309230403902317,0.03031050391055861,0.030311702853739127,0.030312823628731476,0.030313862743788417,0.03031481681206155,0.03031568253256386,0.0303164567088507,0.030317136254902677,0.030317718210355605,0.0303181997415929,0.03031857814175382,0.0303188508300735,0.03031901535070468,0.030319069371037646,0.03031901067967301,0.030318837174447808,0.030318546835365924,0.030318137755832742,0.030317608140705228,0.030316956308082576,0.030316180682009686,0.030315279796869817,0.030314252299540163,0.030313096946430508,0.03031181258990208,0.030310398165437544,0.0303088526290057,0.030307175261743636,0.030305365429396502,0.03030342253625359,0.030301346050092444,0.03029913551260623,0.030296790556188863,0.03029431090511404,0.03029169637492289,0.03028894687126693,0.030286062388513148,0.030283043008168788,0.030279888897183724,0.03027660029742708,0.03027317749697484,0.03026962086346177,0.030265930842661413,0.030262107961006174,0.030258152818533588,0.03025406609417886,0.030249848545806944,0.030245501005878323,0.03024102437811338,0.030236419636181785,0.03023168781796713,0.030226830159438275,0.030221847928624188,0.03021674242307588,0.030211514989685814,0.030206167032577322,0.03020070002770167,0.03019511552499149,0.030189415150306997,0.03018360060753054,0.030177673680815868,0.03017163623697227,0.0301654902279479,0.030159237687331544,0.03015288070588678,0.030146421467838757,0.03013986225289228,0.0301332054655023,0.030126453592787924,0.03011960922810722,0.03011267507368349,0.030105653947186926,0.030098548780196275,0.030091362633137175,0.030084098670280224,0.03007676016805133,0.030069350516250846,0.030061873215143944,0.030054331861795368,0.030046730151913576,0.030039071888634975,0.03003136098117846,0.030023601442937742,0.030015797389199534,0.030007953034485453,0.030000072689522816,0.029992160757849447,0.029984221724430254,0.029976260123053586,0.029968280567515913,0.029960287747530442,0.02995228642875549,0.029944281441220733,0.02993627768064095,0.029928280206199306,0.029920294041346863,0.029912324253348752,0.029904375931929884,0.02989645421983362,0.02988856428287595,0.02988071130710948,0.029872900478276673,0.02986513696927312,0.029857425935673223,0.02984977251594493,0.029842181823823873,0.02983465894045787,0.029827208906486758,0.02981983671407174,0.029812547298887833,0.029805345532096034,0.029798236205325117,0.02979122399305607,0.029784313480616886,0.029777509157041363,0.02977081541114994,0.02976423651970269,0.029757776645939135,0.029751439836703232,0.029745230013908643,0.029739150966867984,0.02973320634952701,0.02972739966982039,0.029721734277977103,0.029716213372140737,0.029710839960786457,0.029705616857072743,0.029700546679671983,0.029695631859034247,0.029690874633457893,0.029686277045381695,0.029681840938114074,0.02967756795300916,0.029673459527108613,0.029669516891249,0.029665741062504455,0.02966213283234443,0.029658692780602073,0.029655421277077324,0.029652318454992433,0.0296493842625544,0.02964661844548717,0.029644020564749834,0.029641589977118563,0.029639325846211834,0.029637227180705918,0.02963529277088655,0.029633521222337963,0.029631910956600425,0.029630460223471884,0.029629167083972157,0.029628029421643144,0.029627044957527094,0.0296262112564713,0.02962552573353044,0.029624985660604557,0.029624588173291548,0.02962433027792494,0.02962420885877045,0.02962422067994708,0.029624362363443412,0.02962463043053862,0.02962502130866973,0.02962553134257344,0.029626156801533386,0.029626893889077247,0.02962773875880308,0.02962868751712439,0.02962973623066796,0.029630880933570334,0.029632117641871354,0.029633442351735775,0.02963485105909237,0.029636339722309866,0.029637904271702466,0.029639540623021404,0.029641244691875988,0.029643012397863815,0.029644839667916083,0.029646722439022277,0.02964865666032286,0.029650638294569168,0.02965266331895973,0.02965472772024213,0.02965682746503949,0.029658958532109488,0.029661116910715733,0.029663298605222835,0.02966549962773067,0.029667715999683323,0.029669943757186686,0.029672178943936558,0.02967441760823345,0.02967665581644139,0.029678889623007517,0.029681115076358667,0.029683328229474885,0.029685525095971364,0.02968770165349557,0.029689853850169503,0.029691977611009546,0.02969406883702282,0.029696123404622424,0.029698137165542315,0.02970010594728003,0.029702025554087026,0.029703891768520143,0.0297057003503263,0.029707447009846594,0.029709127443240717,0.02971073733548963,0.029712272378196902,0.029713728256461593,0.029715100663267238,0.02971638533347272,0.029717578005744302,0.029718674447770863,0.029719670447528917,0.029720561860670687,0.029721344595189686,0.029722014623210332,0.029722567972085643,0.029723000721006775,0.02972330901993609,0.029723489106644536,0.029723537315498604,0.029723450086057843,0.029723223971595696,0.02972285564749859,0.029722341919499882,0.02972167973170621,0.02972086617111649,0.029719898460122827,0.029718773980168135,0.02971749027945194,0.029716045071313077,0.029714436257583854,0.029712661928411137,0.02971072035567423,0.029708610026906987,0.029706329634810496,0.02970387812482227,0.029701254609470523,0.029698458410905623,0.02969548906754769,0.02969234631954536,0.029689030106335442,0.029685540572133642,0.029681878068761144,0.029678043153955797,0.02967403658904224,0.02966985933607001,0.029665512554456198,0.029660997597173177,0.02965631600652073,0.02965146950587177,0.02964645996115508,0.029641289411037188,0.029635960061685087,0.02963047428562808,0.02962483461411433,0.02961904373385425,0.02961310448988852,0.0296070198735348,0.029600793016470315,0.02959442718528973,0.029587925780287353,0.029581292320971293,0.02957453045250919,0.02956764389437926,0.02956063643506728,0.02955351193882354,0.029546274346028772,0.029538927666160095,0.02953147597064066,0.02952392338574052,0.029516274085557747,0.02950853228510734,0.02950070223354519,0.029492788204473167,0.029484794455711342,0.02947672525798659,0.02946858488943417,0.029460377636539983,0.029452107783070572,0.029443779608939992,0.029435397405898785,0.029426965443318267,0.029418487974057023,0.02940996926838692,0.02940141353329057,0.02939282493994413,0.029384207641166882,0.029375565699193324,0.02936690311060837,0.029358223806141073,0.029349531646957465,0.029340830418669864,0.029332123825343604,0.02932341548360175,0.02931470891688594,0.029306007549934798,0.029297314703541313,0.029288633588473747,0.02927996728467292,0.02927131875365356,0.029262690835254068,0.029254086186844906,0.0292455073834661,0.0292369568760206,0.029228436979612714,0.029219949865197676,0.02921149756483112,0.029203081954994513,0.029194704717830738,0.02918636774600016,0.029178072742295672,0.029169821188990336,0.029161614384785088,0.029153453478006845,0.02914533948010879,0.02913727326815995,0.029129255585793004,0.029121287043950266,0.029113368121697087,0.029105499167061243,0.029097680397729562,0.0290899118993041,0.029082193596531424,0.029074525279147872,0.029066906598617354,0.029059337083145082,0.029051816060665443,0.0290443426931006,0.029036915904616732,0.02902953438854739,0.029022196365498014,0.029014899397321103,0.02900764037750958,0.029000418900708907,0.028993233828735167,0.02898608314832773,0.028978964251694522,0.02897187412239838,0.028964809425700105,0.028957766533670364,0.028950741533151678,0.02894373023143981,0.0289367281640857,0.028929730604538184,0.028922732572698423,0.028915728841722776,0.02890871392202533,0.028901682059668886,0.02889462721129657,0.028887542996215983,0.028880422663387615,0.028873259030255956,0.02886604441009998,0.028858770607688076,0.02885142886364667,0.02884400976161038,0.02883650323667934,0.028828898621716795,0.02882118444044503,0.028813348438148534,0.028805377585903676,0.028797258128581475,0.028788975634166367,0.028780515054278744,0.028771860799343102,0.02876299682631831,0.028753906738073477,0.028744573886362527,0.028734981478595795,0.028725112678584592,0.02871495066733452,0.028704478759830183,0.02869368048602663,0.0286825396657107,0.02867104049224559,0.02865916760824497,0.02864690618362667,0.028634241981480114,0.028621161425704686,0.028607651687269232,0.02859370072005892,0.028579297340221677,0.028564431301933875,0.0285490933363439,0.02853327520948015,0.02851696980504693,0.028500171189942913,0.028482874673148504,0.028465076860920993,0.028446775707785147,0.028427970562781065,0.028408662210492173,0.028388852906440085,0.0283685464059646,0.028347747958322858,0.028326464350495392,0.028304703918741566,0.02828247654292241,0.02825979366372457,0.028236668266308433,0.028213114857251087,0.028189149463987356,0.028164789594070674,0.0281400542002941,0.02811496364628225,0.02808953965276134,0.028063805259557695,0.028037784724999657,0.02801150346778755,0.02798498802224026,0.027958265973350205,0.027931365885668902,0.02790431722927406,0.027877150303258057,0.027849896157123466,0.0278225865104675,0.02779525367133127,0.02776793045348213,0.027740650057312865,0.027713446019214258,0.027686352130122098,0.027659402355705173,0.027632630754289445,0.02760607139743591,0.02757975830969353,0.0275537253626948,0.027528006208942597,0.027502634217627962,0.027477642386937853,0.027453063277298278,0.027428928953371106,0.02740527088636346,0.02738211988781573,0.027359506070530653,0.027337458795085683,0.027316006617312386,0.027295177238986543,0.027274997461817725,0.027255493144771773,0.027236689164745465,0.02721860938059705,0.027201276600521674,0.027184712518004268,0.02716893771684698,0.027153971650867963,0.02713983262749114,0.027126537791418298,0.027114103113094506,0.027102543386699575,0.027091872216881356,0.02708210201482261,0.027073244016832074,0.027065308248060208,0.027058303539453328,0.0270522375413092,0.027047116702687612,0.027042946273016368,0.02703973033540326,0.02703747182225857,0.027036172531090346,0.027035833142004088,0.02703645323682165,0.027038031319707688,0.027040564839199657,0.02704405021153019,0.027048482845137292,0.027053857139788636,0.027060166535969758,0.027067403539528356,0.02707555972982717,0.027084625334355142,0.027094590321110265,0.027105443953239865,0.027117174693395193,0.02712977031986251,0.02714321778799533,0.02715750332360924,0.02717261246882065,0.02718853012307645,0.027205240608541778,0.02722272766396161,0.027240974496186725,0.027259963812846087,0.027279677853616253,0.027300098421123666,0.027321206911502065,0.027342984344569433,0.027365411393575647,0.0273884684144728,0.02741213547466115,0.027436392348307363,0.027461218571553276,0.027486593473106277,0.027512496222998093,0.02753890582507474,0.027565801156680867,0.02759316104219357,0.02762096419085134,0.02764918925607819,0.027677814860015432,0.027706819614516872,0.02773618213854743,0.027765881083342873,0.027795895129442128,0.027826202999441395,0.02785678349089858,0.02788761549289196,0.02791867800151134,0.027949950134660468,0.027981411146201347,0.028013040439472992,0.02804481758021985,0.02807672230896573,0.028108734552872067,0.028140834419507748,0.028173002222174986,0.028205218492803295,0.028237463984259078,0.02826971969673675,0.02830196688190296,0.028334187017448567,0.02836636188929856,0.028398473566828855,0.028430504422761897,0.02846243712249672,0.028494254638562058,0.02852594026634744,0.02855747760524339,0.028588850561275986,0.028620043374989777,0.028651040629903594,0.028681827260476443,0.028712388559985366,0.028742710188301934,0.028772778179551525,0.02880257894963424,0.02883209930358371,0.028861326442736045,0.028890247937224774,0.028918851760012087,0.028947126298696918,0.028975060364951902,0.029002643200641016,0.02902986448513649,0.029056714347530647,0.029083183368418634,0.02910926258324513,0.029134943488832554,0.029160218046934194,0.029185078681252336,0.029209518293098716,0.029233530210760673,0.029257108195479758,0.029280246464263512,0.029302939689095888,0.02932518299497249,0.029346971957228875,0.029368302598165794,0.029389171382982814,0.029409575215035,0.029429511430429458,0.02944897779198621,0.029467972448085706,0.02948649395201962,0.029504541260472573,0.029522113728380078,0.0295392111011297,0.029555833507185082,0.02957198145735658,0.02958765582954578,0.029602857859036227,0.02961758913090807,0.029631851570354032,0.02964564742605063,0.029658979273222065,0.029671849947979563,0.029684262544122878,0.02969622042357263,0.02970772720450743,0.029718786748898433,0.02972940314991584,0.029739580719237897,0.029749323974294667,0.02975863762548267,0.029767526563388574,0.029775995846061595,0.029784050651462383,0.02979169629099618,0.029798938204412165,0.029805781951814565,0.02981223320129158,0.029818297719810778,0.029823981372384,0.029829290103103413,0.029834229926383737,0.029838806920934557,0.029843027218928498,0.02984689699216015,0.029850422457151728,0.029853609812140136,0.029856465238508913,0.029858994914953446,0.029861205010223678,0.02986310167576438,0.029864691038686112,0.02986597919507005,0.02986697220361688,0.029867676079645564,0.029868096789456698,0.02986824024507708,0.029868112265707583,0.02986771859752472,0.029867064917576125,0.02986615683347599,0.029864999881269522,0.02986359952467859,0.029861961162838468,0.029860090121302106,0.02985799165212244,0.02985567093683625,0.029853133084951942,0.02985038312907237,0.029847426038887123,0.029844266665799993,0.02984090975552466,0.029837359969341015,0.029833621885002305,0.029829699997335864,0.029825598718945683,0.02982132238100599,0.02981687523414604,0.029812261449432043,0.029807485119455513,0.029802550259538794,0.029797460776123105,0.02979222049102318,0.029786833151752592,0.029781302436684604,0.029775631957952388,0.02976982526560789,0.029763885862257936,0.02975781719425871,0.029751622658081074,0.0297453056273396,0.029738869413108927,0.02973231728449275,0.029725652481268038,0.02971887818074732,0.02971199750394112,0.029705013540765875,0.029697929355302435,0.029690747990782196,0.02968347247468036,0.029676105823881905,0.02966865104988272,0.029661111163988944,0.029653489182475616,0.029645788131665796,0.029638011038803858,0.029630160946158477,0.029622240919699963,0.029614254032346486,0.029606203407312973,0.029598092207041394,0.029589923643728956,0.029581700959358265,0.029573427468528382,0.029565106532373583,0.029556741580039753,0.02954833609737769,0.029539893623622103,0.029531417728627763,0.029522912008392372,0.029514380095856614,0.02950582565413466,0.02949725236769452,0.02948866393192098,0.02948006404118804,0.0294714563756008,0.029462844586599094,0.029454232281641058,0.029445623008204413,0.029437020207092348,0.029428427214834924,0.029419847256992215,0.029411283433916986,0.02940273870813376,0.029394215890513532,0.029385717635268496,0.029377246421685693,0.029368804543601138,0.029360394104587118,0.02935201700618408,0.029343674938246148,0.029335369387692812,0.029327101578098876,0.02931887248721506,0.029310682864335,0.02930253323274537,0.029294423893550053,0.029286354931162557,0.02927832622040356,0.02927033743512861,0.029262388058300608,0.02925447739340936,0.02924660457713916,0.029238768564320738,0.02923096815986782,0.02922320204481561,0.029215468796259938,0.029207766904802607,0.029200094794192045,0.029192450848518972,0.02918483342384251,0.02917724086792658,0.029169671543447528,0.029162123843086866,0.02915459620471811,0.02914708714298732,0.02913959520842428,0.029132119026608113,0.029124657329169783,0.029117208969590597,0.029109772937904534,0.029102348374523194,0.029094934583111083,0.02908753104244593,0.029080137417205727,0.029072753567631344,0.029065379558021034,0.029058015636375223,0.029050662255853392,0.029043320090452476,0.0290359900402786,0.02902867323703141,0.029021371045860066,0.029014085073063037,0.02900681716018832,0.02899956938166503,0.02899234404594586,0.028985143686666305,0.028977971053871725,0.02897082912039507,0.028963721015161325,0.02895665003792327,0.028949619663409924,0.028942633530964303,0.02893569543318748,0.02892880930394741,0.028921979205826016,0.028915209317078396,0.02890850391818089,0.02890186737804336,0.028895304139960463,0.028888818686691527,0.028882415536834464,0.028876099239322613,0.028869874405648928,0.0288637456206684,0.028857717459053855,0.02885179440528998,0.028845980973373393,0.028840281633058434,0.02883470079569271,0.028829242806890747,0.028823911928087816,0.028818712333745493,0.02881364805712382,0.028808722994889794,0.028803940910082648,0.028799305423032957,0.028794820002632556,0.028790487958234117,0.028786312432183627,0.02878229639298788,0.028778442629114054,0.02877475374341464,0.028771232148167503,0.028767880040544834,0.028764699408465134,0.028761692036844765,0.028758859512254376,0.028756203213049027,0.028753724312313617,0.0287514237897736,0.028749302413864065,0.028747360747910143,0.02874559915262985,0.028744017786214916,0.02874261660203773,0.02874139535521653,0.028740353572331897,0.028739490562078016,0.028738805428379754,0.02873829707240966,0.028737964194505913,0.028737805296214804,0.028737818682445675,0.028738002463730792,0.02873835455858772,0.02873887269598546,0.028739554417919828,0.028740397055906457,0.028741397745150287,0.028742553440882567,0.028743860924707133,0.02874531680870515,0.028746917538756234,0.028748659387881327,0.028750538375088616,0.02875255047837823,0.028754691562997963,0.028756957364112504,0.028759343528144403,0.02876184555935295,0.028764458766218266,0.028767178301464743,0.028769999189493217,0.028772916334199986,0.02877592452205015,0.028779018420660663,0.028782192580932914,0.028785441552705078,0.02878875976450689,0.02879214155101622,0.028795581170003873,0.028799072787653972,0.028802610496168283,0.02880618833516025,0.028809800295238518,0.02881344033880685,0.0288171023985185,0.02882078035147427,0.028824467922150186,0.02882815913774132,0.028831848054358518,0.02883552872009522,0.02883919519629074,0.028842841569316616,0.02884646192360562,0.028850050383331657,0.028853601135305388,0.02885710843864108,0.02886056663374462,0.028863970151034136,0.028867313519414625,0.02887059137449733,0.02887379846654891,0.028876929668159145,0.028879979981618877,0.028882944521120547,0.02888581852796005,0.028888597391995337,0.028891276659953294,0.02889385204415728,0.02889631942892305,0.02889867488502046,0.028900914642046763,0.028903034760762867,0.02890502821208393,0.028906875863703985,0.028908573572627397,0.028910119766585037,0.028911513752358873,0.028912767600500384,0.02891388333161978,0.0289148598442532,0.028915695500361247,0.02891638858209589,0.028916937481643014,0.028917340762367877,0.028917597162307938,0.028917705597933815,0.028917665163481154,0.02891747510343108,0.028917134817531314,0.028916643876044798,0.028916002018379804,0.028915209139074177,0.028914265279696007,0.02891317060377379,0.028911925378465726,0.028910530318858943,0.028908986284435712,0.02890729425622297,0.028905455343919605,0.028903470786806884,0.02890134190722135,0.028899070136941287,0.028896657019803713,0.028894104202148007,0.02889141342240644,0.028888586500465573,0.02888562532706055,0.02888253185340758,0.02887930808126769,0.028875956053394068,0.02887247784436441,0.028868875527264613,0.028865151170462497,0.028861306846706184,0.028857344626685686,0.028853266571582582,0.02884907472037624,0.028844771087242396,0.02884035764405564,0.0288358362972481,0.02883120888467385,0.02882647714944813,0.028821642718224724,0.028816707094036855,0.028811671586871822,0.028806537325278943,0.028801305254170965,0.028795976124949364,0.02879055048840141,0.028785028690877835,0.028779410873961978,0.028773696977761644,0.028767886747876257,0.028761979746019142,0.028755975364207292,0.028749872819397684,0.02874367117827386,0.028737369399248903,0.02873096635052292,0.028724460709613202,0.02871785047338461,0.02871113113683347,0.028704293331852475,0.02869733948384697,0.02869027274644589,0.028683095201324515,0.028675808434723282,0.028668412756710532,0.028660908149047995,0.028653294705948962,0.028645572769049884,0.02863774297387391,0.02862980627418689,0.02862176395863861,0.028613617662984356,0.028605369386568737,0.028597021498010883,0.028588576741124458,0.028580038239634942,0.028571409476933436,0.028562694299328163,0.02855389693382991,0.028545021983941057,0.02853607441738114,0.028527059545358512,0.028517982981731076,0.028508850573948186,0.02849966856520494,0.028490443463542313,0.028481182050714864,0.028471892153034344,0.02846258138199107,0.02845325727983415,0.02844392743126939,0.028434599463329498,0.028425281010718215,0.028415979675494238,0.028406702986886075,0.028397458363118033,0.028388253076104535,0.028379094219549542,0.028369988680831255,0.028360943116944513,0.02835196392599405,0.02834305723205398,0.028334228882154203,0.028325484407049024,0.02831682907734147,0.02830826788131672,0.028299805515818437,0.028291446431417504,0.02828319482095086,0.028275054624397198,0.028267029579621333,0.02825912321628834,0.02825133888220985,0.02824367971463379,0.028236148687821,0.028228748640331668,0.02822148229498009,0.02821435227820492,0.02820736113879859,0.028200511365829642,0.028193805405626753,0.0281872456777254,0.02818083458970638,0.02817457455087946,0.028168467964973617,0.02816251724078282,0.02815672482229832,0.028151093224792603,0.02814562500225508,0.028140322766379292,0.028135189184625462,0.028130226990679283,0.028125438959542125,0.028120827878330347,0.028116396570567248,0.028112147841838603,0.028108084459958636,0.028104209070616455,0.028100524198270502,0.028097032221053166,0.02809373533936843,0.028090635545661397,0.028087734596216545,0.028085033985533633,0.028082534923787626,0.028080238316596676,0.02807814474659236,0.028076254456494743,0.028074567313704654,0.028073082793768758,0.028071799989122494,0.02807071760685604,0.02806983395110725,0.02806914691793039,0.02806865401444968,0.02806835232194134,0.02806823850248886,0.02806830880135709,0.028068559069082663,0.028068984753955886,0.02806958092063338,0.028070342214801817,0.02807126291235371,0.028072336947028213,0.028073557935516243,0.028074919205711084,0.028076413828051948,0.028078034649742793,0.02807977433159005,0.028081625387135566,0.028083580223665573,0.02808563118331832,0.028087770564666135,0.028089990656843162,0.0280922837891352,0.02809464235579088,0.028097058821395945,0.0280995257136702,0.028102035617204462,0.028104581129576305,0.028107154797569353,0.02810974894113048,0.02811235547705232,0.028114967946792024,0.02811757927817152,0.02812018212699395,0.02812276907854349,0.028125332707900005,0.028127865609350572,0.028130360422965694,0.028132809863829544,0.028135206754876935,0.028137544063147182,0.028139814938956276,0.028142012757400567,0.028144131161582025,0.028146164089380837,0.02814810581302429,0.02814995100618606,0.02815169479008946,0.028153332780926094,0.028154861129322046,0.02815627656978723,0.02815757645370218,0.02815875877772369,0.028159822226579864,0.02816076619640716,0.028161590814538246,0.02816229696732594,0.028162886265948994,0.028163361093950703,0.028163724621366754,0.02816398081017357,0.028164134415681805,0.02816419098400645,0.028164156845681455,0.028164039105513818,0.028163845628796102,0.028163585024017366,0.028163266622234406,0.02816290043674715,0.028162497129632407,0.028162068004899933,0.02816162498220466,0.028161180559894406,0.02816074777901109,0.02816034018862105,0.02815997177326989,0.028159656970634647,0.02815941061246687,0.02815924788104132,0.02815918429619821,0.028159235602650667,0.0281594176942147,0.028159746612014126,0.028160238504669918,0.028160909583386552,0.028161776080258657,0.02816285420206101,0.028164160087401875,0.028165709764585514,0.02816751911032209,0.02816960380946921,0.028171979315924127,0.028174660799136535,0.028177663099391268,0.028181000715817743,0.02818468777401491,0.02818873799880021,0.02819316468111836,0.028197980657597915,0.02820319828038044,0.02820882938443853,0.028214885274772353,0.028221376697302458,0.02822831381355468,0.0282357061865926,0.028243562712753394,0.0282518916407296,0.0282607005598633,0.028269996386734508,0.02827978535324483,0.028290072996240895,0.028300864148663778,0.02831216293220902,0.02832397275148315,0.02833629628964057,0.02834913550548261,0.028362491617047497,0.028376365091800453,0.028390755672052334,0.028405662378301163,0.028421083519855245,0.02843701669744447,0.028453458818609337,0.028470406103950678,0.028487854089592285,0.028505797649601622,0.028524231001739855,0.02854314771638622,0.028562540735807943,0.028582402338851343,0.02860272419428436,0.02862349738094721,0.028644712406117136,0.028666359224768748,0.028688427259726094,0.028710905422655517,0.028733782135845185,0.028757045354719374,0.02878068259102823,0.02880468093665354,0.028829027073503866,0.028853707286797793,0.028878707515594033,0.02890401338014206,0.02892961021263565,0.028955483081241237,0.02898161682786762,0.029007996087594218,0.029034605310701178,0.029061428797793287,0.029088450727121757,0.02911565517331601,0.029143026137014822,0.02917054752178125,0.029198203195781893,0.029225977019724497,0.02925385287136155,0.029281814669396986,0.029309846396785695,0.029337932123371352,0.02936605602780671,0.029394202418708243,0.029422355755001305,0.02945050066541514,0.02947862195389235,0.029506704604595074,0.02953473382375025,0.029562695064268438,0.029590574032976342,0.02961835670712463,0.029646029357582294,0.029673578554472876,0.02970099117395827,0.029728254412252974,0.029755355803326042,0.02978228321632061,0.029809024864142556,0.029835569266819895,0.029861905289238187,0.029888022148465702,0.0299139094173587,0.029939557027307044,0.029964955270198452,0.029990094799632418,0.03001496663141527,0.030039562143372306,0.030063873074510434,0.03008789152356777,0.030111609937302095,0.030135021096871703,0.030158118134922543,0.030180894510702976,0.030203344048369715,0.03022546091611845,0.03024723961718352,0.030268675005989898,0.030289762266832443,0.03031049692037554,0.03033087481041792,0.030350892095980422,0.030370545245657948,0.030389830983792273,0.030408746323173978,0.030427288560335122,0.0304454552693527,0.03046324429561843,0.030480653749599344,0.030497682000612432,0.030514327670621004,0.030530589628061648,0.030546466981709024,0.030561959074587558,0.030577065465647424,0.030591785907253262,0.030606120367335756,0.030620069024359133,0.03063363226803664,0.030646810690842293,0.03065960510827141,0.030672016517828922,0.030684046102621633,0.03069569522790382,0.030706965449629097,0.030717858495551757,0.03072837626165011,0.030738520760249178,0.03074829415364984,0.030757698750200232,0.0307667369995607,0.030775411488059908,0.030783724934139833,0.030791680183886967,0.03079928020664591,0.030806528090708732,0.030813427039076538,0.030819980365289334,0.03082619147781898,0.030832063857854815,0.030837601084299247,0.03084280682842428,0.03084768486033995,0.030852239040903832,0.030856473327423455,0.030860391766073195,0.03086399848236548,0.030867297691435227,0.030870293683187642,0.03087299082272127,0.030875393539364023,0.030877506279683015,0.030879333542993548,0.03088087987891959,0.030882149884044554,0.030883148198567658,0.030883879502983394,0.030884348514783586,0.030884559985179215,0.03088451869584018,0.030884229455648924,0.03088369709746633,0.030882926464164084,0.030881922385500808,0.030880689704926773,0.030879233276115713,0.0308775579683145,0.030875668659642568,0.030873570242966476,0.03087126762054581,0.030868765694088352,0.03086606937514368,0.03086318357234159,0.03086011318600833,0.03085686310426548,0.030853438156970975,0.030849843150349672,0.030846082865004863,0.03084216205315179,0.030838085435908654,0.030833857700644438,0.0308294834983875,0.030824967441297466,0.030820314100203812,0.03081552800221537,0.03081061362840551,0.03080557540181006,0.030800417664031025,0.03079514470358503,0.030789760755555198,0.03078427000490661,0.0307786765814303,0.03077298456671504,0.03076719793073634,0.030761320609359835,0.030755356482293304,0.030749309360991114,0.030743183198584958,0.030736981796607457,0.030730708812774194,0.030724367822107395,0.030717962326761866,0.03071149575817185,0.030704971477400395,0.030698392775100867,0.030691762871457084,0.030685084916201786,0.030678361988704623,0.03067159709816191,0.030664793183871386,0.03065795310743944,0.03065107963233981,0.030644175452887928,0.030637243183387383,0.03063028538555955,0.030623304558806717,0.030616303148472433,0.030609283538652183,0.030602248065681747,0.03059519901966314,0.030588138633829576,0.030581069084781937,0.030573992490309832,0.030566910873456973,0.03055982619843145,0.030552740372628544,0.030545655247888805,0.03053857262177882,0.030531494238892037,0.030524421792165635,0.030517356924208535,0.030510301228636363,0.030503256251408713,0.030496223492164905,0.030489204399172538,0.030482200351323173,0.030475212684655174,0.030468242696307376,0.030461291647647378,0.030454360764663728,0.03044745123282792,0.030440564218029396,0.030433700840391358,0.030426862140741442,0.030420049050580624,0.030413262835300284,0.030406504585445537,0.030399775291769304,0.030393075905932505,0.030386407349552575,0.030379770516990364,0.03037316627671267,0.0303665954722651,0.03036005892311425,0.0303535574254219,0.03034709175276792,0.030340662656826334,0.030334270867996654,0.030327917088737295,0.030321601967934195,0.030315326134193278,0.030309090194576782,0.03030289474592109,0.03029674036969247,0.030290627634204443,0.030284557084272672,0.030278529304323055,0.03027254486242358,0.030266604311269818,0.030260708190815038,0.030254857022753594,0.030249051277639723,0.03024329140696158,0.03023757784258364,0.030231910994884953,0.030226291250330353,0.030220718968460535,0.03021519447829735,0.030209718074175582,0.030204290010982578,0.030198910498786733,0.030193579696760942,0.03018829769984757,0.03018306450292926,0.03017788002623498,0.03017274410777952,0.030167656498337372,0.030162616848427387,0.030157624704716855,0.03015267949743077,0.03014778052090023,0.030142926933274847,0.030138117736189875,0.030133351759732408,0.03012862764283187,0.030123943792792922,0.030119298406565114,0.030114689462770634,0.030110114714383195,0.030105571682973484,0.030101057654690046,0.030096569678124022,0.030092104564181127,0.030087658888060063,0.030083228993397524,0.030078810998580126,0.03007440079980186,0.03006999405261979,0.030065586217390507,0.03006117257163572,0.030056748233043665,0.030052308169986885,0.030047847224204616,0.03004336012241022,0.030038841483670968,0.030034285846070218,0.030029687668659356,0.03002504134331584,0.03002034119864226,0.03001558148703225,0.030010756427080145,0.03000586021816731,0.03000088705492516,0.029995831142359004,0.02999068671172044,0.029985448037191848,0.029980109453425084,0.029974665373951576,0.02996911031045757,0.029963438892897366,0.029957645887415122,0.02995172619818109,0.029945674911977475,0.029939487308913826,0.029933158911292945,0.029926685497222442,0.029920063102608346,0.02991328808993456,0.029906357135728378,0.029899267248036335,0.029892015778493264,0.02988460041873787,0.029877019191260356,0.029869270424673435,0.029861352776801398,0.029853265229185313,0.029845007079432054,0.029836577932538317,0.02982797769164688,0.02981920654865449,0.029810264975045304,0.029801153713274416,0.029791873768973264,0.02978242640419705,0.0297728131282924,0.029763035662917908,0.029753095972945898,0.029742996263744322,0.029732738991145452,0.02972232685883139,0.02971176282723806,0.02970105010919577,0.02969019215957263,0.029679192680840225,0.029668055599432277,0.029656785051522888,0.029645385355094932,0.02963386097131909,0.029622216510080818,0.02961045670995484,0.02959858641745193,0.0295866105667273,0.02957453416027904,0.029562362251101967,0.029550099926693364,0.02953775229523757,0.029525324474219492,0.029512821581647485,0.029500248727272135,0.02948761097751019,0.02947491338881907,0.02946216100862151,0.029449358889869298,0.02943651209445375,0.029423625710309053,0.029410704861403094,0.02939775471489174,0.029384780508167282,0.02937178755460272,0.029358781259408145,0.029345767124716836,0.029332750750151328,0.029319737875256525,0.02930673439815437,0.029293746393172324,0.02928078012778015,0.02926784207859457,0.029254938946229322,0.029242077668788544,0.029229265433822784,0.029216509688589624,0.029203818148484665,0.02919119880163273,0.02917865988035592,0.02916620989781178,0.029153857647124675,0.029141612209025513,0.029129482944149993,0.029117479494940673,0.0291056117749092,0.0290938899528491,0.029082324452885163,0.02907092592964334,0.029059705251596124,0.02904867346987645,0.02903784178437898,0.029027221546032638,0.029016824235687404,0.02900666144131928,0.02899674483425857,0.028987086144587365,0.0289776971358473,0.02896858957920075,0.02895977522718641,0.028951265787206127,0.028943072894875285,0.028935208086263837,0.028927682736731925,0.02892050806963759,0.02891369512973939,0.028907254766432158,0.028901197605408005,0.028895534032345148,0.028890274166726657,0.028885427833515435,0.028881004553531504,0.028877013510987495,0.028873463532774972,0.028870363054267906,0.02886772008855375,0.028865542230686665,0.02886383664201416,0.02886261003502537,0.028861868659266238,0.02886161828832758,0.028861864207906086,0.028862611204936127,0.02886386355778854,0.028865625027530876,0.028867898850241984,0.028870687730084766,0.02887399379803075,0.02887781864245115,0.028882163305545706,0.02888702828733514,0.028892413523294,0.028898318196727814,0.028904739966242734,0.028911677268431652,0.028919128227334043,0.028927090431527004,0.028935561189054028,0.028944536848535943,0.028954013080105083,0.028963984996939324,0.02897444718639097,0.028985393722866612,0.02899681817656652,0.029008713614625422
6.75,1.002913902808206,1.0057586289301863,1.0085337405792516,1.0112390297971607,1.0138744920432121,1.0164403023029305,1.018936793472584,1.0213644368105568,1.02372382426089,1.026015652475362,1.0282407083767524,1.0303998561217353,1.0324940253347554,1.034524200496828,1.036491411383653,1.038396724457472,1.0402412351257615,1.0420260607877976,1.0437523345972728,1.045421199875555,1.0470338051158181,1.0485912995241027,1.050094829047737,1.0515455328456982,1.0529445401606918,1.0542929675529118,1.0555919164630652,1.0568424710202422,1.0580456948642876,1.0592026276250976,1.060314268681926,1.061381499860112,1.0624052310114398,1.0633863326107387,1.0643255996887397,1.0652241436625511,1.066082918188188,1.0669027966793525,1.067684610081737,1.0684291569046063,1.0691372056985566,1.0698094956763797,1.070446736903722,1.07104961041158,1.0716187683135863,1.0721548339453426,1.0726584020263739,1.0731300388402476,1.0735702824299844,1.0739796427850021,1.0743586011355157,1.0747075934943813,1.0750268675712518,1.0753165491671768,1.0755765124182983,1.0758062259510541,1.0760052414461543,1.0761729993425189,1.0763087306727235,1.076415350105574,1.076493954583904,1.0765450429379746,1.0765689361318944,1.076565884767221,1.076536096574404,1.0764797438422042,1.076396965799617,1.0762878697069918,1.0761525315970828,1.0759909969058978,1.0758032810569194,1.0755893700144001,1.0753492208151867,1.0750827618774528,1.0747898912507157,1.074470458809253,1.0741241700913102,1.0737507676340767,1.0733499623210079,1.072921404712275,1.0724650702992662,1.0719807781051676,1.0714682597148566,1.0709272043950198,1.0703572730165443,1.069758102116117,1.0691293054113198,1.0684704746960498,1.0677811805987898,1.0670609733254823,1.0663093834184572,1.0655259225401634,1.0647100842821409,1.0638613450040353,1.0629791647050937,1.0620629879226784,1.0611122446628947,1.0601263513601298,1.059104711865312,1.0580467184669884,1.0569517529347805,1.0558191875912852,1.0546483864115856,1.0534387061461192,1.0521894974635828,1.050900106118553,1.0495698741304194,1.0481981409841972,1.0467842448423625,1.0453275237733068,1.0438273169877337,1.0422829660823831,1.0406938162886177,1.0390592177232547,1.0373785266390831,1.035651106672425,1.0338763300803964,1.03205357897269,1.0301822465373487,1.0282617382481074,1.0262914730697716,1.0242708846202457,1.0221994223285755,1.0200765525581945,1.0179017596937245,1.0156745467308412,1.0133944316430712,1.0110609181976002,1.0086736024110043,1.006232084096522,1.0037359805621473,1.0011849323158724,0.998578605121442,0.9959166910963075,0.9931989095012298,0.9904249962903394,0.9875941796029596,0.9847058878344459,0.9817595414713757,0.9787544585260459,0.9756908116832775,0.9725689014728855,0.9693890105753503,0.9661515256192684,0.9628566764513714,0.9595046248393575,0.9560955068625953,0.9526294589964803,0.949106611640754,0.9455271920318249,0.9418914670036643,0.9381997306710508,0.9344523312155277,0.9306496282289646,0.9267920000102461,0.9228798500523606,0.9189136095229569,0.9148937380190804,0.9108207235977306,0.9066950825884799,0.9025173593162504,0.8982881257690587,0.8940079812185749,0.8896775517994722,0.8852974900393614,0.8808684743620668,0.8763912085601381,0.8718664212280386,0.8672948651998824,0.8626773168884633,0.8580145756492698,0.8533074630951998,0.8485568224305479,0.8437635177233378,0.8389284331510256,0.8340524723011015,0.8291365573844328,0.8241816284658295,0.8191886426654924,0.8141585733628172,0.8090924093819393,0.8039911541889426,0.7988558250766428,0.793687452346208,0.7884870784870602,0.7832557573564056,0.7779945533596774,0.7727045406331231,0.7673868022155975,0.7620424291523646,0.7566724961380041,0.7512779750290276,0.7458594150099672,0.7404161027427496,0.7349483687617772,0.7294566158969135,0.7239409608573888,0.718398012184032,0.7128201529060469,0.7071931861876644,0.7015312482366546,0.6958468449765919,0.6901473863481946,0.6844360266938988,0.6787146831210632,0.6729848601748981,0.6672483588939261,0.6615068891152145,0.6557620071249232,0.6500154446674064,0.6442685439341196,0.6385225227681679,0.6327785490215194,0.6270377597456769,0.6213012666485395,0.6155701580566394,0.6098454999557495,0.6041283367905427,0.5984196921490349,0.5927205693484887,0.5870319519331837,0.5813548041692554,0.5756900714742725,0.5700386807980313,0.5644015409596062,0.558779542980442,0.5531735603049673,0.5475844490640822,0.5420130482781681,0.5364601800603903,0.5309266497846792,0.5254132462332135,0.519920741725555,0.5144498922313797,0.5090014374686267,0.5035761009887385,0.4981745902286669,0.49279759657709277,0.48744579544380734,0.4821198463016355,0.47682039281190164,0.47154806274626226,0.46630346806245676,0.46108720499135947,0.4558998539786829,0.4507419797449385,0.4456141313136531,0.4405168420436994,0.435450629651573,0.43041599624520804,0.42541342834585893,0.4204433969242548,0.4155063574328267,0.41060274985013084,0.40573299872453,0.40089751322192074,0.39609668717783875,0.3913308991542096,0.3866005125009838,0.3819058754228589,0.3772473210430024,0.3726251674880037,0.3680397179683854,0.3634912608673687,0.35898006984356345,0.35450640392209054,0.35007050760312813,0.34567261091135754,0.3413129296323579,0.3369916653808452,0.3327090057450895,0.3284651244047377,0.3242601812729356,0.3200943226560537,0.3159676813734718,0.311880376927061,0.307832515657463,0.30382419091525614,0.2998554832317204,0.29592646049417193,0.29203717812573593,0.2881876792693753,0.28437799497599126,0.28060814439640225,0.27687813497066444,0.2731879626219155,0.269537611970754,0.2659270565363718,0.26235625896476467,0.2588251712140924,0.2553337347770813,0.25188188088979946,0.2484695307695421,0.24509659582214957,0.24176297784470258,0.2384685692938231,0.2352132534831566,0.23199690482127014,0.22881938900688073,0.2256805632678855,0.22258027658283583,0.21951836991240242,0.21649467642559206,0.21350902172568076,0.21056122407573646,0.2076510946235523,0.20477843762581827,0.20194305067136406,0.19914472489360033,0.19638324518276498,0.19365839042498997,0.19096993371330684,0.1883176425624775,0.18570127913724352,0.1831206004571697,0.18057535864143165,0.17806530106999188,0.17559017060374552,0.17314970578193592,0.17074364105030163,0.16837170694029555,0.16603363027201445,0.1637291343326662,0.16145793906992972,0.15921976127037213,0.15701431475373473,0.15484131055423592,0.1527004570986504,0.15059146038125243,0.14851402413558074,0.1464678500029899,0.1444526376979524,0.14246808515914317,0.14051388870624412,0.1385897432079199,0.13669534222919824,0.1348303781871977,0.1329945424952642,0.13118752570355993,0.12940901765285243,0.12765870758566172,0.12593628430046414,0.12424143628097745,0.12257385181163703,0.12093321909696834,0.11931922639473073,0.11773156209745103,0.11616991486792415,0.11463397374041273,0.11312342822907592,0.11163796845644146,0.11017728522043439,0.10874107009922848,0.10732901554786917,0.10594081499004925,0.10457616290648428,0.1032347549117581,0.10191628783518965,0.10062045981049737,0.09934697034903532,0.09809552041763586,0.09686581251212079,0.09565755072366515,0.0944704407985715,0.09330418884697417,0.09215850265605623,0.09103309103343082,0.08992766317640649,0.0888419401525725,0.08777564146003412,0.08672848687861869,0.0857001977714175,0.08469049750812499,0.08369911161296362,0.08272576782980275,0.08177019616669136,0.08083212893378741,0.0799113007781294,0.07900744871613116,0.07812031216404279,0.077249632959611,0.07639515539203516,0.0755566262288633,0.07473379473788061,0.0739264127195894,0.07313423451101364,0.07235701701213643,0.07159451968360436,0.07084650459640635,0.07011273642653082,0.06939298246443794,0.06868701263605982,0.06799459950204083,0.06731551826958188,0.06664954678738053,0.06599646555279039,0.065356057709676,0.06472810905541405,0.06411240804108176,0.06350874577025303,0.0629169159965865,0.06233671512023915,0.06176794218314145,0.06121039886316769,0.060663889461330146,0.06012822089242423,0.05960320268316204,0.05908864695965995,0.05858436843984312,0.058090184421894155,0.057605914770335075,0.057131381910765,0.05666641080825576,0.056210828952048264,0.055764466347411064,0.05532715549168415,0.054898731357260866,0.05447903137896307,0.05406789542453177,0.05366516577948133,0.05327068712392841,0.05288430651623253,0.052505873372177596,0.0521352394435109,0.05177225879598905,0.051416787786959156,0.051068685042503385,0.050727811434176796,0.05039403005368502,0.05006720618944974,0.049747207302991585,0.04943390299683173,0.049127164754530155,0.04882686236738865,0.04853284354060325,0.04824484568040379,0.047962241260351916,0.047685302781985905,0.04741412752907622,0.047148677137032996,0.046888865566289316,0.04663458987780216,0.04638574341491074,0.04614221985921561,0.0459039142813876,0.04567072339343372,0.04544254559705893,0.04521928098172166,0.04500083131005557,0.04478710000002252,0.044577992106153756,0.044373414300494116,0.04417327484897435,0.04397748358999348,0.0437859519217475,0.0435985927806969,0.043415320625950306,0.04323605141888638,0.04306070260366955,0.04288919309733601,0.04272144309031501,0.04255737403231682,0.04239690800018091,0.042239965531362056,0.04208647398530794,0.04193636232538351,0.04178956032674129,0.041645999215817596,0.04150561068014722,0.04136832739665671,0.041234083230499326,0.041102813276263514,0.040974453856029415,0.04084894250672839,0.04072621796497975,0.040606220151436334,0.04048889015039324,0.040374170192845206,0.04026200364691611,0.04015233500058219,0.04004510984932398,0.03994027488142432,0.039837777862147664,0.03973756762561225,0.03963959405514547,0.03954380806828488,0.039450161605441875,0.03935860761712044,0.03926910004636709,0.03918159381837599,0.0390960448196253,0.039012409885826736,0.03893064678436931,0.03885071420508579,0.03877257174671331,0.038696179903215805,0.03862150005011549,0.0385484944308237,0.03847712614296169,0.03840735912466279,0.03833915813583505,0.03827248874263833,0.03820731731004817,0.038143610987661655,0.03808133769735287,0.03802046611733887,0.03796096567011499,0.03790280650971082,0.03784595950740885,0.03779039623753432,0.03773608896356238,0.037683010619207695,0.03763113477272228,0.03758043554222517,0.03753088737258776,0.0374824661965989,0.037435148219222614,0.03738891014289218,0.03734372921966074,0.037299583253315435,0.03725645058891996,0.037214310097561036,0.03717314113402733,0.03713292321515669,0.03709363554883294,0.037055254977814284,0.03701775022571567,0.03698108239590504,0.03694519777840737,0.0369100179598504,0.03687556833207936,0.03684187433998549,0.03680894674559316,0.03677678150073384,0.036745369852361855,0.03671470129040918,0.03668476659047639,0.03665555443364751,0.03662705202135153,0.03659924600193639,0.0365721228107517,0.03654566899915588,0.03651987131896032,0.036494716736512486,0.03647019242909571,0.0364462857768902,0.03642298435381236,0.036400275918077714,0.03637814839789706,0.036356589879865044,0.03633558860628397,0.0363151329655427,0.036295211484276474,0.03627581281668485,0.036256925684407526,0.036238537612812045,0.036220623494521056,0.036203175322399084,0.03618618706798522,0.0361696515621831,0.03615356181192542,0.03613790827564144,0.0361226807211396,0.03610786878884311,0.03609346212798585,0.036079450432321324,0.03606582344777342,0.03605257097419707,0.03603968286627854,0.03602714903480874,0.03601495944863259,0.03600310413734059,0.03599157318977769,0.035980356756469406,0.03596944506070123,0.03595882840381791,0.03594849717656024,0.03593844185779826,0.035928653026025686,0.03591912137006573,0.0359098376941518,0.03590079292787923,0.035891978139467415,0.035883384537907737,0.03587500348444824,0.035866826504958774,0.03585884529319697,0.035851051722520004,0.03584343785286487,0.0358359959439479,0.0358287184649386,0.03582159810383266,0.03581462777658673,0.03580780063596353,0.03580111008003994,0.03579454976033132,0.035788113587345405,0.0357817957362051,0.03577559065712437,0.035769493081298946,0.035763498014598695,0.03575760076281572,0.03575179692910227,0.035746082413247095,0.03574045342440004,0.03573490647942967,0.03572943840519872,0.035724046339873756,0.03571872773181454,0.03571348034129811,0.03570830223451998,0.03570319178270491,0.03569814765631751,0.03569316882648262,0.0356882545615023,0.03568340442259442,0.035678618259010676,0.035673896202551826,0.0356692386614997,0.03566464631398716,0.03566012009585043,0.03565566119058516,0.03565127102813677,0.035646951275943896,0.03564270383108243,0.03563853080929427,0.03563443453688233,0.035630417548943076,0.03562648256531079,0.035622632485295326,0.035618870381595016,0.03561519948033885,0.03561162315196356,0.035608144904625265,0.03560476835940201,0.035601497243611224,0.035598335376452774,0.03559528665936038,0.03559235506356857,0.035589544617546126,0.03558685939440813,0.035584303499334835,0.03558188105702073,0.03557959619917857,0.03557745304704517,0.035575455697535785,0.035573608217078466,0.03557191462954465,0.035570378910398645,0.035569004965577765,0.035567796624846874,0.03556675764881052,0.035565891675648,0.0355652022488993,0.03556469279424735,0.03556436660693889,0.035564226842654464,0.035564276511248646,0.03556451846040526,0.03556495537073078,0.03556558974627235,0.035566423908980974,0.0355674599916087,0.03556869993100457,0.035570145461885624,0.03557179811109548,0.03557365919235891,0.03557572980153886,0.035578010808250925,0.0355805028526858,0.03558320634508667,0.035586121463521886,0.03558924814986144,0.035592586111650705,0.03559613482047748,0.03559989351643963,0.0356038612000407,0.03560803663583071,0.0356124183534329,0.03561700464966406,0.03562179358862916,0.0356267830058433,0.03563197050571028,0.03563735346556269,0.0356429290365076,0.03564869415051307,0.035654645524572724,0.035660779665108215,0.03566709287269187,0.03567358124707242,0.03568024069248732,0.035687066923242236,0.03569405546462638,0.03570120165563469,0.03570850066323317,0.03571594748844789,0.03572353697433961,0.03573126381125128,0.03573912254569669,0.03574710758858994,0.03575521322280566,0.03576343361024115,0.035771762800339224,0.0357801947370824,0.03578872326488808,0.03579734213967546,0.035806045027707095,0.03581482551539581,0.03582367711329681,0.035832593268821024,0.03584156737399165,0.03585059277302231,0.03585966276985425,0.03586877063563937,0.035877909616162884,0.03588707293919092,0.035896253816530006,0.03590544544905236,0.035914641040468494,0.03592383380428448,0.03593301697160598,0.035942183796868823,0.035951327566087855,0.0359604416056632,0.03596951928664416,0.035978554031627016,0.03598753932379295,0.03599646870828635,0.036005335798213675,0.03601413428259642,0.0360228579256525,0.036031500572673666,0.036040056151545895,0.036048518682643554,0.0360568822837109,0.03606514117445199,0.03607328968097485,0.03608132224009308,0.0360892334034881,0.03609701784173475,0.03610467034312688,0.03611218581369424,0.03611955928932886,0.036126785938965386,0.03613386106943707,0.03614078012695394,0.03614753870232594,0.03615413253536548,0.03616055751777019,0.03616680969576612,0.03617288527397634,0.036178780617314235,0.03618449225167219,0.03619001687033033,0.03619535132562908,0.03620049263384661,0.036205437973614696,0.036210184692734314,0.036214730309861755,0.036219072515895775,0.036223209175209825,0.036227138326719546,0.036230858184782076,0.036234367139922466,0.03623766375453755,0.036240746759730526,0.036243615063502536,0.036246267750510354,0.03624870408276155,0.03625092349838237,0.03625292561271069,0.036254710216773095,0.036256277280074495,0.036257626947719376,0.03625875953985798,0.036259675549759694,0.0362603756401318,0.036260860645591024,0.036261131559039046,0.03626118953258747,0.03626103587170994,0.03626067203735606,0.03626009964302477,0.03625932045150269,0.03625833637140493,0.036257149453522014,0.03625576188697454,0.036254175995175476,0.03625239422673858,0.036250419146699284,0.03624825344089195,0.03624589991084168,0.03624336147034596,0.03624064113848272,0.03623774203645338,0.03623466740718496,0.036231420439185334,0.03622800453394463,0.036224423184348396,0.036220679971750915,0.0362167785730399,0.036212722691420625,0.03620851606914634,0.036204162490299036,0.036199665773709984,0.03619502977208165,0.03619025836582695,0.03618535545666138,0.03618032496118753,0.036175170804510506,0.03616989691391238,0.0361645072126023,0.03615900560902223,0.036153395985905876,0.03614768220366521,0.03614186809421295,0.03613595745647669,0.03612995404979147,0.036123861590527405,0.03611768376181773,0.03611142418358544,0.03610508641871214,0.03609867396935583,0.03609219027353452,0.03608563869932074,0.03607902254382866,0.036072345023209836,0.036065609270604856,0.03605881833080401,0.03605197516198597,0.036045082633590846,0.03603814352435598,0.036031160520627555,0.036024136214949584,0.036017073104925704,0.0360099735923497,0.03600283997791831,0.03599567445618246,0.03598847912454654,0.035981255983181165,0.03597400693945837,0.03596673380248376,0.035959438287732653,0.03595212203041681,0.03594478656334128,0.03593743333212313,0.03593006369640438,0.035922678911579874,0.03591528018740816,0.03590786864139765,0.03590044529975535,0.03589301110753215,0.03588556693035669,0.03587811356017517,0.03587065171814807,0.0358631820575265,0.03585570516660627,0.03584822157174844,0.03584073174045987,0.035833236084522886,0.03582573495854713,0.035818228657947315,0.03581071743172209,0.03580320148541128,0.03579568098566513,0.03578815606193883,0.03578062681168469,0.03577309330605303,0.03576555559096958,0.035758013690905865,0.03575046761903,0.035742917367234193,0.03573536291315051,0.03572780422686516,0.035720241263875956,0.03571267396997238,0.035705102281348725,0.035697526131314675,0.035689945452598806,0.035682360179399436,0.035674770249294566,0.03566717560500523,0.03565957619600675,0.03565197197998332,0.035644362919586246,0.035636748978549626,0.03562913013181273,0.035621506366190034,0.03561387768222897,0.035606244093303416,0.03559860562706439,0.035590962324789255,0.03558331418322491,0.03557566129167558,0.03556800374959907,0.035560341665306805,0.035552675206764424,0.03554500452749346,0.03553732977761925,0.035529651111675234,0.035521968686530334,0.03551428266562536,0.035506593217883624,0.035498900516335606,0.035491204736659496,0.03548350605566372,0.03547580464972681,0.03546810069320763,0.03546039435237439,0.0354526857780381,0.03544497511382926,0.03543726249443464,0.035429548045532784,0.03542183188057545,0.03541411410149624,0.03540639479878434,0.03539867405016871,0.03539095191920944,0.035383228455405084,0.03537550369248748,0.03536777764558952,0.03536005031511995,0.03535232167391725,0.035344591669579255,0.035336860221703154,0.03532912722630321,0.03532139255559284,0.03531365605774234,0.035305917556743595,0.03529817685238533,0.03529043372034083,0.03528268791237126,0.03527493915221174,0.03526718713054677,0.035259431514985874,0.0352516719507626,0.035243908062968565,0.03523613945596474,0.03522836571659257,0.035220586428656976,0.03521280115211044,0.035205009434110465,0.035197210818774256,0.03518940483450228,0.035181591001302866,0.03517376883544119,0.035165937845743914,0.035158097536460375,0.035150247408298266,0.03514238696473974,0.03513451571495792,0.03512663317674668,0.035118738879551026,0.03511083236758241,0.03510291320300755,0.03509498096919583,0.03508703526993482,0.03507907572641512,0.03507110199063092,0.035063113748569325,0.03505511072504244,0.0350470926851876,0.035039059439864545,0.03503101085949956,0.0350229468596847,0.03501486741157711,0.03500677254235645,0.03499866234497645,0.034990536975431835,0.034982396658309045,0.03497424168073547,0.034966072395146375,0.034957889219433096,0.03494969264334231,0.03494148323013673,0.034933261617926495,0.03492502852079194,0.03491678472968998,0.03490853111313999,0.03490026861768568,0.034891998264045807,0.03488372114102522,0.034875438414954274,0.0348671513292741,0.03485886120504704,0.0348505694388466,0.034842277503574735,0.034833986957114926,0.03482569942457142,0.03481741660336207,0.034809140271443564,0.034800872266036065,0.03479261448870829,0.034784368903563304,0.03477613753307246,0.0347679224523409,0.03475972578464168,0.03475154970235888,0.03474339642382933,0.03473526820996808,0.03472716736079707,0.034719096211893556,0.03471105713076771,0.034703052513183605,0.03469508477548179,0.034687156344312166,0.0346792696627937,0.034671427186795487,0.03466363138277714,0.034655884722128466,0.034648189679680044,0.034640548740075223,0.03463296437784666,0.03462543906074189,0.03461797526141259,0.034610575424509356,0.034603241975841977,0.03459597732187138,0.03458878384034607,0.03458166387793771,0.03457461974647762,0.03456765372295801,0.034560768046857995,0.03455396491750726,0.034547246491566874,0.03454061488062494,0.034534072148907545,0.03452762031110459,0.03452126132670955,0.03451499709140455,0.03450882944497526,0.03450276016963755,0.034496791002998205,0.03449092361257818,0.034485159604984224,0.03447950052742106,0.03447394786346664,0.03446850303308428,0.034463167377294615,0.03445794218809541,0.034452828690874446,0.03444782804737789,0.034442941343992096,0.0344381695928097,0.034433513730059595,0.034428974619776495,0.034424553053365586,0.03442024974909357,0.03441606535161149,0.03441200043150242,0.03440805548484694,0.03440423093279978,0.03440052711760008,0.03439694429450598,0.034393482642081905,0.03439014226179449,0.03438692317892948,0.03438382534068634,0.03438084861779833,0.034377992805305985,0.03437525762244539,0.034372642711757245,0.034370147639833135,0.034367771896020236,0.034365514889944916,0.034363375955487434,0.034361354338345605,0.034359449197268556,0.03435765960275827,0.03435598454085017,0.03435442291259833,0.0343529735334451,0.034351635132595384,0.03435040635240386,0.034349285747783745,0.03434827178564802,0.03434736284096035,0.03434655718867611,0.03434585301377316,0.03434524841108273,0.03434474138534532,0.03434432985153293,0.03434401163624709,0.03434378447913123,0.03434364603364144,0.03434359386717036,0.034343625463763156,0.03434373822273316,0.03434392945858384,0.034344196406980054,0.03434453621419031,0.034344945940743866,0.03434542256306498,0.03434596297991502,0.03434656401497287,0.03434722241954204,0.03434793487549225,0.03434869799843454,0.03434950834112339,0.03435036239708082,0.034351256601116244,0.03435218732523011,0.03435315089367893,0.03435414358758723,0.034355161651059056,0.034356201292725715,0.03435725868568335,0.03435832994030608,0.03435941099697679,0.03436049804982064,0.034361587312016974,0.034362674979205185,0.034363757249732764,0.034364830303653275,0.03436589031455784,0.034366933467031714,0.03436795596543657,0.03436895404402092,0.034369923972198534,0.03437086205934207,0.0343717646592874,0.034372628174592995,0.0343734490604901,0.03437422382855938,0.034374949046962304,0.03437562133538426,0.0343762373784393,0.03437679392849496,0.0343772878093519,0.03437771591672287,0.034378075222198975,0.03437836277616577,0.03437857570902828,0.03437871122155631,0.034378766562384575,0.03437873893585849,0.03437862592337357,0.034378425158461026,0.03437813430741566,0.03437775109556062,0.03437727332020808,0.034376698861508806,0.034376025685043145,0.03437525184278753,0.034374375473619566,0.03437339480365362,0.03437230814645425,0.034371113903154595,0.034369810559604565,0.03436839667734256,0.034366870904420956,0.03436523197542104,0.034363478712413395,0.03436161002267557,0.03435962490069778,0.03435752242673674,0.03435530176220603,0.03435296214714731,0.034350502894090966,0.03434792337156822,0.034345223193230356,0.03434240199720307,0.034339459473085365,0.034336395380035384,0.0343332095517952,0.03432990190140301,0.03432647242134114,0.03432292118345363,0.034319248338909994,0.034315454118262104,0.03431153883161127,0.03430750286888781,0.0343033466982503,0.03429907085759004,0.03429467596581885,0.03429016272350859,0.03428553192255682,0.03428078443280789,0.034275921209785704,0.03427094329603898,0.03426585182387091,0.03426064801556903,0.03425533318913309,0.03424990875110604,0.03424437620011199,0.034238737128302034,0.03423299322150198,0.034227146255823494,0.034221198099276914,0.034215150715784716,0.0342090061659992,0.034202766607924304,0.03419643429741125,0.034190011588512016,0.034183500933679604,0.03417690488380376,0.03417022608554444,0.0341634672714623,0.0341566312708313,0.03414972100923004,0.034142739509321486,0.03413568988774315,0.03412857535604833,0.03412139925361533,0.034114164983314106,0.034106876036591766,0.034099535986562034,0.03409214849775318,0.034084717316159446,0.034077246267717146,0.034069739250841884,0.03406220023125967,0.03405463323930443,0.03404704236865442,0.03403943177239336,0.03403180565880663,0.03402416828698566,0.034016523962246685,0.03400887703136915,0.034001231877661325,0.0339935929135373,0.0339859645653256,0.0339783512793504,0.03397075751673038,0.0339631877490202,0.03395564645111465,0.03394813809739173,0.03394066715732914,0.033933238089139964,0.033925855333526614,0.03391852330892555,0.033911246404055496,0.03390402896992843,0.03389687531744501,0.03388978970067147,0.03388277631019562,0.033875839268627375,0.03386898262791468,0.03386221036333491,0.0338555263674893,0.03384893444440485,0.033842438303759007,0.03383604155525098,0.033829747703129485,0.033823560138850205,0.033817482132255716,0.03381151683126725,0.033805667257735546,0.03379993629397849,0.033794326695060495,0.033788841078915756,0.033783481927934296,0.03377825157855832,0.03377315222083154,0.03376818590731707,0.03376335452875269,0.03375865982127056,0.03375410336334824,0.03374968657671411,0.03374541071779329,0.03374127687849969,0.03373728598860564,0.033733438815558014,0.03372973596454956,0.033726177878910565,0.03372276484082086,0.0337194969723358,0.0337163742367203,0.033713396438282514,0.03371056321442885,0.03370787404873574,0.03370532827327953,0.03370292507255886,0.033700663486421235,0.033698542414043485,0.033696560620226995,0.03369471673767732,0.03369300927098765,0.033691436600832604,0.03368999699075024,0.033688688588887725,0.0336875094369451,0.033686457460572417,0.03368553047499041,0.033684726192303886,0.033684042229428085,0.033683476112882305,0.033683025283469635,0.033682687100895004,0.03368245884829364,0.03368233773664207,0.03368232090902531,0.0336824054430247,0.03368258834478307,0.03368286656330828,0.03368323699392125,0.03368369648360067,0.03368424183229928,0.03368486979701265,0.03368557709696664,0.03368636041456967,0.03368721639742598,0.03368814166560265,0.03368913280437847,0.033690186368301456,0.03369129888671976,0.03369246685103053,0.033693686716867656,0.03369495490721862,0.033696267815381105,0.03369762180532457,0.03369901321191781,0.033700438341114566,0.03370189347012629,0.0337033748476093,0.03370487869389268,0.03370640120019413,0.03370793851919545,0.033709486775796736,0.03371104206756265,0.0337126004700017,0.03371415803170888,0.03371571077845403,0.03371725472402772,0.0337187858574599,0.03372030015081581,0.03372179355612744,0.03372326202095391,0.033724701483722856,0.033726107877910215,0.03372747712960655,0.033728805156898044,0.03373008787681007,0.03373132121201175,0.033732501095089656,0.03373362347298321,0.033734684311638605,0.03373567960086738,0.03373660535939307,0.03373745764006753,0.033738232534148066,0.03373892617173897,0.03373953473268015,0.03374005445255906,0.03374048162577218,0.033740812617017016,0.0337410438653299,0.03374117188602653,0.03374119328620967,0.03374110476596233,0.03374090313883856,0.03374058530846647,0.033740148286885235,0.033739589201661466,0.033738905295914175,0.03373809393218743,0.03373715259896288,0.0337360789163176,0.0337348706400328,0.03373352566537745,0.03373204203058592,0.03373041792001686,0.033728651666985444,0.03372674175626063,0.03372468682499737,0.0337224856532358,0.03372013717678159,0.033717640488490595,0.03371499484059088,0.03371219964461477,0.03370925447250264,0.033706159059539234,0.0337029133021285,0.03369951725727691,0.03369597114200616,0.033692275333953435,0.033688430367339546,0.03368443693562374,0.0336802958746823,0.03367600816062818,0.0336715749115879,0.033666997387283626,0.03366227698597272,0.03365741524111351,0.03365241381783093,0.03364727450919531,0.03364199923232787,0.03363659002434622,0.03363104903712674,0.03362537852154715,0.03361958083432958,0.03361365843372611,0.033607613877146364,0.03360144981469318,0.03359516898585786,0.03358877422187988,0.03358226843149329,0.03357565459973259,0.03356893579640486,0.03356211514636646,0.0335551958352534,0.03354818111240534,0.03354107426376303,0.03353387861663104,0.03352659753649072,0.03351923442260166,0.03351179270280273,0.0335042758282441,0.03349668726807489,0.033489030504093,0.033481309025367015,0.033473526322842694,0.03346568588355214,0.03345779117971456,0.033449845668735864,0.03344185278805951,0.033433815930435845,0.033425738472773796,0.03341762375843001,0.03340947508910736,0.033401295690721776,0.03339308872404692,0.03338485724244329,0.03337660410936294,0.03336833263172989,0.033360045954729425,0.03335174705686032,0.03334343879967628,0.03333512395433157,0.033326805209946006,0.0333184851732203,0.033310166366285546,0.03330185122424054,0.03329354209273258,0.033285241225670274,0.03327695078308494,0.033268672828447685,0.03326040931719927,0.033252162104002586,0.03324393294114538,0.03323572348216221,0.03322753522693727,0.03321936955579867,0.03321122767825597,0.03320311059520331,0.03319501878293988,0.033186951846224666,0.033178908005189064,0.03317089052721989,0.033162901713299456,0.03315494272876019,0.03314701411595013,0.03313911607824947,0.033131248605877954,0.03312341150690217,0.033115604410618296,0.03310782676402475,0.03310007782742844,0.03309235666956355,0.03308466216286578,0.033076992983151886,0.03306934760138898,0.033061724284130775,0.03305412108942174,0.033046535860273986,0.03303896622338707,0.03303140957361037,0.033023863052142874,0.033016323540235384,0.0330087876678011,0.03300125177307224,0.03299371189517443,0.032986163920201685,0.03297860331168903,0.032971025144519765,0.032963424097502095,0.032955794444897615,0.03294813004230653,0.03294042431322904,0.03293267023909734,0.032924860353573164,0.0329169867415874,0.032909041043491724,0.032901014464256015,0.03289289778733075,0.032884681381789946,0.0328763552354049,0.03286790898092425,0.03285933192521335,0.03285061308103392,0.0328417412008813,0.0328327048150901,0.03282349226842817,0.03281409175921292,0.03280449138634349,0.032794679180850696,0.03278464315314989,0.032774371340680494,0.032763851844531115,0.03275307287366652,0.03274202279921429,0.03273069020482503,0.03271906393652681,0.03270713315308283,0.03269488737667361,0.0326823165436701,0.0326694110552522,0.03265616182761476,0.03264256034131095,0.03262859867989183,0.03261426958613021,0.032599566508417804,0.03258448364175419,0.03256901597672522,0.03255315933731165,0.03253691041602727,0.03252026681618684,0.03250322707996434,0.03248579071723573,0.032467958233354854,0.03244973114889754,0.032431112022974926,0.032412104453346226,0.03239271308837479,0.03237294364144209,0.032352802896262293,0.03233229870751505,0.03231143999779617,0.0322902367509437,0.032268700001792654,0.03224684182242806,0.03222467530502258,0.03220221454132472,0.03217947458662541,0.03215647144385182,0.03213322203460616,0.03210974416779765,0.032086056504666546,0.03206217852191148,0.03203813047872515,0.032013933365695774,0.03198960886444956,0.03196517930576018,0.03194066761733754,0.03191609727642207,0.03189149226341299,0.03186687699998287,0.031842276295823334,0.031817715303142285,0.031793219464958264,0.03176881446236978,0.031744526161738014,0.03172038056196924,0.031696403742059905,0.031672621809061996,0.031649060846618525,0.03162574686421082,0.0316027057352691,0.0315799631585228,0.03155754461106185,0.031535475302804775,0.03151378013126143,0.03149248363829362,0.03147160997064407,0.03145118283725557,0.03143122547038613,0.03141176059526689,0.031392810381973994,0.03137439641606171,0.031356539669292534,0.031339260459772866,0.03132257842050779,0.031306512480018756,0.031291080838410396,0.031276300944759396,0.03126218947641598,0.03124876232022228,0.03123603455563341,0.031224020439728502,0.0312127333940859,0.03120218599349692,0.031192389947436932,0.031183356099876037,0.031175094422103623,0.03116761396851252,0.03116092213118403,0.03115502632683671,0.031149933231242204,0.03114564862137763,0.03114217750541963,0.03113952388876299,0.031137690834106325,0.031136680512221338,0.031136494234278684,0.03113713247931974,0.031138594894778604,0.03114088031560628,0.0311439867781543,0.031147911534376,0.03115265106682009,0.031158201104432424,0.031164556639127247,0.03117171194307462,0.031179660586648453,0.031188395456978425,0.031197908765968375,0.031208192078827992,0.031219236335358155,0.031231031877934703,0.031243568461370837,0.03125683527874398,0.03127082099932814,0.031285513761894375,0.031300901208103644,0.03131697050520407,0.03133370836778418,0.03135110107857839,0.0313691345120619,0.031387794148877,0.031407065095401254,0.031426932110154064,0.031447379624992444,0.031468391765938596,0.0314899523737664,0.03151204502432367,0.03153465304856951,0.031557759552309265,0.0315813474356111,0.03160539941189274,0.031629898020796514,0.03165482565117454,0.03168016455992485,0.031705896887057924,0.031732004678435795,0.03175846990105923,0.03178527444813487,0.031812400179288866,0.031839828925867404,0.031867542510230294,0.03189552275482104,0.03192375149904998,0.031952210616447894,0.03198088202012942,0.03200974767479177,0.03203878961684792,0.032067989968117404,0.0320973309490792,0.03212679489187501,0.03215636425307034,0.03218602162618065,0.03221574975396812,0.03224553154051355,0.032275350063066,0.0323051885722381,0.03233503051205906,0.0323648595329502,0.03239465950379409,0.032424414522820584,0.03245410892878336,0.03248372731368286,0.03251325453201386,0.03254267571039071,0.0325719762581168,0.03260114187670947,0.03263015856714839,0.03265901264312715,0.03268769072236871,0.032716179735910636,0.0327444669430294,0.03277253993844869,0.032800386658932874,0.03282799538945406,0.032855354768917135,0.03288245379543004,0.03290928183110687,0.032935828606390806,0.03296208422388812,0.032988039150239706,0.033013684227347045,0.03303901067675977,0.033064010102532154,0.03308867449286831,0.03311299622154733,0.03313696805120753,0.03316058313152734,0.033183834998778694,0.033206717575722904,0.03322922517046088,0.033251352472597986,0.033273094555513125,0.0332944468555656,0.033315405171004245,0.03333596566529542,0.03335612486293,0.03337587964462348,0.033395227242118075,0.03341416523260003,0.033432691532746195,0.03345080439241476,0.033468502387996944,0.033485784415446355,0.03350264967135078,0.03351909765361857,0.03353512815604328,0.0335507412616225,0.033565937334146874,0.03358071701057186,0.03359508119590748,0.03360903105191534,0.03362256798884464,0.033635693657902546,0.033648409941967966,0.03366071894509947,0.03367262298817667,0.03368412458180597,0.03369522641995805,0.03370593137803864,0.03371624250397797,0.0337261630091894,0.033735696259599345,0.033744845766761976,0.033753615179074235,0.03376200827310041,0.03377002894501978,0.03377768120221092,0.03378496914368122,0.033791896959663885,0.03379846892629853,0.033804689398983526,0.03381056280518407,0.033816093637768344,0.03382128645129432,0.03382614585289573,0.03383067649621747,0.03383488307649764,0.03383877032434069,0.03384234299851083,0.03384560588519722,0.03384856377434646,0.03385122145831226,0.03385358373391791,0.033855655398125684,0.033857441243771734,0.03385894605554642,0.03386017460620824,0.03386113165302501,0.03386182193443642,0.03386225016693252,0.03386242104214146,0.03386233921302773,0.03386200929863738,0.033861435884664226,0.03386062352246972,0.0338595767274938,0.033858299978216995,0.03385679771879665,0.03385507435406953,0.03385313424960968,0.03385098173893917,0.03384862110865424,0.03384605660342565,0.033843292428717225,0.0338403327383034,0.033837181634689836,0.03383384317621996,0.03383032137787115,0.03382662021208697,0.03382274360982251,0.0338186954617979,0.033814479619952806,0.03381009989909441,0.03380556007872904,0.03380086390506635,0.03379601508842796,0.03379101730851922,0.03378587421821388,0.03378058943897784,0.03377516657650058,0.03376960921852437,0.033763920938395094,0.03375810527760127,0.03375216579560254,0.03374610604637302,0.03373992958437629,0.03373363996655139,0.033727240748899635,0.03372073548468997,0.03371412772704408,0.03370742103637518,0.03370061898214189,0.033693725143963585,0.033686743112216276,0.033679676488063026,0.033672528882873504,0.033665303916995876,0.03365800521785497,0.03365063641736313,0.0336432011384153,0.03363570299698223,0.033628145600760835,0.03362053254462768,0.03361286740588006,0.033605153738323484,0.03359739506855984,0.03358959488712819,0.033581756641424425,0.03357388372986869,0.03356597949312656,0.033558047205391434,0.03355009007132713,0.0335421111993524,0.033534113600136896,0.03352610018511467,0.03351807375990201,0.03351003701800543,0.033501992535036655,0.03349394276349372,0.03348589002816195,0.033477836522182454,0.03346978430382709,0.033461735294018136,0.03345369126486709,0.033445653844177,0.033437624518733895,0.03342960463617026,0.033421595406600856,0.03341359790561669,0.03340561308051126,0.033397641752033205,0.033389684619468896,0.03338174226763593,0.033373815171895825,0.033365903703881636,0.03335800814341106,0.03335012866680404,0.03334226536216717,0.03333441824299999,0.033326587257433406,0.0333187722976778,0.03331097320975431,0.03330318980344967,0.03329542186243565,0.03328766915449287,0.03327993144177941,0.033272208491084164,0.033264500074670585,0.03325680598518029,0.03324912604908094,0.033241460136883366,0.03323380817356105,0.03322617014786262,0.03321854612363055,0.03321093624660422,0.033203340752268794,0.03319575997478304,0.03318819435242872,0.03318064443280701,0.03317311088286495,0.03316559447412721,0.03315809609431154,0.03315061675543288,0.033143157596716016,0.033135719886702726,0.033128305024676945,0.033120914541408746,0.03311355009922055,0.03310621349138522,0.03309890664086783,0.03309163159842635,0.03308439053311116,0.03307718573250293,0.033070019601940115,0.033062894676,0.033055813589026574,0.033048779079706665,0.033041793963143516,0.033034861168871464,0.03302798371495042,0.033021164700593866,0.03301440730077842,0.033007714756730235,0.03300109037118286,0.03299453748603244,0.03298805947891021,0.032981659759165574,0.0329753417596106,0.03296910892808427,0.03296296471899032,0.03295691258483965,0.032950955967829786,0.032945098291492204,0.03293934295243625,0.032933693312217044,0.032928152682559206,0.03292272432053873,0.03291741142407255,0.032912217126994305,0.032907144489363445,0.03290219649205249,0.032897376034526936,0.0328926859228542,0.03288812886571961,0.032883707469485844,0.03287942423262505,0.032875281539531453,0.03287128165747745,0.03286742672146947,0.032863718732683095,0.032860159558146466,0.0328567509270417,0.03285349442717969,0.0328503915017468,0.03284744344631651,0.03284465140611799,0.032842016373555105,0.032839539185968214,0.03283722052363219,0.03283506089919153,0.03283306065959914,0.0328312199891611,0.03282953890953045,0.03282801727911413,0.03282665479201173,0.03282545096500263,0.03282440499696216,0.03282351607266067,0.032822783252090953,0.03282220544176086,0.032821781457223684,0.03282150992548898,0.0328213892687421,0.03282141772417036,0.03282159336259613,0.03282191409304602,0.032822377661759675,0.032822981645730345,0.032823723433509054,0.03282460039157398,0.03282560969409504,0.032826748353919445,0.03282801323811067,0.03282940106640119,0.03283090841841022,0.03283253174195684,0.03283426735557855,0.03283611145670768,0.03283806012012384,0.03284010926269312,0.03284225442767608,0.03284449149640084,0.03284681626345785,0.03284922438194356,0.032851711390256555,0.03285427271409673,0.03285690368025404,0.03285959953795094,0.03286235547086769,0.03286516660410814,0.03286802801088085,0.03287093471922938,0.03287388171885498,0.03287686396802968,0.032879876400585505,0.03288291393296333,0.03288597147130443,0.03288904391027164,0.03289212614266981,0.032895213071415116,0.032898299617372076,0.0329013807274027,0.03290445138174368,0.032907506603834936,0.032910541452455776,0.032913550748236334,0.03291652544163689,0.03291942840615981,0.032922252369474006,0.032924994999049634,0.03292765318192932,0.032930250924113655,0.032932792170965945,0.03293527468663502,0.03293769492043418,0.03294004895161882,0.03294233283754022,0.032944542722594214,0.03294667485661658,0.03294872560718441,0.03295069146521999,0.03295256904002426,0.03295435506423293,0.0329560464019931,0.032957640051340414,0.03295913312936041,0.032960522866673954,0.03296180656809103,0.03296298153296071,0.032964045645830414,0.03296499690310682,0.03296583338581109,0.03296655329019694,0.03296715492971038,0.032967636740852506,0.032967997298510285,0.03296823532023122,0.032968349665384845,0.03296833933347994,0.03296820346196068,0.0329679413235503,0.03296755232318107,0.03296703599454573,0.03296639199631287,0.03296562010804189,0.03296472021771393,0.03296369231871727,0.032962536510915325,0.03296125299661456,0.03295984207623721,0.032958304142316215,0.03295663967704601,0.03295484924521077,0.03295293348526191,0.03295089310691239,0.03294872888096325,0.0329464416299845,0.0329440322231613,0.03294150154967631,0.03293885051749871,0.03293608004703351,0.03293319106124025,0.032930184475636094,0.0329270611884312,0.032923822070956045,0.03292046795854477,0.032916999642036725,0.03291341786005327,0.0329097232921978,0.03290591654564695,0.032901998151619385,0.032897968568041114,0.032893828173772094,0.03288957712759804,0.03288521467173172,0.032880736125841026,0.032876124394563826,0.032871385974289645,0.03286652846897504,0.03286155692890949,0.03285647505704488,0.03285128390210396,0.03284598361278036,0.032840574105715684,0.03283505525113399,0.03282942692914714,0.03282368905452383,0.032817841593410745,0.03281188457636645,0.03280581811934362,0.032799642434827796,0.032793357845241344,0.03278696479694685,0.03278046386556591,0.032773855769438094,0.03276714138792568,0.03276032177142836,0.03275339814009751,0.032746371879289846,0.03273924449825686,0.03273201752262424,0.03272469281291439,0.03271727240181999,0.032709758427783016,0.0327021546628309,0.032694464452906295,0.03268669110121116,0.03267883806235004,0.032670908990319956,0.03266290774342332,0.03265483837770869,0.032646705136329036,0.03263851243679085,0.03263026485673775,0.03262196711859859,0.03261362407335693,0.03260524068368586,0.03259682200378759,0.0325883731619828,0.03257989934599763,0.0325714057751194,0.03256289770286391,0.03255438039369981,0.032545859103278514,0.0325373390765398,0.032528825527544554,0.032520323624744295,0.032511838492067874,0.032503375192397044,0.0324949387222881,0.032486533989617754,0.032478165817216395,0.03246983894144776,0.03246155800963463,0.03245332757855987,0.03244515211402959,0.03243703599141274,0.032428983497068437,0.03242099883056896,0.03241308610762668,0.03240524936363264,0.032397492551114834,0.03238981954376269,0.03238223414774387,0.032374740115926455,0.03236734114046758,0.032360040862996056,0.032352842879502526,0.03234575075073596,0.032338768002306464,0.032331898124102074,0.03232514458794633,0.032318510839828195,0.0323120003028228,0.03230561635803605,0.032299362352140905,0.03229324159547082,0.032287257356420594,0.032281412854456605,0.032275711251929816,0.03227015564485423,0.0322647490528333,0.032259494408333596,0.03225439454545569,0.0322494521883191,0.03224466993257038,0.03224005023225936,0.03223559539454195,0.03223130757046706,0.03222718874019872,0.032223240701732485,0.03221946506724511,0.03221586324071064,0.03221243640903961,0.0322091855315803,0.03220611133576782,0.03220321430286913,0.03220049466190149,0.032197952365681626,0.03219558709416983,0.03219339825131012,0.03219138496125619,0.03218954606600744,0.03218788012460233,0.03218638541395007,0.03218505993136617,0.03218390139886161,0.03218290726921562,0.03218207473384063,0.03218140072632277,0.03218088193208985,0.03218051480777866,0.03218029559586197,0.032180220338778376,0.032180284891868624,0.032180484936468155,0.03218081596226838,0.0321812732242879,0.03218185152182022,0.03218254455802997,0.03218334872120842,0.03218425929209253,0.03218527108641268,0.03218637871720517,0.032187576664713564,0.03218885929783552,0.032190220884430215,0.03219165559959104,0.032193157534280016,0.03219472070503074,0.03219633906497685,0.03219800651632308,0.03219971692431527,0.032201464126945335,0.03220324194996795,0.032205044232423125,0.032206864847124754,0.03220869772318477,0.03221053686764901,0.03221237639205551,0.03221421053536604,0.032216033686910124,0.03221784041551725,0.03221962549384445,0.03222138392275574,0.03222311095947698,0.03222480212651223,0.032226453247621814,0.03222806047413989,0.032229620308968136,0.0322311296296217,0.032232585710210204,0.032233986242205956,0.03223532935386263,0.03223661362815906,0.03223783811915479,0.03223900236665857,0.03224010640369285,0.03224115076512241,0.03224213650398421,0.03224306520063064,0.032243938967158554,0.032244760450801394,0.032245532835949255,0.03224625979623185,0.032246945575972415,0.032247594957572644,0.03224821324872053,0.032248806330514836,0.03224938055007434,0.032249942718524764,0.03225050011733196,0.03225106048617188,0.032251632005581204,0.03225222328135292,0.032252843322317315,0.032253501519494986,0.032254207623934765,0.03225497172338757,0.03225580421799335,0.032256715795106194,0.03225771739825059,0.03225882019766792,0.03226003557051522,0.03226137507379053,0.03226285041804388,0.03226447343848527,0.032266256069497276,0.03226821031548714,0.03227034822033913,0.03227268184284069,0.03227522322657818,0.03227798437066139,0.03228097720386082,0.032284213540979795,0.03228770506698976,0.032291463311686225,0.03229549962375609,0.03229982514541281,0.03230445078767459,0.032309387206332,0.03231464477864836,0.03232023358083469,0.032326163366337646,0.032332443544974325,0.032339083158086195,0.03234609085610122,0.0323534748879451,0.032361243084122984,0.032369402842645736,0.03237796111300893,0.03238692438485892,0.032396298674432736,0.032406089510368524,0.032416301926567366,0.03242694045051031,0.03243800909319967,0.032449511343138254,0.03246145014347985,0.032473827897949184,0.032486646467412734,0.03249990716658039,0.032513610761784474,0.03252775746984966,0.0325423469580453,0.032557378345108745,0.032572850203329465,0.032588760561677504,0.03260510690995843,0.032621886199323456,0.032639094844520294,0.03265672873884013,0.03267478326278151,0.03269325329456652,0.032712133219358654,0.03273141694364225,0.032751097904648405,0.032771169081262486,0.03279162300984544,0.032812451798407215,0.03283364713875276,0.03285520032269108,0.032877102242139696,0.03289934341637388,0.03292191400971372,0.03294480384864799,0.03296800243933947,0.03299149898548607,0.03301528240649038,0.03303934135588672,0.033063664239976885,0.03308823923662619,0.033113054314169894,0.03313809724617453,0.03316335562621011,0.03318881689450034,0.03321446835966666,0.03324029721516014,0.033266290558669816,0.033292435413818856,0.033318718746462306,0.03334512748126471,0.03337164852052425,0.03339826876412672,0.03342497512330611,0.033451754537327114,0.03347859397588456,0.033505480464359874,0.03353240109974055,0.03355934306505264,0.03358629364324238,0.03361324023051392,0.033640170349109884,0.03366707165952352,0.03369393197213539,0.03372073925826694,0.0337474816606468,0.03377414750021571,0.033800725281780804,0.033827203708860214,0.033853571685076814,0.033879818334800575,0.033905933005199416,0.03393190527124356,0.03395772494776037,0.03398338209067612,0.03400886700538538,0.034034170248704324,0.03405928263303319,0.034084195228259936,0.034108899349942906,0.03413338657353277,0.03415764873689981,0.03418167794187297,0.03420546655537578,0.034229007210183904,0.034252292805328884,0.03427531650616494,0.0342980717441164,0.03432055221612271,0.034342751883799996,0.03436466496844046,0.03438628594425032,0.03440760954529853,0.034428630764032464,0.0344493448513145,0.03446974731341166,0.03448983391783863,0.034509600679813186,0.034529043862517296,0.03454815997474937,0.03456694577234844,0.034585398250976035,0.034603514643376604,0.034621292401264665,0.034638729203554854,0.03465582295322706,0.03467257177373174,0.034688974005330345,0.03470502820137948,0.03472073312456662,0.03473608774310474,0.03475109122689059,0.03476574294363274,0.03478004245495528,0.03479398950883307,0.03480758402974053,0.03482082612353573,0.034833716073138815,0.034846254337833796,0.034858441548079086,0.03487027850458711,0.0348817661729194,0.03489290567812145,0.03490369830493767,0.03491414549018025,0.03492424882479043,0.034934010041848866,0.03494343100025254,0.03495251369297428,0.034961260243675525,0.03496967290287119,0.034977754044088226,0.03498550616003812,0.03499293185880764,0.03500003386006835,0.03500681499130664,0.03501327818407288,0.03501942647025006,0.03502526297492905,0.03503079090624531,0.03503601356085218,0.03504093432025768,0.0350455566498852,0.035049884094436795,0.03505392027719083,0.035057668895874784,0.0350611337170316,0.035064318576769095,0.035067227374360924,0.03506986406802649,0.03507223267118388,0.0350743372353064,0.03507618185784368,0.035077770679148405,0.035079107879064896,0.03508019767354627,0.03508104431129928,0.03508165207045956,0.03508202525529853,0.03508216819296324,0.03508208523025152,0.035081780730423846,0.03508125906695049,0.03508052461351965,0.03507958175024347,0.035078434861235186,0.035077088333301074,0.035075546551865865,0.03507381389630823,0.035071894669323915,0.035069793194960196,0.03506751377640549,0.03506506066669059,0.035062438397013125,0.03505965135958013,0.03505670385841403,0.03505360015555123,0.035050344481093884,0.03504694103417972,0.03504339398170062,0.03503970745650908,0.03503588555556074,0.035031932338114614,0.0350278518240013,0.03502364799198624,0.03501932477822172,0.03501488607220131,0.03501033570865447,0.03500567747493421,0.035000915106276606,0.03499605229303743,0.034991092676599896,0.03498603985092513,0.03498089735258643,0.03497566868028787,0.03497035728404266,0.03496496656071452,0.03495949985393912,0.03495396045303638,0.03494835158106915,0.034942676405121186,0.03493693803644095,0.034931139530303856,0.03492528388594213,0.034919374046542,0.03491341289930733,0.03490740327558676,0.03490134795106247,0.034895249645997405,0.03488911102553841,0.03488293469805088,0.034876723209317805,0.03487047905064905,0.03486420466029212,0.03485790242458732,0.03485157467831973,0.03484522370338738,0.03483885173367323,0.034832460940166426,0.03482605338832587,0.03481963092256881,0.03481319585481425,0.03480675025689905,0.03480029609313638,0.03479383526871579,0.03478736964043438,0.03478090101992164,0.0347744311750692,0.03476796183101463,0.03476149467101582,0.03475503133729681,0.03474857343188451,0.03474212251743936,0.03473568011807908,0.034729247717903054,0.034722826753433036,0.0347164186243229,0.03471002469367545,0.03470364629219122,0.0346972847168333,0.03469094122898084,0.03468461703387859,0.034678313370269484,0.03467203143170003,0.0346657723768424,0.034659537334815485,0.03465332740514662,0.034647143648344335,0.034640987096406034,0.03463485875362614,0.03462875959696585,0.03462269057630579,0.034616652614560824,0.03461064660763564,0.034604673424198804,0.03459873390525514,0.03459282886349619,0.03458695908240842,0.03458112531307699,0.03457532826379466,0.0345695686085153,0.03456384698540609,0.03455816399598975,0.034552520201670496,0.034546916122952485,0.03454135223566974,0.03453582896469708,0.03453034668320372,0.0345249057053669,0.034519506280127295,0.034514148582981394,0.03450883270058611,0.03450355863380516,0.03449832629153468,0.0344931354840865,0.03448798591652336,0.03448287718202794,0.03447780875539266,0.03447277998672008,0.03446779009542654,0.03446283816464092,0.034457923136090265,0.03445304380386084,0.03444819880142331,0.034443386608512795,0.03443860554861108,0.034433853790174794,0.034429129344782955,0.03442443006978443,0.03441975366839599,0.03441509768918229,0.03441045953220577,0.03440583644829837,0.03440122554181352,0.034396623771414885,0.03439202794591666,0.034387434737474555,0.034382840686889606,0.03437824220907875,0.034373635599013054,0.034369017038135476,0.03436438260127207,0.03435972826405471,0.03435504991087349,0.034350343343376916,0.03434560428953754,0.03434082841236726,0.034336011313935225,0.034331148552869645,0.03432623565209665,0.03432126811872978,0.034316241453863555,0.034311151159563694,0.03430599276775899,0.034300761845882814,0.03429545401260457,0.03429006495315323,0.034284590430664424,0.034279026296270776,0.0342733684945482,0.034267613083653205,0.03426175624682828,0.03425579430276001,0.03424972371503804,0.03424354110070667,0.03423724323792498,0.034230827072771516,0.03422428972524737,0.03421762849454482,0.03421084086366021,0.03420392450231735,0.03419687726088962,0.03418969718360546,0.03418238251111369,0.03417493168624146,0.034167343355435933,0.034159616373897736,0.034151749807293116,0.03414374293224383,0.034135595242375395,0.034127306445989374,0.03411887646673385,0.03411030544007282,0.034101593706031004,0.034092741814960206,0.03408375052507674,0.03407462079881374,0.03406535379829431,0.034055950879992525,0.0340464135886725,0.03403674365071466,0.034026942966955666,0.03401701360517558,0.034006957792373345,0.03399677790612621,0.03398647645693708,0.033976056090796146,0.03396551958173824,0.033954869828170975,0.033944109845695104,0.033933242764067915,0.033922271822194594,0.03391120036244878,0.03390003183149016,0.033888769775160886,0.033877417836955984,0.03386597975387461,0.03385445935148005,0.033842860552627196,0.033831187380108374,0.03381944395984541,0.033807634524824666,0.03379576341970349,0.03378383510600711,0.03377185416782879,0.0337598253179385,0.03374775340420191,0.03373564341620773,0.033723500491410714,0.03371132991158941,0.03369913711962499,0.03368692772569481,0.03367470751633744,0.03366248245916776,0.03365025871065928,0.03363804262020642,0.03362584073253368,0.03361365979483055,0.03360150675615341,0.033589388768869,0.03357731318523753,0.033565287552502356,0.03355331961849648,0.03354141732977957,0.03352958882852724,0.03351784244841004,0.033506186709463974,0.033494630311957416,0.033483182129268985,0.03347185119979777,0.033460646717932335,0.033449578024110777,0.033438654593669126,0.03342788601448175,0.03341728198486197,0.033406852300333224,0.03339660684248917,0.033386555563619566,0.03337670847421418,0.03336707562682345,0.03335766709850932,0.03334849297835559,0.033339563347530486,0.03333088826221754,0.03332247773192393,0.03331434169818456,0.033306490023527736,0.03329893247430185,0.033291678703295045,0.03328473823243382,0.033278120435612735,0.033271834521702626,0.03326588951778334,0.03326029425264469,0.03325505734059692,0.033250187165629316,0.03324569186586532,0.0332415793075862,0.0332378570809201,0.03323453248586008,0.03323161252058348,0.033229103857249156,0.033227012666416825,0.033225343216641404,0.033224101309519104,0.033223292694986396,0.03322292271991998,0.03322299670269984,0.033223519025842176,0.03322449350554458,0.0332259235104408,0.03322781198539128,0.033230161452961836,0.03323297400986286,0.03323625132114856
7.25,1.003261927971669,1.006523353282461,1.0097807165282495,1.0130306062330536,1.0162697634321052,1.0194950846874782,1.0227036237410945,1.02589259198785,1.0290593579316711,1.0322014457695279,1.0353165332323444,1.0384024487975418,1.0414571683749712,1.044478811556537,1.047465637509394,1.0504160405833811,1.0533285456949664,1.0562018035425265,1.059034585701097,1.0618257796387007,1.0645743836909491,1.0672795020258918,1.0699403396266756,1.0725561973156952,1.0751264668406635,1.0776506260394412,1.080128234098487,1.0825589269144542,1.084942412505344,1.08727846645136,1.089566926667229,1.091807684011435,1.0940006825599822,1.0961459143126406,1.0982434127420355,1.1002932707504296,1.1022956241913344,1.1042506473753204,1.1061585497567217,1.108019572815317,1.1098339870833456,1.1116020893108176,1.1133241997649248,1.1150006596595279,1.1166318287104837,1.1182180828125756,1.1197598118336436,1.1212574175213341,1.1227113115181375,1.124121913479142,1.1254896492410016,1.1268149481143077,1.1280982312623673,1.129339906889338,1.1305403556695752,1.1316999081702,1.1328188610509449,1.133897467869979,1.1349359271629424,1.1359346585110157,1.1368940705464854,1.137814565303328,1.1386965405557619,1.1395403892438087,1.1403464982025706,1.14111524679516,1.1418470055982315,1.1425421351729768,1.143200984924946,1.143823892049188,1.144411180555667,1.1449631603695856,1.1454801265020649,1.1459623582754408,1.1464101184771618,1.1468236514150558,1.14720317459893,1.1475488855881,1.1478609596088105,1.1481395468289344,1.1483847981471795,1.1485968457813132,1.148775802074489,1.1489217594925099,1.1490347904386935,1.1491149470198028,1.149162260831489,1.1491767427813164,1.1491583829532126,1.1491071505137225,1.149022993659647,1.14890583960652,1.148755594617256,1.1485721440707524,1.1483553525701538,1.1481050640900712,1.147821102162794,1.1475032701030057,1.147151351270739,1.1467651093725804,1.14634428880021,1.1458886150063812,1.1453977949179595,1.144871517385419,1.1443094536682208,1.1437112579558997,1.1430765679235502,1.142405005321748,1.141696176599602,1.1409496735605598,1.1401650740497007,1.13934194267164,1.1384798315379776,1.1375782810431352,1.136636820667353,1.1356549698055385,1.1346322386203063,1.1335681289181267,1.132462135047185,1.1313137448148711,1.1301224404243544,1.1288876994265076,1.1276089956875672,1.1262858003692429,1.1249175829194042,1.1235038120424659,1.1220439563760787,1.1205374830974637,1.118983864903187,1.1173825777365562,1.1157331018928345,1.1140349230894095,1.1122875334888656,1.110490432705705,1.1086431288018,1.1067451385517093,1.1047959469233357,1.102795039102492,1.1007418930232478,1.098635971072234,1.0964767959214983,1.0942639276288255,1.0919969564004344,1.0896755104159521,1.0872992387835942,1.084867810990733,1.0823809165075564,1.0798382647536284,1.077239583686579,1.0745846266420387,1.071873171314703,1.0691050196443068,1.0662800000732924,1.063397965766655,1.060458794724922,1.0574623901157656,1.0544086805757558,1.051297620481625,1.0481291901933294,1.0449033962736494,1.0416202716843832,1.0382798759582157,1.0348822953451116,1.0314276429322788,1.0279160587363125,1.0243477097676275,1.0207227900664875,1.0170415207097874,1.0133041497903406,1.0095109523639272,1.0056622303687224,1.0017583125142833,0.9977995541431172,0.9937863370618404,0.9897190693430519,0.9855981851022074,0.9814241442442689,0.9771974321843875,0.9729185595414214,0.9685880618060417,0.964206498983263,0.9597744552113942,0.9552925383573654,0.9507613795895622,0.9461816329290944,0.9415539747804423,0.9368791034424513,0.9321577386006531,0.9273906208011821,0.9225785109044308,0.9177221877102387,0.9128224389351379,0.9078800263445278,0.9028955826416184,0.8978697728596513,0.8928032509422289,0.8876966276048665,0.8825501156487624,0.877363233385423,0.8721341847992201,0.8668638477172473,0.8615537024762141,0.856205214790878,0.8508196548962329,0.8453982479689645,0.8399422125027931,0.834452824131345,0.8289313827066762,0.8233791991332998,0.8177976232057519,0.8121879890072191,0.8065516250191962,0.8008898560465654,0.7952040028252108,0.7894953811333729,0.7837653008511413,0.7780150650729656,0.7722459692953925,0.7664593006794381,0.7606563373793611,0.7548383479315431,0.7490065907019229,0.7431623133835509,0.7373067525398639,0.7314411331891563,0.7255666684283811,0.7196845590865865,0.7137959934117484,0.7079021467835935,0.7020041814522783,0.6961032462988913,0.6902004766159497,0.684296993905913,0.6783939056959112,0.6724923053670708,0.6665932719969934,0.6606978702126618,0.6548071500549211,0.6489221468534728,0.643043881109755,0.6371733583935311,0.6313115692363682,0.625459489038585,0.6196180779848234,0.6137882809575436,0.607971027461088,0.6021672315498303,0.5963777917613416,0.5906035910535606,0.5848454967468661,0.579104360469616,0.573381018108338,0.5676762897616223,0.5619909796985051,0.5563258763207132,0.5506817521289191,0.5450593636930416,0.5394594516266213,0.5338827405653183,0.5283299391495857,0.5228017400109991,0.5172988197637375,0.5118218389999917,0.5063714422899226,0.5009482581867535,0.4955528992355145,0.4901859619870114,0.4848480270119681,0.47953965893106315,0.4742614064412456,0.469013802350155,0.463797363613879,0.4586125913805818,0.45345997104024294,0.44833997227665107,0.44325304912680935,0.43819964004466766,0.43318016797059666,0.4281950404058588,0.423244649492272,0.4183293720970686,0.4134495699029329,0.40860558950318565,0.40379776250208216,0.39902640561968994,0.3942918208016433,0.38959429533501405,0.3849341019682131,0.3803114990374124,0.3757267305948414,0.3711800265435208,0.36667160277566707,0.36220166131741033,0.35777039047599185,0.3533779649902203,0.3490245461895511,0.34471028215300575,0.34043530787407783,0.3361997454264032,0.33200370413540875,0.32784728075246583,0.3237305596328987,0.3196536129168834,0.3156165007132968,0.31161927128638756,0.30766196124510964,0.3037445957349646,0.29986718863219153,0.2960297427393357,0.2922322499825908,0.28847469161309386,0.2847570384084014,0.281079250875663,0.27744127945745173,0.2738430647374953,0.27028453765074273,0.2667656196886413,0.26328622310864375,0.259846251143251,0.2564455982120814,0.2530841501312092,0.2497617843241576,0.24647837003134607,0.24323376852039344,0.24002783329525357,0.23686041030624727,0.2337313381590542,0.23064044832296668,0.22758756533833838,0.22457250702310505,0.22159508467825845,0.21865510329215787,0.21575236174258627,0.2128866529978421,0.21005776431762843,0.20726547745125146,0.2045095688349702,0.20178980978710878,0.19910596670121788,0.19645780123877205,0.19384507051657124,0.19126752729598268,0.1887249201684108,0.1862169937376567,0.18374348880022848,0.18130414252482657,0.17889868862536054,0.17652685753579164,0.17418837658033026,0.1718829701416225,0.1696103598294282,0.16737026464066584,0.16516240112023708,0.16298648351889508,0.16084222394830328,0.1587293325333382,0.15664751756082418,0.154596485625845,0.1525759417763764,0.15058558965418864,0.14862513163345595,0.14669426895656518,0.1447927018667359,0.14292012973707163,0.14107625098293033,0.13926076330729134,0.13747336369565602,0.13571374836285682,0.1339816148604323,0.1322766602457442,0.13059858135631633,0.1289470750465409,0.1273218383308844,0.1257225684963241,0.1241489632042724,0.12260072058791896,0.12107753934646691,0.1195791188366269,0.11810515916147667,0.11665536125672707,0.11522942697374038,0.11382705916076806,0.11244796174172936,0.11109183979222943,0.10975839961429794,0.10844734880638439,0.10715839633282538,0.10589125258853685,0.10464562946605864,0.10342124041634053,0.10221780050790108,0.10103502648514573,0.09987263682282686,0.09873035177928716,0.09760789344622706,0.09650498579726648,0.09542135473379253,0.09435672812957187,0.09331083587300222,0.09228340990728004,0.09127418426858193,0.09028289512229272,0.0893092807973131,0.08835308181848035,0.08741404093652944,0.0864919031564701,0.08558641576505106,0.08469732835575466,0.08382439285250833,0.08296736353155093,0.08212599704147246,0.08130005242257088,0.08048929112335114,0.07969347701584976,0.07891237641033455,0.07814575806725338,0.0773933932081679,0.07665505552588552,0.07593052119172045,0.07521956886248844,0.07452197968568054,0.07383753730394113,0.07316602785807405,0.0725072399887747,0.07186096483717201,0.07122699604421351,0.07060512974892388,0.06999516458556922,0.06939690167958172,0.06881014464262195,0.06823469956669379,0.0676703750162342,0.06711698197996513,0.06657433312460448,0.06604223779157835,0.06552047742611553,0.0650087227304927,0.06450687451428963,0.06401480450867762,0.06353235933014403,0.06305937816671581,0.06259569887969677,0.06214116049113635,0.06169560391392834,0.0612588721314938,0.06083081023360666,0.06041126541577286,0.060000086969286826,0.059597126268728956,0.05920223675857992,0.05881527393937351,0.05843609535349941,0.0580645605702121,0.05770053117041159,0.05734387073204893,0.056994444814580617,0.056652120943633325,0.056316768595075464,0.05598825917885966,0.055666466023639435,0.0553512643284812,0.05504253113444867,0.05474014516624467,0.054443986263955975,0.054153937170521,0.05386988256533756,0.05359170888390282,0.05331930441390554,0.053052559087108604,0.05279136454012997,0.05253561412720032,0.05228520291051145,0.05204002764454278,0.051799986758880485,0.05156498034066965,0.05133491011699067,0.05110967943671548,0.050889193252572094,0.05067335810404509,0.0504620820996934,0.05025527489989861,0.05005284769952967,0.04985471321050772,0.04966078564523828,0.04947098069908979,0.04928521553317409,0.049103408757643775,0.04892548041501687,0.048751351963059075,0.04858094625838936,0.048414187539170955,0.048251001408549356,0.04809131481770292,0.047935056049730376,0.04778215470334949,0.047632541676604,0.04748614915064542,0.047342910573586756,0.04720276064442486,0.04706563529702746,0.04693147168361237,0.04680020815845693,0.046671784262574206,0.046546140707937056,0.04642321936187004,0.04630296323114533,0.0461853164464669,0.04607022424701455,0.04595763296487114,0.04584749000946297,0.04573974385203561,0.045634344009365696,0.045531241024050054,0.045430386432711,0.04533173269775339,0.04523523343543774,0.045140843181197446,0.04504851741009041,0.04495821253119433,0.044869885874529294,0.04478349567611171,0.044699001062269726,0.04461636202887377,0.04453553935716015,0.04445649446492729,0.04437918881327145,0.04430358209285302,0.04422963174788764,0.044157290256915345,0.04408650082809558,0.04401723733392667,0.043949476198404704,0.04388319179502326,0.04381835586134566,0.04375493983618463,0.04369291549185743,0.04363225567010647,0.043572933394232745,0.04351492194284933,0.04345819501134468,0.04340272676275853,0.04334849187400437,0.04329546553885801,0.04324362345889967,0.04319294183154988,0.04314339733747886,0.043094967127952945,0.0430476288122537,0.04300136044461099,0.04295614051138477,0.04291194791940887,0.042868761983847425,0.04282656241626274,0.04278532931248176,0.04274504313079506,0.04270568437109203,0.0426672300967008,0.042629662030437034,0.042592962879809966,0.04255711551776893,0.04252210326014528,0.04248790917984734,0.04245451647996396,0.04242190859613331,0.04239006921466519,0.04235898227032778,0.04232863193902384,0.04229900262948695,0.0422700789750454,0.04224184582572249,0.04221428824075489,0.0421873914815635,0.04216114100457365,0.04213552245474778,0.04211052166062181,0.0420861246292836,0.04206231754248782,0.04203908675181797,0.04201641877559575,0.04199430029641219,0.0419727181584786,0.04195165936594355,0.04193111108220869,0.04191106062844262,0.04189149548347576,0.0418724032844397,0.041853771826773745,0.04183558906551828,0.041817843116582175,0.041800522259122945,0.04178361493804127,0.04176710976679714,0.04175099553057063,0.0417352611897388,0.04171989588363832,0.04170488893458279,0.041690229851821185,0.04167590833567885,0.041661914282525,0.041648237789481325,0.04163486915763268,0.04162179889912049,0.04160901774151433,0.04159651663203228,0.041584286743515005,0.04157231947889565,0.041560606475928664,0.0415491396118134,0.04153791100742517,0.04152691303177178,0.04151613830537813,0.04150557970400481,0.04149523036161345,0.0414850836739701,0.041475133301562044,0.04146537317212751,0.04145579748284364,0.04144640070215716,0.04143717757124419,0.04142812310508707,0.04141923259248071,0.041410501595816294,0.04140192595169492,0.04139350177040129,0.04138522543508612,0.04137709360020832,0.04136910318993812,0.041361251397138886,0.041353535679191686,0.04134595375547397,0.041338503604690595,0.04133118346003398,0.041323991805123805,0.041316927370110036,0.041309989125045764,0.041303176274920195,0.04129648825359936,0.04128992471794886,0.04128348554135494,0.04127717080687762,0.04127098080008692,0.04126491600159818,0.04125897707932005,0.04125316488043095,0.04124748042238598,0.04124192488400638,0.04123649959740766,0.04123120603909023,0.04122604582163527,0.04122102068325513,0.04121613247882607,0.041211383172956216,0.04120677482409586,0.04120230958109189,0.041197989671089,0.041193817389211775,0.04118979508870566,0.04118592517138935,0.04118221007675084,0.04117865227233811,0.04117525424367299,0.04117201848464512,0.04116894748778463,0.04116604373460871,0.041163309686088854,0.04116074777325824,0.04115836038797734,0.041156149873875385,0.041154118516884074,0.04115226853652073,0.04115060207776635,0.041149121202947565,0.04114782788352967,0.04114672399289914,0.0411458112989838,0.04114509145793723,0.041144566006402254,0.041144236355423774,0.04114410378442747,0.04114416943560122,0.04114443430828555,0.04114489925417984,0.04114556497194752,0.04114643200289767,0.0411475007265859,0.041148771357550004,0.041150243942064964,0.041151918355221404,0.04115379429837114,0.04115587129693889,0.041158148698598455,0.04116062567181001,0.04116330120398425,0.041166174100070195,0.041169242983112544,0.04117250629419717,0.04117596229289913,0.04117960905767875,0.041183444487058685,0.04118746630107602,0.0411916720429422,0.04119605908091215,0.04120062461063709,0.04120536565759472,0.04121027907958749,0.04121536157022254,0.041220609660920095,0.04122601972449095,0.04123158797821254,0.04123731048829825,0.0412431831740238,0.041249201811983105,0.04125536204052825,0.04126165936438191,0.041268089159413046,0.04127464667756331,0.0412813270511202,0.041288125297415476,0.04129503632496911,0.04130205493895114,0.04130917584682704,0.04131639366382444,0.04132370291884161,0.041331098060591584,0.041338573463187124,0.04134612343211208,0.04135374221062349,0.041361423985113804,0.041369162891054106,0.04137695301932042,0.04138478842127607,0.04139266311467012,0.041400571088942184,0.04140850631170087,0.04141646273460817,0.04142443429916286,0.041432414942440335,0.041440398602783445,0.041448379225439466,0.04145635076813876,0.04146430720581949,0.041472242535329634,0.04148015078189641,0.04148802600444417,0.041495862301033595,0.04150365381376457,0.041511394734136633,0.04151907930829934,0.041526701842023686,0.04153425670555637,0.04154173833859399,0.04154914125491375,0.041556460046709764,0.041563689389709606,0.041570824046026675,0.04157785886865729,0.041584788805052744,0.04159160890180498,0.04159831430862395,0.04160490028214115,0.04161136218960157,0.0416176955124398,0.04162389584973782,0.04162995892156164,0.041635880571398914,0.0416416567685256,0.04164728361202058,0.04165275733360485,0.04165807430045028,0.041663231017602796,0.041668224130635874,0.04167305042782944,0.041677706842890586,0.04168219045676992,0.04168649849963962,0.041690628352570924,0.04169457754878029,0.04169834377568463,0.04170192487436885,0.04170531884088161,0.041708523826490956,0.041711538138959454,0.04171436024303639,0.0417169887607109,0.04171942247128462,0.04172166031126307,0.041723701374064816,0.04172554490954633,0.041727190322545744,0.041728637171170896,0.041729885166992206,0.041730934173834965,0.0417317842066067,0.04173243542943204,0.041732888154191496,0.0417331428427068,0.0417332000598141,0.041733060545839334,0.04173272518567484,0.04173219500372716,0.041731471167152735,0.041730554965405744,0.041729447812008,0.04172815124316179,0.04172666691417953,0.041724996596588564,0.04172314217435809,0.041721105639896505,0.04171888908990464,0.04171649472109715,0.041713924825803175,0.04171118178745411,0.04170826807520869,0.04170518623828495,0.04170193890247448,0.04169852876527852,0.041694958591151354,0.04169123120634859,0.041687349494204884,0.04168331639262353,0.04167913488526385,0.041674807997895885,0.04167033879359477,0.04166573036788691,0.04166098584349997,0.04165610836585823,0.041651101097159526,0.04164596721159577,0.0416407098901289,0.04163533231641971,0.041629837672298296,0.04162422913329022,0.04161850986425744,0.0416126830151641,0.04160675171697456,0.04160071907769087,0.041594588177737646,0.04158836206535491,0.04158204375440262,0.041575636221043065,0.041569142401246324,0.04156256518685911,0.04155590742333085,0.04154917190924787,0.04154236139001889,0.04153547855794433,0.041528526049791306,0.04152150643973236,0.04151442225340835,0.04150727595325723,0.041500069937759114,0.04149280654153241,0.041485488034258826,0.04147811662034215,0.041470694438324775,0.04146322356043451,0.041455705992300626,0.04144814367283367,0.04144053847426656,0.041432892202351544,0.04142520659590608,0.041417483326262064,0.041409723999308284,0.041401930156279305,0.04139410327487137,0.04138624477002661,0.04137835599539223,0.041370438245057,0.04136249275464886,0.04135452070292891,0.04134652321463858,0.0413385013601213,0.041330456157571055,0.041322388575532394,0.04131429953314183,0.041306189902213485,0.04129806050869191,0.041289912135230186,0.04128174552318829,0.04127356137459769,0.04126536035413613,0.04125714309110528,0.041248910181403226,0.04124066218948451,0.04123239964949841,0.041224123066181444,0.0412158329181101,0.04120752965957477,0.04119921372257162,0.041190885518319634,0.04118254543907071,0.04117419385876124,0.041165831116152574,0.0411574575589267,0.04114907352177989,0.041140679325404016,0.041132275295159254,0.04112386174029622,0.04111543895915776,0.041107007241960994,0.04109856687153794,0.04109011812493616,0.041081661274129225,0.041073196586550356,0.04106472432552407,0.04105624475060073,0.04104775811779668,0.041039264679742664,0.041030764684942135,0.04102225837658214,0.041013745993937846,0.04100522777222064,0.04099670394257275,0.04098817473146665,0.04097964036067985,0.04097110104716467,0.040962557002630746,0.04095400843304261,0.04094545553833379,0.04093689851178399,0.0409283375391224,0.040919772798758816,0.04091120445910818,0.0409026326782522,0.04089405760283555,0.04088547936815891,0.04087689809757832,0.040868313901861034,0.040859726878559904,0.04085113711141148,0.040842544669761914,0.040833949608025076,0.04082535196436949,0.04081675175912996,0.040808148995851036,0.04079954366097435,0.04079093572376419,0.040782325135793614,0.040773711831107236,0.04076509572855806,0.040756476728096076,0.040747854712203255,0.04073922954758291,0.040730601082949264,0.040721969150068975,0.040713333564636696,0.04070469412571388,0.04069605061625302,0.04068740280341673,0.040678750439896126,0.040670093264798396,0.040661431004595995,0.04065276337418127,0.04064409007802494,0.04063541081143843,0.040626725261938744,0.040618033109961614,0.040609334029138806,0.04060062768955055,0.04059191375951378,0.04058319190768461,0.04057446180467912,0.040565723125440295,0.04055697555332802,0.04054821877933839,0.04053945250542288,0.04053067644637255,0.04052189033336393,0.040513093915460284,0.04050428696249974,0.04049546926599744,0.04048664064146447,0.040477800930347856,0.040468950003098386,0.04046008776151372,0.04045121414099429,0.0404423291127595,0.0404334326860138,0.04042452491005436,0.04041560587631208,0.040406675719553156,0.04039773461850584,0.04038878279920403,0.040379820536745506,0.04037084815709066,0.040361866038336545,0.04035287461242212,0.040343874368286854,0.04033486585024809,0.04032584966005024,0.04031682645971684,0.04030779696898202,0.04029876196696279,0.040289722292768254,0.04028067884550891,0.040271632583843614,0.04026258452557127,0.040253535748095225,0.04024448738810868,0.040235440641082455,0.04022639676060357,0.040217357057568945,0.0402083228992351,0.040199295708127844,0.04019027696006697,0.04018126818146354,0.04017227094945337,0.04016328689036018,0.040154317678265564,0.040145365032848546,0.040136430717843764,0.04012751654096544,0.04011862434899872,0.040109756026690827,0.04010091349745665,0.04009209871588331,0.04008331366723736,0.04007456036562172,0.040065840850358136,0.04005715718345432,0.04004851144681498,0.04003990574009455,0.0400313421780829,0.04002282288804448,0.04001435000705194,0.0400059256793192,0.039997552053540136,0.039989231280238485,0.03998096550844542,0.03997275688171129,0.0399646075371319,0.03995651960286297,0.039948495198386204,0.03994053642782573,0.03993264537917226,0.039924824122531274,0.039917074707296614,0.039909399160071024,0.0399017994797279,0.0398942776408114,0.03988683558879063,0.03987947523862945,0.039872198470804164,0.03986500712949807,0.039857903020462764,0.03985088790989724,0.03984396352270883,0.03983713154078306,0.03983039360131123,0.03982375129517451,0.039817206165383194,0.039810759705569194,0.039804413357839304,0.03979816850979181,0.039792026494947,0.03978598859150099,0.039780056021301975,0.039774229948361606,0.03976851147804006,0.0397629016561726,0.03975740146807854,0.03975201183745394,0.039746733625599565,0.03974156763031815,0.03973651458457885,0.03973157515641198,0.03972674994577413,0.0397220394837352,0.039717444231325755,0.0397129645793536,0.039708600847523624,0.03970435328351974,0.03970022206209875,0.03969620728419607,0.039692308976043277,0.039688527088298495,0.03968486149452049,0.03968131198875201,0.03967787828645496,0.0396745600237928,0.039671356756889445,0.03966826796115388,0.03966529303083191,0.03966243127860373,0.039659681935092395,0.03965704414826441,0.03965451698334382,0.03965209942200483,0.03964979036177354,0.03964758861663314,0.0396454929145634,0.03964350189755314,0.039641614121404656,0.039639828056514344,0.039638142088076936,0.03963655451636042,0.03963506355710658,0.039633667342063736,0.03963236391965648,0.039631151255797234,0.039630027234192185,0.0396289896557593,0.03962803624173537,0.039627164635191364,0.03962637240289385,0.039625657036305856,0.03962501595140516,0.03962444647789399,0.039623945809284494,0.03962351117531343,0.03962313975354853,0.03962282865620552,0.0396225749383203,0.039622375590532555,0.039622227546184836,0.039622127687982484,0.03962207285235629,0.03962205983393854,0.03962208538925488,0.0396221462403998,0.03962223907876325,0.03962236056880948,0.03962250735188216,0.03962267605002956,0.03962286326920655,0.039623065601388806,0.03962327963018276,0.03962350193468712,0.039623729093454046,0.03962395768783673,0.039624184305956,0.03962440554646522,0.03962461802196885,0.03962481835867494,0.039625003188967195,0.039625169112375125,0.039625312870865445,0.039625431224738696,0.03962552095016613,0.03962557885046571,0.039625601762869805,0.03962558656379544,0.039625530171930795,0.03962542955074954,0.039625281710820914,0.03962508371200316,0.03962483266553716,0.03962452573604802,0.03962416014287879,0.03962373316003695,0.03962324211981122,0.039622684414514456,0.03962205749824519,0.039621358887942264,0.039620586165233715,0.03961973697724861,0.03961880903620494,0.039617800119464454,0.03961670806757216,0.03961553077750425,0.0396142662802643,0.03961291265837488,0.039611468058187896,0.0396099306963932,0.039608298862213946,0.039606570919037555,0.03960474530505217,0.03960282053372879,0.03960079519425452,0.03959866795193691,0.03959643754859122,0.03959410280291715,0.03959166261046894,0.03958911594216058,0.03958646184652874,0.03958369945017839,0.03958082795997511,0.039577846660818886,0.03957475491726291,0.03957155217413166,0.03956823795739827,0.03956481187462137,0.03956127361648834,0.03955762295590113,0.039553859749013855,0.03954998393599871,0.0395459955415715,0.03954189467480582,0.03953768152988458,0.03953335638741625,0.03952891961520654,0.03952437166899632,0.03951971309319647,0.03951494452161201,0.039510066678149096,0.039505080377497816,0.03949998652526888,0.03949478611659574,0.03948948023871119,0.039484070071583735,0.03947855688870631,0.0394729420571111,0.03946722703811664,0.03946141339463733,0.03945550277947306,0.03944949693994953,0.039443397717097615,0.03943720704785442,0.03943092696351933,0.0394245595895827,0.039418107144342594,0.039411571937777584,0.039404956370810734,0.0393982629348014,0.03939149421044239,0.039384652866476855,0.039377741658262105,0.03937076342617768,0.03936372109387508,0.039356617666368054,0.0393494562274845,0.03934223993553363,0.039334972022970156,0.039327655793971274,0.0393202946219822,0.03931289194659842,0.039305451270936695,0.03929797615882447,0.039290470231473994,0.03928293716402792,0.0392753806822775,0.03926780455873005,0.0392602126083926,0.03925260868554104,0.03924499667752,0.03923738050020043,0.03922976409381916,0.03922215141912044,0.03921454645277516,0.039206953182672206,0.03919937560312956,0.03919181771003352,0.039184283495919674,0.039176776945002344,0.03916930202774144,0.03916186269498248,0.03915446287371551,0.03914710646212998,0.03913979732268088,0.03913253928021596,0.039125336115974976,0.03911819156368312,0.039111109303334265,0.03910409295682511,0.0390971460856623,0.03909027218207964,0.039083474666096685,0.03907675688088232,0.03907012208889474,0.03906357346619494,0.03905711409857029,0.03905074697816162,0.0390444749997146,0.03903830095697037,0.03903222753923339,0.0390262573281266,0.03902039279454016,0.039014636295780884,0.03900899007255368,0.039003456244430156,0.03899803680960751,0.03899273364293887,0.038987548494385744,0.03898248298747153,0.03897753861812487,0.03897271675420837,0.03896801863446546,0.03896344536795785,0.03895899793375146,0.03895467718133773,0.03895048383026525,0.03894641847138215,0.03894248156453918,0.03893867343927064,0.03893499429614154,0.03893144420847139,0.038928023123656966,0.038924730864638636,0.038921567131535446,0.03891853150343797,0.038915623440346846,0.038912842285243686,0.038910187265923143,0.03890765749518736,0.03890525197516407,0.03890296959981181,0.03890080915785745,0.03889876933504398,0.038896848716981,0.03889504579234388,0.03889335895530255,0.03889178650816283,0.03889032666514481,0.03888897755327603,0.038887737215393715,0.038886603613573004,0.03888557462879505,0.038884648063333714,0.038883821643419796,0.03888309302186884,0.03888245978014916,0.038881919430337246,0.03888146941698967,0.03888110711893403,0.038880829850982325,0.03888063486557052,0.0388805193541038,0.0388804804463811,0.038880515213935256,0.03888062067145861,0.03888079377909848,0.038881031442677,0.03888133051555645,0.03888168780198813,0.03888210005567487,0.03888256398220043,0.03888307623940064,0.03888363344146463,0.038884232159150545,0.03888486892159569,0.0388855402168371,0.03888624249259223,0.038886972158605246,0.038887725589098816,0.038888499124820675,0.03888928907517695,0.038890091720489454,0.03889090331438266,0.03889172008630428,0.03889253824418249,0.03889335397699201,0.038894163456596235,0.038894962841789164,0.03889574828159426,0.03889651591803531,0.03889726189074159,0.03889798234026569,0.03889867341100036,0.03889933125700027,0.03889995204517206,0.03890053196248256,0.03890106721441396,0.03890155403152638,0.03890198867427302,0.03890236743637037,0.03890268664893813,0.038902942685290175,0.03890313196567228,0.038903250961756064,0.03890329620111016,0.03890326427164866,0.038903151826042086,0.03890295558607689,0.03890267234694887,0.03890229898121616,0.03890183244048814,0.03890126976155127,0.03890060807034769,0.038899844586040906,0.0388989766245427,0.03889800160218306,0.03889691703970459,0.03889572056512856,0.03889440991680781,0.0388929829463624,0.03889143762174881,0.03888977202925382,0.038887984376695175,0.03888607299245982,0.03888403632710608,0.0388818729557517,0.038879581579936644,0.038877161028788396,0.03887461025994411,0.03887192836025664,0.03886911454628499,0.038866168164570274,0.03886308869169807,0.03885987573392814,0.03885652902437225,0.03885304842453654,0.03884943392365831,0.038845685638207395,0.03884180381039403,0.038837788807119765,0.038833641120018074,0.0388293613619481,0.038824950265840465,0.03882040868561352,0.03881573758907828,0.03881093805758591,0.038806011285371964,0.03880095857246574,0.038795781323700866,0.03879048104629683,0.038785059347045514,0.03877951792922436,0.03877385858938313,0.038768083214016445,0.0387621937761249,0.038756192331668333,0.03875008101591518,0.03874386203960679,0.03873753768391638,0.03873111029751651,0.03872458229261379,0.0387179561366495,0.038711234354940574,0.03870441952419777,0.03869751426750571,0.0386905212368298,0.03868344311257107,0.03867628257950239,0.038669042279640804,0.03866172511198194,0.038654333955679986,0.03864687166838406,0.03863934110387504,0.03863174511855802,0.03862408657110638,0.03861636831917457,0.03860859321547083,0.038600764103720146,0.03859288381464902,0.038584955162029234,0.038576980938792825,0.03856896391307771,0.03856090682241688,0.03855281237180672,0.0385446832302357,0.03853652202807455,0.03852833133436835,0.038520113664306015,0.03851187145588344,0.03850360704142321,0.03849532248114046,0.03848701933802027,0.03847869829041218,0.0384703627759287,0.038462015755330835,0.03845365963569452,0.038445296529260056,0.03843692838717663,0.03842855705312333,0.038420184274952314,0.03841181170437057,0.03840344089347091,0.03839507329055945,0.03838671023554461,0.03837835295504605,0.03837000255887592,0.038361660034261114,0.038353326242001225,0.03834500191184445,0.03833668763774086,0.03832838387455451,0.03832009093120951,0.03831180896240307,0.038303537962208256,0.03829527776954801,0.03828702805416987,0.03827878830986686,0.03827055792443239,0.03826233606789676,0.03825412170610645,0.03824591359767334,0.038237710287186186,0.03822951009576109,0.03822131111054875,0.0382131111739425,0.038204907872772365,0.03819669852772456,0.038188480183223,0.03818024959801453,0.03817200323661168,0.038163737259428336,0.038155447518743175,0.03814712955427306,0.03813877859024744,0.0381303895341794,0.038121956977189515,0.03811347519650054,0.03810493815899256,0.03809633952665559,0.03808767266518601,0.03807893065078968,0.03807010628153717,0.038061192090398314,0.038052180357346733,0.03804306312430497,0.038033832213709255,0.03802447924782021,0.038014995669351806,0.03800537276364367,0.03799560168234303,0.03798567346853859,0.037975579083280316,0.037965309433411046,0.03795485540058421,0.037944207869275215,0.03793335775969231,0.037922296060063754,0.037911013858871336,0.03789950237986147,0.03788775301582463,0.037875757362625356,0.03786350725558895,0.037850994803700605,0.03783821242444483,0.037825152878931775,0.037811809305680906,0.03779817525534983,0.03778424472060144,0.037770012168137815,0.03775547257121943,0.037740621440038424,0.03772545485061055,0.03770996947228759,0.0376941625937787,0.037678032147567084,0.037661576732616574,0.03764479563527113,0.03762768884825217,0.037610257084964994,0.037592501796574106,0.03757442518509773,0.03755603021437922,0.03753732061868002,0.0375183009091775,0.03749897637961429,0.03747935310632927,0.03745943794857301,0.03743923854678719,0.037418763316797,0.03739802144303226,0.03737702287014926,0.03735577828940241,0.03733429912474821,0.03731259751883721,0.037290686315968234,0.03726857904298597,0.03724628988839124,0.03722383367975416,0.037201225859517614,0.03717848245928277,0.03715562007267182,0.03713265582686552,0.03710960735025707,0.037086492743632314,0.03706333054858484,0.03704013971501387,0.03701693956761525,0.03699374977180138,0.036970590299551555,0.036947481393781574,0.03692444353274521,0.036901497395697376,0.036878663824208506,0.03685596378681559,0.036833418343500395,0.03681104860754135,0.036788875708761964,0.036766920759313315,0.03674520481858,0.03672374885836798,0.03670257372861556,0.0366817001237056,0.03666114854944734,0.03664093929079508,0.036621092380363325,0.03660162756779553,0.03658256428802978,0.03656392163398237,0.03654571832848302,0.03652797267922134,0.036510702167252294,0.03649392425988472,0.03647765602275566,0.03646191402433981,0.036446714374711364,0.03643207259370655,0.03641800361380798,0.036404521783010305,0.03639164085878201,0.03637937399835171,0.03636773374325852,0.03635673200831976,0.036346380070623206,0.036336688559531725,0.036327667447866044,0.03631932604427621,0.03631167298679197,0.036304716237535506,0.0362984630785777,0.03629292010891627,0.03628809324010704,0.036283987697123175,0.03628060801885526,0.036277958060986555,0.03627604099596328,0.03627485931706949,0.036274414846235274,0.03627470873323085,0.036275741463734607,0.03627751286633307,0.036280022120027684,0.03628326776228241,0.03628724769838794,0.036291959209559674,0.03629739896264987,0.036303563022003216,0.03631044686090672,0.03631804537350024,0.03632635288717787,0.036335363175444224,0.03634506947118962,0.03635546448034955,0.03636654039591375,0.03637828891225223,0.03639070123844049,0.03640376811398777,0.03641747982410616,0.03643182621441227,0.03644679670748461,0.03646238031815532,0.03647856566668344,0.036495340999514424,0.03651269420320181,0.036530612821087584,0.036549084068017795,0.036568094846669806,0.03658763176408881,0.036607681145761475,0.03662822905091507,0.03664926128961413,0.03667076343861072,0.03669272085704349,0.036715118702054954,0.0367379419443182,0.0367611753834651,0.03678480366340861,0.036808811287552826,0.03683318263388429,0.0368579019674493,0.03688295345680252,0.036908321189110735,0.03693398918494912,0.036959941412762196,0.03698616180328842,0.03701263426423704,0.0370393426941604,0.037066270996269,0.03709340309234727,0.03712072293635797,0.03714821452743756,0.03717586192403933,0.03720364925330381,0.037231560723779214,0.037259580639385156,0.03728769341172175,0.037315883572054974,0.03734413578305883,0.03737243485030378,0.03740076573348183,0.03742911355735796,0.03745746362243606,0.0374858014153297,0.03751411261632997,0.03754238311070663,0.03757059899857912,0.037598746604217644,0.03762681248485709,0.03765478343921965,0.0376826465162011,0.03771038902224904,0.03773799852870974,0.03776546287898632,0.03779277019520411,0.0378199088839993,0.03784686764329152,0.037873635463845104,0.03790020163435503,0.03792655574735102,0.03795268770328785,0.037978587714128924,0.0380042463065098,0.038029654324481514,0.03805480293183441,0.03807968361400374,0.03810428817955934,0.038128608761282046,0.038152637814283435,0.03817636811779046,0.0381997927755218,0.03822290521544977,0.03824569918886303,0.038268168769252035,0.03829030835143303,0.03831211264906662,0.038333576692432945,0.03835469582608121,0.038375465705812024,0.038395882295074985,0.03841594186238133,0.038435640973568184,0.03845497648786762,0.038473945554861624,0.03849254560979485,0.03851077436856832,0.03852862982251173,0.038546110232948676,0.03856321412557096,0.03857994028463401,0.03859628774698913,0.038612255795966506,0.03862784395263953,0.03864305197087551,0.03865787983141716,0.038672327735547116,0.03868639609852064,0.03870008554300515,0.038713396893083125,0.038726331167054796,0.038738889570760535,0.038751073491119996,0.03876288448936153,0.03877432429398398,0.03878539479508557,0.03879609803374684,0.038806436195861965,0.038816411606937815,0.03882602672563656,0.03883528413732254,0.038844186547705634,0.03885273677658604,0.03886093775170792,0.038868792502729,0.03887630415531161,0.03888347592534014,0.038890311110817935,0.03889681308768983,0.03890298530507951,0.03890883128030187,0.038914354593852445,0.038919558884625165,0.03892444784606571,0.038929025220840685,0.03893329479662445,0.03893726040363709,0.03894092590759382,0.038944295206787674,0.03894737222900981,0.03895016092525905,0.03895266526612279,0.03895488923985424,0.03895683684933654,0.038958512109149745,0.03895991904282268,0.03896106168027193,0.03896194405542917,0.038962570204058244,0.03896294416176289,0.03896306996218496,0.03896295163433762,0.03896259320172808,0.038961998681409024,0.03896117208134517,0.038960117402251415,0.038958838635972624,0.038957339764790135,0.03895562475337346,0.03895369756649104,0.03895156215994999,0.038949222480654994,0.038946682467362714,0.0389439460488361,0.03894101714382115,0.03893789966169839,0.03893459750432607,0.03893111456687488,0.038927454738625765,0.03892362190378126,0.038919619942266684,0.03891545273049378,0.038911124142057454,0.038906638048335634,0.03890199831896241,0.038897208819867995,0.03889227341451793,0.03888719596452978,0.038881980329516466,0.03887663036675168,0.03887114993044354,0.038865542871317944,0.03885981303491549,0.03885396425999316,0.03884800037697389,0.03884192520551344,0.03883574255176813,0.03882945620662503,0.03882306993848602,0.03881658749090568,0.038810012580214125,0.038803348891818,0.03879660007627191,0.038789769745217924,0.038782861467225205,0.03877587876356336,0.03876882510394499,0.038761703902272,0.038754518512424216,0.03874727222194951,0.038739968249022795,0.038732609739294765,0.03872519976246449,0.038717741308843076,0.03871023728628324,0.038702690517945726,0.03869510373926744,0.038687479595764504,0.0386798206414778,0.038672129337229404,0.038664408049248464,0.038656659049429117,0.03864888451072453,0.03864108650838077,0.038633267021412704,0.03862542793350558,0.03861757103428532,0.03860969802101203,0.038601810500690836,0.038593909992591054,0.03858599793116249,0.03857807566933493,0.038570144482184376,0.03856220556886275,0.03855426005780494,0.03854630901213335,0.03853835343472461,0.03853039427363323,0.038522432427595135,0.038514468752266544,0.03850650406578355,0.03849853915475102,0.03849057478070948,0.03848261168606377,0.03847465060008979,0.038466692246156634,0.03845873734364326,0.038450786615353345,0.03844284079451676,0.03843490063072219,0.038426966895652094,0.03841904038864848,0.038411121942082405,0.038403212426500626,0.03839531275552627,0.038387423890490865,0.03837954684477714,0.03837168268629434,0.038363832541774966,0.038355997600759556,0.038348179122133584,0.03834037843161626,0.038332596925911115,0.0383248360697161,0.03831709740658574,0.03830938255639408,0.03830169321587331,0.038294031159408146,0.0382863982386276,0.038278796382675916,0.038271227594303917,0.03826369394949891,0.03825619759685979,0.03824874075576019,0.03824132571412149,0.03823395482586185,0.038226630508034515,0.038219355237670685,0.03821213154834355,0.0382049620264702,0.03819784930736951,0.03819079606957569,0.03818380503097194,0.03817687894487638,0.038170020595868756,0.038163232794388206,0.03815651837202612,0.0381498801774159,0.03814332106987987,0.03813684391456746,0.03813045157734814,0.038124146919464766,0.03811793279195404,0.03811181203067495,0.0381057874486288,0.038099861831011377,0.03809403793065321,0.03808831846275675,0.03808270609964905,0.03807720346560797,0.03807181313177246,0.03806653761114592,0.03806137935370195,0.038056340741599796,0.038051424084517234,0.03804663161314419,0.03804196547534068,0.03803742773276783,0.038033020357004434,0.03802874522562621,0.03802460411823472,0.038020598707917796,0.03801673049227392,0.03801300092076486,0.03800941134739932,0.03800596301623326,0.03800265708692304,0.03799949458891517,0.03799647641532012,0.037993603325953695,0.037990875950823386,0.0379882947891286,0.037985860206211926,0.03798357242810026,0.03798143152874121,0.03797943749859418,0.037977590174514735,0.03797588924951251,0.03797433427645891,0.03797292466691672,0.03797165969155863,0.03797053848102119,0.03796956002567883,0.037968723176750756,0.03796802664500347,0.03796746898495854,0.03796704848406657,0.03796676348823752,0.037966612215214184,0.03796659273043782,0.03796670295707634,0.037966940676834926,0.03796730353748892,0.03796778905909062,0.037968394637923536,0.0379691175493602,0.03796995495075902,0.03797090388453162,0.03797196128139863,0.037973123963835974,0.037974388649707994,0.03797575195608295,0.037977210403225055,0.03797876041691265,0.03798039833312413,0.037982120403517776,0.03798392280023879,0.037985801620905355,0.03798775289360805,0.03798977258255212,0.037991856589152655,0.03799400064501872,0.03799619845192252,0.03799842551379784,0.03800067466972414,0.03800294166851938,0.03800522158512288,0.03800752632514948,0.0380098564191393,0.03801220894822556,0.038014580181777974,0.03801696612538044,0.03801936270666851,0.038021765833036666,0.038024171406734704,0.03802657533474814,0.038028973535711955,0.03803136194405591,0.0380337365159964,0.03803609323625064,0.038038428123469796,0.038040737228885985,0.03804301663674255,0.03804526244851695,0.03804747074012115,0.03804963784695231,0.038051760156330126,0.03805383409909749,0.038055856166241,0.038057822913824785,0.038059730971585055,0.038061577050514724,0.0380633579476107,0.03806507054922709,0.03806671183405794,0.03806827887585948,0.03806976884591961,0.038071179015269886,0.03807250675663197,0.038073749546093036,0.03807490496450557,0.038075970696804504,0.03807694453301258,0.038077824370019595,0.038078608212126705,0.03807929417128553,0.03807988046676745,0.03808036542540019,0.03808074748066606,0.038081025171160944,0.038081197140277516,0.03808126213410598,0.038081218999241204,0.03808106668130063,0.03808080421852782,0.0380804307403585,0.03807994546487892,0.03807934769520931,0.03807863681551139,0.038077812286676664,0.0380768736417175,0.038075820480890386,0.038074652466587804,0.03807336931804165,0.03807197080588711,0.038070456744934346,0.038068826988668314,0.038067081424959875,0.03806521996968391,0.03806324250360187,0.03806114851682728,0.038058935375400865,0.03805659238279991,0.038054122674895975,0.03805153021448038,0.0380488176661163,0.0380459870116057,0.038043038925607224,0.03803997365632811,0.038036791332768154,0.03803349204477552,0.038030075863943594,0.03802654285032304,0.03802289305598084,0.03801912652756176,0.038015243312130756,0.03801124346043647,0.03800712703146353,0.038002894097772986,0.03799854474939205,0.037994079099915534,0.037989497294229096,0.03798479951477231,0.037979985983521265,0.037975056962071416,0.037970012733732746,0.03796485354706476,0.03795957976685107,0.03795419180487609,0.03794869007930173,0.03794307579745974,0.03793734998022857,0.03793151364875573,0.03792556791227993,0.03791951399567021,0.037913353249900895,0.03790708715787894,0.037900717338562186,0.03789424555006002,0.03788767369186104,0.03788100380620638,0.03787423807860429,0.03786737883748566,0.03786042855236381,0.03785338983174684,0.037846265420860406,0.03783905819568466,0.03783177116271178,0.03782440745265146,0.03781697031383929,0.037809463108852165,0.03780188930668644,0.03779425247526898,0.03778655627692007,0.03777880445969549,0.03777100085055843,0.03776314934452151,0.03775525389892682,0.03774731852673033,0.037739347289403424,0.03773134429001563,0.03772331366657587,0.03771525958567382,0.03770718623645746,0.03769909782497572,0.03769099856890969,0.03768289269270907,0.03767478442167359,0.03766667797766973,0.03765857757685611,0.03765048742857074,0.037642411729933066,0.03763435466439639,0.03762632039973325,0.037618313087632554,0.03761033686158766,0.03760239583495759,0.03759449410349101,0.037586635743006566,0.037578824809535415,0.03757106533505486,0.03756336132899521,0.03755571677822243,0.03754813564629998,0.037540621872470155,0.03753317937032595,0.03752581202612722,0.037518523696725016,0.037511318207069544,0.03750419934728823,0.0374971708693291,0.03749023648170403,0.03748339984489143,0.03747666456811602,0.03747003420503178,0.03746351224779434,0.03745710212144075,0.037450807179620106,0.03744463069596207,0.03743857585776994,0.0374326457591235,0.03742684339498375,0.03742117165289331,0.03741563330602146,0.03741023100203587,0.037404967257370025,0.03739984445015532,0.03739486481278482,0.03739003042461852,0.037385343204920714,0.03738080490609809,0.03737641710730791,0.03737218120850599,0.03736809842500281,0.03736416978259523,0.0373603961119977,0.03735677804484285,0.0373533160122799,0.037350010243284944,0.037346860763529235,0.037343867394851606,0.03734102975548284,0.03733834725007361,0.03733581904672812,0.0373334439662216,0.03733122010014328,0.037329146706591744,0.03732722241556769,0.03732544552465966,0.03732381410869724,0.037322326049727704,0.0373209790468245,0.0373197706210513,0.037318698119353406,0.03731775871834476,0.03731694942826921,0.03731626709724637,0.03731570841587235,0.03731526992223588,0.03731494800612883,0.03731473891449356,0.03731463875944956,0.03731464352570609,0.03731474907877061,0.03731495117343569,0.03731524546382989,0.03731562751330013,0.037316092804840745,0.03731663675349081,0.037317254718436645,0.0373179420157526,0.0373186939326551,0.037319505738277595,0.03732037270072141,0.037321290103042595,0.037322253259353726,0.03732325753135828,0.03732429834526689,0.037325371209022115,0.0373264717297548,0.03732759563139124,0.03732873877232824,0.03732989716309157,0.03733106698269318,0.03733224459533695,0.0373334265689548,0.037334609692413714,0.03733579099166988,0.03733696774558865,0.03733813750129529,0.0373392980700375,0.037340447572285565,0.03734158444097321,0.03734270743122145,0.037343815654723854,0.03734490855358186,0.03734598591506638,0.03734704788477407,0.03734809497462881,0.037349128068604354,0.037350148428242434,0.03735115769548098,0.03735215789501286,0.03735315143540472,0.03735414110899279,0.03735513009057773,0.037356121934933074,0.037357120572014124,0.03735813030138805,0.0373591557877538,0.03736020205404636,0.03736127447367486,0.0373623787612434,0.03736352096303016,0.03736470744579039,0.037365944884293574,0.03736724024924132,0.03736860079320829,0.037370034035860665,0.03737154774911382,0.03737314993766794,0.037374848824536185,0.03737665283418165,0.03737857057481523,0.037380610820208326,0.03738278249108516,0.0373850946361479,0.03738755641278726,0.03739017706753231,0.037392965916291585,0.03739593232443677,0.03739908568571202,0.03740243540130288,0.03740599086125438,0.03740976142452765,0.03741375639950078,0.03741798502400668,0.03742245644632027,0.03742717970572647,0.03743216371295428,0.03743741723218715,0.03744294886229433,0.03744876701849628,0.037454879915085684,0.03746129554472839,0.03746802166392956,0.03747506577712489,0.03748243512104635,0.03749013664966632,0.037498177019756815,0.03750656257708965,0.03751529934330182,0.03752439300344992,0.03753384889427388,0.03754367199318888,0.0375538669070072,0.037564437861478714,0.03757538869411211,0.037586722846415434,0.03759844335709151,0.037610552855597466,0.037623053557430196,0.03763594725906146,0.0376492353337685,0.03766291872917737,0.03767699796518539,0.03769147313210037,0.037706343890282504,0.03772160946700317,0.03773726865951387,0.03775331983708329,0.03776976094351668,0.03778658950042107,0.03780380261121043,0.037821396965833524,0.03783936884620443,0.03785771413231506,0.037876428309007816,0.03789550647338436,0.03791494334191343,0.0379347332580257,0.03795487020278007,0.037975347805219495,0.03799615935210786,0.03801729779874357,0.038038755780788754,0.03806052562546025,0.038082599363150275,0.03810496873992963,0.03812762523071448,0.038150560051522044,0.038173764172581864,0.038197228328706825,0.03822094303455827,0.03824489859847072,0.03826908513611795,0.0382934925842476,0.038318110714462734,0.03834292914702032,0.03836793736461686,0.038393124726133494,0.038418480480312364,0.03844399377933771,0.03846965369163429,0.03849544921432852,0.038521369287586496,0.03854740280615731,0.038573538634771795,0.03859976561978558,0.03862607260111719,0.038652448425515185,0.0386788819576044,0.038705362092062885,0.038731877764346744,0.038758417961718604,0.0387849717333299,0.03881152819727073,0.038838076552600465,0.03886460608898425,0.03889110619576624,0.038917566370677795,0.038943976228181534,0.03897032550745041,0.038996604079981206,0.039022801956842955,0.03904890929556117,0.03907491640664127,0.03910081375889578,0.039126591984001376,0.039152241883606206,0.039177754434562236,0.0392031207941297,0.03922833230428219,0.03925338049759291,0.039278257098858536,0.03930295402911835,0.03932746340896653,0.03935177756240016,0.039375889018643105,0.03939979051454439,0.03942347499346064,0.03944693560920346,0.03947016572768094,0.03949315892811971,0.0395159090040433,0.03953840996401525,0.039560656032156236,0.03958264164844354,0.03960436146880075,0.03962581036498625,0.03964698342428878,0.039667875948253696,0.039688483450658237,0.03970880165837752,0.03972882651035806,0.03974855415714023,0.039767980959349906,0.03978710348691735,0.03980591851723954,0.03982442303322028,0.03984261422231389,0.03986048947384703,0.03987804637890757,0.039895282725940076,0.0399121964959448,0.039928785862480116,0.03994504918943232,0.039960985028516124,0.039976592116691946,0.039991869373510194,0.04000681589838747,0.040021430967819134,0.04003571403253291,0.040049664714586763,0.04006328280441508,0.04007656825709171,0.04008952118780978,0.04010214187055658,0.04011443073503729,0.04012638836407421,0.04013801549023815,0.04014931299325043,0.04016028189669209,0.04017092336432561,0.04018123869772203,0.04019122933243878,0.04020089683454436,0.040210242897229694,0.04021926933451035,0.04022797807999321,0.04023637118362155,0.04024445080824788,0.040252219226198704,0.04025967881583159,0.04026683205808723,0.040273681533037814,0.0402802299164335,0.04028647997624897,0.040292434569231775,0.04029809663678504,0.040303469199967766,0.04030855535784731,0.04031335828425597,0.04031788122473046,0.04032212749288494,0.040326100465964,0.0403298035560395,0.04033324024120914,0.040336414047870424,0.04033932853521526,0.040341987426886765,0.04034439445081199,0.04034655335646406,0.04034846792638962,0.04035014197700589,0.04035157935646366,0.04035278394181487,0.04035375963603634,0.04035451036505104,0.04035504007478635,0.040355352728276256,0.04035545230281594,0.04035534278716966,0.040355028178276214,0.040354512477056494,0.04035379968746397,0.04035289381321252,0.040351798856978885,0.04035051881743173,0.040349057687406216,0.04034741944872355,0.040345608076454036,0.04034362753346276,0.040341481767560264,0.040339174709634745,0.04033671027161356,0.04033409234210133,0.04033132478659248,0.04032841144588849,0.04032535613443381,0.04032216263872445,0.04031883471578931,0.04031537609174497,0.040311790460423505,0.040308081482073224,0.040304252782131865,0.04030030795007183,0.04029625053788112,0.0402920840576657,0.04028781198217846,0.040283437744188806,0.04027896473581532,0.04027439630775368,0.04026973576819692,0.04026498638287517,0.04026015136981797,0.040255233881534215,0.040250236947607945,0.040245163752253864,0.04024001736842728,0.040234800804555985,0.040229517019139405,0.04022416892398815,0.040218759384930754,0.04021329122195624,0.04020776720924907,0.040202190075229766,0.04019656250262715,0.04019088712858786,0.04018516654482263,0.040179403297788095,0.040173599888409114,0.04016775877047253,0.04016188235280298,0.04015597299952796,0.0401500330311028,0.0401440647242237,0.040138070311117026,0.040132051971446495,0.040126011864089206,0.040119952101240655,0.040113874752185696,0.04010778184515946,0.040101675367796276,0.040095557265465674,0.040089429443663144,0.04008329376864262,0.040077152067897547,0.04007100613063641,0.040064857708247546,0.04005870851474756,0.040052560227205325,0.040046414486134045,0.04004027289584222,0.04003413702473417,0.040028008405113044,0.04002188853138427,0.04001577886209279,0.04000968082012432,0.04000359579293509,0.039997525132219554,0.039991470154082,0.03998543213857229,0.039979412328587996,0.03997341192982751,0.03996743210934487,0.039961473994121664,0.03995553866907972,0.039949627173346734,0.0399437405000976,0.03993787959452486,0.039932045351440085,0.03992623861265159,0.03992046016412697,0.03991471073295211,0.039908990984103165,0.039903301517051126,0.03989764286222266,0.039892015477344604,0.03988641974333936,0.03988085595854775,0.03987532433682656,0.03986982500380237,0.03986435799372959,0.039858923245690576,0.03985352060068113,0.03984814979823683,0.03984281047294354,0.03983750215242166,0.03983222425407285,0.03982697608260327,0.03982175682731449,0.039816565558457834,0.03981140122731825,0.03980626266509218,0.03980114858195157,0.03979605756643347,0.03979098808516378,0.03978593848292339,0.039780906983065925,0.03977589168829612,0.03977089058181846,0.03976590152886648,0.03976092227842491,0.039755950464204215,0.03975098360863461,0.039746019125281654,0.03974105432401168,0.03973608641454231,0.0397311125095938,0.039726129632947,0.039721134723355526,0.03971612464071343,0.03971109617270695,0.039706046041106585,0.03970097090820004,0.03969586738264635,0.0396907320287541,0.0396855613745858,0.03968035192012718,0.03967510014559295,0.03966980251981656,0.03966445550867314,0.03965905558348824,0.03965359922938939,0.039648082953561745,0.039642503293375285,0.0396368568241177,0.039631140164710664,0.03962534998719487,0.039619483024128425,0.039613536076402486,0.03960750602003714,0.03960138981351619,0.039595184504290226,0.0395888872348307,0.039582495249709915,0.03957600590091665,0.03956941665360146,0.03956272509087981,0.039555928917670395,0.03954902596706925,0.03954201420507214,0.03953489173481614,0.03952765680042904,0.039520307790460445,0.039512843240873216,0.03950526183757897,0.039497562418509186,0.03948974397521889,0.03948180565402696,0.03947374675652514,0.03946556673770371,0.0394572652076848,0.039448841931204355,0.039440296827356794,0.03943162996825087,0.03942284157809517,0.039413932031565055,0.03940490185166488,0.03939575170863517,0.039386482417457604,0.03937709493580583,0.039367590361298686,0.03935796992838043,0.039348235007933906,0.03933838710580295,0.039328427861399805,0.03931835904654415,0.03930818256456049,0.039297900449655906,0.03928751486659498,0.03927702811068331,0.039266442608065485,0.039255760916338374,0.0392449857253505,0.039234119856234186,0.039223166264811746,0.03921212804339985,0.03920100842343127,0.03918981077753259,0.039178538622492126,0.039167195621785195,0.039155785587966646,0.039144312486263155,0.03913278043683656,0.03912119371754399,0.039109556765831804,0.039097874180317446,0.03908615072458745,0.03907439132964376,0.03906260109601989,0.03905078529563543,0.0390389493733501,0.039027098948179344,0.03901523981413648,0.03900337794066905,0.03899151947265896,0.03897967072995934,0.0389678382063717,0.03895602856591073,0.03894424864273635,0.038932505438688036,0.03892080612075169,0.03890915801727198,0.03889756861428153,0.038886045550670933,0.03887459661255316,0.03886322972818621,0.03885195296094532,0.03884077450229976,0.03882970266335386,0.03881874586587606,0.038807912634955886,0.03879721159007745,0.03878665143563214,0.0387762409509972,0.03876598898020609,0.03875590442123661,0.0387459962149445,0.03873627333367118,0.03872674476955511,0.038717419522577026,0.038708306588351116,0.03869941494342585,0.03869075353461295,0.03868233126638402,0.03867415698843921,0.0386662394798228,0.03865858737746379,0.038651208505257016,0.03864411136296899,0.03863730447116701,0.03863079621604535,0.03862459499391531,0.03861870884336095,0.03861314557378752,0.03860791279716633,0.038603017926861646,0.03859846816851851,0.03859427050919014,0.03859043170606647
7.75,1.0041349099511387,1.008248118430511,1.0123406413209939,1.0164132571402076,1.0204665262833759,1.024500809569155,1.0285162860412789,1.0325129699917532,1.036490727182472,1.0404492902516926,1.044388273299951,1.0483071856569581,1.05220544483684,1.0560823886940038,1.059937286795946,1.0637693510326958,1.067577745485192,1.0713615955770752,1.0751199965359783,1.0788520211916222,1.082556727138825,1.0862331632941096,1.0898803758747844,1.0934974138293898,1.0970833337482602,1.1006372042824584,1.10415811009906,1.1076451553999553,1.111097467029929,1.114514197196371,1.1178945258120878,1.1212376624027316,1.1245428476047716,1.127809354443578,1.1310364892958584,1.1342235928600954,1.1373700412324672,1.140475246576594,1.1435386574847541,1.146559759124487,1.1495380732089893,1.1524731578122802,1.1553646070449866,1.1582120506046591,1.1610151532133974,1.1637736139546966,1.1664871655206028,1.1691555733794556,1.1717786348738612,1.1743561782576941,1.1768880616797583,1.1793741721037412,1.1818144239728225,1.1842087575624711,1.186557136893448,1.1888595468979624,1.1911159906075186,1.1933264862054809,1.1954910638857938,1.1976097695143144,1.1996826655631605,1.201709832059796,1.2036913661813113,1.2056273814348484,1.207518006703173,1.2093633852320624,1.2111636735842828,1.2129190405713641,1.2146296661703926,1.2162957404316699,1.2179174623822573,1.219495038929749,1.221028683770268,1.2225186163039528,1.223965060558307,1.2253682440946208,1.2267283967239726,1.2280457493105796,1.2293205325736107,1.230552975885264,1.2317433067348134,1.2328917499787253,1.2339985271496028,1.2350638556667555,1.2360879480250309,1.23707101099452,1.238013244840921,1.2389148425699732,1.2397759891976428,1.2405968610472395,1.2413776250744457,1.242118438221128,1.2428194467986886,1.2434807859017534,1.244102578852868,1.2446849366787207,1.2452279576185477,1.245731726665193,1.2461963151393163,1.246621780297259,1.2470081649728288,1.2473554972535037,1.247663790191379,1.247933041549107,1.2481632335810797,1.248354332850161,1.2485062900799944,1.2486190400432113,1.248692501485493,1.2487265770856462,1.2487211534515887,1.2486761011522467,1.2485912747852534,1.2484665130803125,1.2483016390380135,1.2480964601038405,1.2478507683770195,1.2475643408539125,1.2472369397055207,1.2468683125885043,1.2464581929893528,1.2460063006007156,1.2455123417296832,1.2449760097369793,1.2443969855065555,1.2437749379436844,1.2431095244935362,1.2424003916187272,1.2416471754375569,1.2408495023279151,1.240006989581903,1.2391192460689837,1.238185872916387,1.2372064642087703,1.2361806077066226,1.2351078855648077,1.2339878737682919,1.232820142446522,1.2316042556148206,1.2303397707963784,1.2290262413254636,1.2276632175005684,1.226250248268478,1.2247868831749849,1.2232726736759256,1.2217071744151342,1.2200899442623443,1.2184205472106524,1.2166985531483152,1.2149235387804957,1.2130950884832656,1.2112127951748455,1.2092762612245114,1.2072850992871418,1.2052389331183404,1.2031373983507436,1.2009801432408576,1.1987668293922584,1.1964971324571232,1.1941707428166828,1.1917873662406193,1.1893467245252551,1.1868485561102928,1.1842926166737997,1.1816786797050538,1.179006537054962,1.1762759994636256,1.1734868970646033,1.1706390798656465,1.1677324182051023,1.1647668031840748,1.1617421470736882,1.158658383697323,1.1555154687872093,1.1523133803152055,1.1490521187977873,1.1457317075745301,1.1423521930602316,1.1389136449704,1.1354161565200707,1.1318598445958046,1.128244849900923,1.1245713370739114,1.1208394947800773,1.1170495357765622,1.113201696950865,1.109296239333053,1.1053334480819035,1.1013136324451887,1.0972371256943982,1.093104284979419,1.0889154908507277,1.0846711454115612,1.0803716661860305,1.0760174878198,1.0716090590193619,1.0671468396815067,1.062631281789893,1.058062799662874,1.0534417066038289,1.0487683801912484,1.0440432249997849,1.0392666739269667,1.0344391902299905,1.0295612740210323,1.0246334632391134,1.019656335706746,1.0146305080125346,1.0095566345689526,1.004435407999654,0.9992675566259132,0.9940538432425069,0.988795063525857,0.9834920443544254,0.9781456421231035,0.9727567410753669,0.9673262516620155,0.9618551089311869,0.9563442709527484,0.9507947172794472,0.945207447446584,0.9395834795116677,0.9339238486351004,0.9282296057025426,0.9225018159893469,0.9167415578672996,0.910949921553456,0.9051280079009079,0.8992769272310545,0.8933977982068104,0.8874917467460867,0.881559904974768,0.8756034102183469,0.8696234040313124,0.8636210312633271,0.8575974391611988,0.8515537765055683,0.8454911927812985,0.8394108373805463,0.8333138588374149,0.8272014040933112,0.8210746177916658,0.8149346416010996,0.8087826135662984,0.8026196674852066,0.7964469323117126,0.7902655315829955,0.7840765828705136,0.7778811972537614,0.7716804788159609,0.7654755241608513,0.7592674219497894,0.7530572524584093,0.7468460871521185,0.7406349882797433,0.7344250084846536,0.7282171904327499,0.7220125664567109,0.7158121582159398,0.7096169763716743,0.7034280202767288,0.6972462776794146,0.6910727244411863,0.6849083242675643,0.678754028451965,0.6726107756320324,0.6664794915581078,0.6603610888733854,0.6542564669057084,0.6481665114706653,0.6420920946854568,0.6360340747934966,0.6299932959993999,0.6239705883142106,0.617966767410546,0.6119826344874588,0.6060189761448931,0.6000765642674823,0.5941561559175482,0.5882584932371087,0.5823843033587478,0.5765342983251932,0.5707091750174547,0.5649096150913839,0.5591362849225037,0.5533898355589617,0.5476709026825269,0.541980106577492,0.5363180521073718,0.5306853286992489,0.5250825103356024,0.5195101555535948,0.513968807451673,0.5084589937033769,0.5029812265781237,0.4975360029690276,0.4921238044276125,0.48674509720516,0.4814003323006619,0.4760899455151895,0.47081435751266665,0.4655739738868325,0.4603691852343108,0.45520036723363105,0.4500678807300821,0.44497207182626647,0.43991327197822117,0.43489179809697087,0.42990795265534976,0.4249620237999276,0.42005428546797924,0.4151849975093575,0.41035440581302923,0.4055627424382331,0.40081022575009007,0.3960970605595496,0.3914234382674785,0.38678953701259866,0.3821955218233814,0.37764154477364525,0.3731277451417303,0.368654249572974,0.36422117224544703,0.3598286150387132,0.35547666770551944,0.3511654080462283,0.34689490208589885,0.34266520425379077,0.33847635756516736,0.33432839380524454,0.33022133371513407,0.32615518717963154,0.32212995341666906,0.31814562116827,0.314202168892945,0.31029956495936556,0.3064377678411164,0.30261672631245407,0.29883637964487186,0.2950966578044071,0.2913974816494799,0.2877387631292005,0.2841204054819817,0.28054230343435876,0.2770043433997994,0.2735064036775006,0.270048354650946,0.2666300589860857,0.26325137182918606,0.2599121410040775,0.25661220720895045,0.25335140421216645,0.2501295590473214,0.2469464922073483,0.24380201783757346,0.24069594392763896,0.23762807250217705,0.23459819981013338,0.23160611651273974,0.22865160787004443,0.22573445392585675,0.22285442969110802,0.2200113053255163,0.21720484631741488,0.21443481364679917,0.21170096396230956,0.20900304974139636,0.20634081944006014,0.20371401780981485,0.2011223859562773,0.19856566151532046,0.1960435788235857,0.19355586908187575,0.1911022605147579,0.18868247852755254,0.1862962458608902,0.18394328274290736,0.1816233070390722,0.17933603439962129,0.17708117840458498,0.17485845070636385,0.17266756116982745,0.17050821800999566,0.16838012792723175,0.16628299623996207,0.16421652701491501,0.16218042319477294,0.16017438672333162,0.15819811866813271,0.15625131934078956,0.15433368841453424,0.15244492503936094,0.15058472795469913,0.14875279559949137,0.14694882621981095,0.1451725179739022,0.14342356903477788,0.14170167769029565,0.1400065424408104,0.13833786209433147,0.13669533585922636,0.13507866343448477,0.13348754509755684,0.13192168178978184,0.1303807751994078,0.12886452784219168,0.12737264313967606,0.12590482549516605,0.12446078036734151,0.12304021434160843,0.1216428351991566,0.12026835198378036,0.118916475066516,0.11758691620798738,0.11627938861863467,0.11499360701682357,0.11372928768474061,0.11248614852224546,0.11126390909865447,0.11006229070238306,0.10888101638864477,0.10771981102511442,0.10657840133567022,0.10545651594217387,0.1043538854043422,0.10327024225773905,0.10220532104991686,0.1011588583747378,0.10013059290489962,0.09912026542268988,0.0981276188490233,0.09715239827071939,0.09619435096301616,0.09525322634421421,0.09432877544444221,0.09342074784135092,0.09252887989999961,0.09165293394107858,0.09079267232081084,0.08994785769865936,0.08911825457556669,0.08830362980330626,0.08750375277314257,0.08671839546098015,0.08594733242965986,0.08519034082017685,0.08444720034013105,0.08371769325141383,0.0830016043576492,0.08229872099150393,0.08160883300188593,0.08093173274102627,0.08026721505142374,0.079615077252613,0.07897511912781317,0.0783471429104748,0.07773095327061724,0.07712635730104025,0.07653316450333365,0.0759511867737342,0.0753802383864111,0.0748201359765665,0.07427069851080385,0.07373174720949872,0.07320310568986699,0.07268459988505369,0.07217605801823071,0.07167731059768012,0.07118819038745862,0.07070853239617755,0.07023817386260146,0.0697769542397276,0.06932471517837034,0.06888130051052373,0.06844655623257459,0.0680203304883899,0.06760247355227467,0.06719283781177986,0.06679127775044219,0.0663976499304719,0.06601181297530588,0.0656336275521168,0.06526295635423039,0.0648996640834895,0.06454361743260287,0.0641946850673624,0.0638527376088572,0.06351764761568006,0.0631892895660849,0.06286753984009753,0.06255227670163667,0.062243380280548787,0.06194073255467938,0.061644217331906934,0.0613537202322319,0.061069128669837325,0.06079033183515575,0.06051722067694637,0.060249687884385325,0.05998762786917242,0.05973093674763942,0.0594795123228339,0.05923325406666266,0.05899206310211077,0.05875584218544479,0.058524495688451805,0.058297929580688475,0.058076051411791466,0.057858770293813595,0.05764599688358165,0.05743764336508344,0.05723362343183888,0.05703385226898501,0.05683824653409885,0.05664672433388846,0.0564592052270973,0.056275610191817454,0.05609586161018863,0.055919883251596095,0.055747600255417876,0.05557893911368034,0.055413827653685147,0.05525219502023471,0.055093971651707145,0.0549390892460661,0.05478748067181663,0.054639079706693135,0.05449382085636034,0.05435163886769477,0.05421246790760914,0.05407624652423813,0.053942914809253145,0.05381241389489363,0.05368468583479737,0.0535596737977064,0.05343732210661165,0.05331757629928515,0.05320038302494602,0.053085690025357735,0.052973446124357754,0.052863601209618805,0.05275610621415184,0.05265091309529109,0.05254797481322212,0.0524472453096631,0.05234867948684051,0.052252233186787865,0.052157863170967336,0.05206552710018409,0.05197518351476605,0.05188679181508731,0.051800312242427086,0.051715705860068906,0.05163293453467581,0.05155196091706832,0.05147274839170334,0.05139526062633291,0.051319462410029916,0.05124531931970187,0.0511727976315099,0.05110186433399905,0.051032487048301774,0.0509646340400334,0.05089827421074056,0.05083337708354238,0.05076991278746419,0.05070785204168798,0.050647166139973325,0.050587826935344124,0.05052980682506645,0.050473078735929565,0.05041761610983974,0.05036339288970781,0.05031038350563047,0.050258562861465315,0.05020790632179206,0.05015838969922388,0.050109989242073556,0.050062681622355915,0.0500164439242707,0.04997125363305578,0.04992708862422888,0.049883927153302914,0.04984174784589972,0.049800529688253097,0.04976025201822357,0.04972089451671733,0.04968243719952034,0.04964486040961364,0.0496081448099347,0.04957227137662335,0.04953722139269717,0.049502976442176744,0.04946951840465719,0.04943682945032116,0.049404892035387046,0.04937368889797068,0.049343203054345204,0.049313417795638255,0.04928431668494704,0.049255883554731796,0.0492281025046678,0.04920095789995587,0.04917443436979275,0.049148516806261894,0.04912319036356624,0.049098440457481525,0.04907425276511203,0.049050613224884194,0.04902750803677871,0.04900492366275279,0.048982846827324386,0.048961264518327975,0.048940163987824026,0.0489195327531643,0.04889935859812856,0.04887962957413883,0.0488603340015296,0.048841460470852534,0.04882299784419469,0.04880493525645181,0.04878726211653799,0.04876996810861787,0.0487530431933002,0.0487364776087122,0.04872026187146727,0.04870438677751592,0.048688843402942425,0.04867362310452303,0.04865871752007801,0.04864411856878236,0.048629818451197016,0.04861580964906649,0.048602084925001655,0.04858863732183265,0.04857546016170706,0.04856254704501417,0.04854989184903697,0.04853748872636444,0.04852533210302269,0.048513416676337406,0.04850173741252408,0.04849028954400337,0.04847906856643962,0.04846807023545824,0.048457290563058565,0.04844672581382205,0.04843637250086135,0.04842622738151222,0.04841628745268973,0.04840654994596852,0.04839701232262809,0.048387672267965885,0.0483785276859203,0.04836957669312398,0.048360817612774394,0.04835224896829787,0.04834386947682035,0.04833567804237657,0.04832767374891799,0.04831985585317026,0.04831222377730904,0.048304777101483995,0.04829751555617909,0.04829043901443417,0.04828354748394092,0.048276841099026656,0.04827032011253938,0.04826398488760881,0.04825783588933498,0.0482518736764668,0.04824609889303988,0.04824051225995434,0.04823511456656912,0.04822990666230849,0.048224889448316,0.048220063869075014,0.04821543090407464,0.04821099155958834,0.04820674686051773,0.048202697842311806,0.04819884554300473,0.04819519099533178,0.04819173521897085,0.048188479212928695,0.048185423948103843,0.04818257036002995,0.04817991934177625,0.04817747173703548,0.04817522833340944,0.048173189855902215,0.04817135696062982,0.04816973022870398,0.04816831016031053,0.048167097169131506,0.04816609157702482,0.048165293608924804,0.04816470338798889,0.04816432093102099,0.04816414614418432,0.04816417881898008,0.04816441862849479,0.04816486512393756,0.048165517731455276,0.04816637574920702,0.04816743834476219,0.04816870455269454,0.04817017327246337,0.04817184326657854,0.04817371315908234,0.04817578143432291,0.04817804643597096,0.04818050636630622,0.04818315928577007,0.04818600311278104,0.04818903562380881,0.04819225445364365,0.048195657095892075,0.04819924090381589,0.048203003091411026,0.048206940734692665,0.048211050773196026,0.0482153300117127,0.048219775122272455,0.04822438264629955,0.048229148996969916,0.04823407046180909,0.04823914320541937,0.04824436327238008,0.04824972659037131,0.0482552289733846,0.048260866125090465,0.048266633642339754,0.04827252701885813,0.04827854164908129,0.048284672832083764,0.04829091577562189,0.048297265600282885,0.04830371734373263,0.048310265965054534,0.048316906349110546,0.048323633310938766,0.04833044160035013,0.04833732590658328,0.048344280862987137,0.0483513010517316,0.04835838100858234,0.04836551522773549,0.04837269816667069,0.048379924251023006,0.048387187879491984,0.04839448342875757,0.04840180525838033,0.04840914771576545,0.04841650514099507,0.04842387187168955,0.04843124224785776,0.04843861061678097,0.04844597133787947,0.048453318787523514,0.04846064736381248,0.04846795149131802,0.0484752256257865,0.04848246425879672,0.04848966192230568,0.04849681319310506,0.04850391269735298,0.04851095511503394,0.048517935184322916,0.04852484770586974,0.04853168754703068,0.04853844964601359,0.04854512901598713,0.04855172074907897,0.04855822002028465,0.04856462209129087,0.04857092231417597,0.04857711613508007,0.048583199097616096,0.04858916684622949,0.04859501512944702,0.04860073980306414,0.04860633683321244,0.04861180229927695,0.048617132396686656,0.048622323439574844,0.04862737186330638,0.04863227422686836,0.04863702721505349,0.048641627640454495,0.04864607244547145,0.048650358704152116,0.04865448362385707,0.04865844454674375,0.04866223895112448,0.04866586445302088,0.048669318802159134,0.04867259989047552,0.048675705750510834,0.04867863455566239,0.048681384621543894,0.04868395440440454,0.04868634250158096,0.04868854765149485,0.04869056873333839,0.04869240476663719,0.04869405491062917,0.0486955184634438,0.04869679486111065,0.04869788367639821,0.04869878461748486,0.04869949752646336,0.04870002237761421,0.04870035927546172,0.048700508452846666,0.04870047026881634,0.048700245206333176,0.048699833869817105,0.048699236982572724,0.04869845538429864,0.04869749002801774,0.04869634197708625,0.04869501240216861,0.04869350257804804,0.048691813880296655,0.04868994778189079,0.048687905849629926,0.04868568974050232,0.04868330119795854,0.04868074204818084,0.04867801419628029,0.04867511962241501,0.04867206037786074,0.04866883858104212,0.04866545641353293,0.048661916116033564,0.048658219984261196,0.04865437036478199,0.04865036965102918,0.04864622027929925,0.04864192472478531,0.048637485497524335,0.04863290513845164,0.04862818621570393,0.04862333132049232,0.0486183430633949,0.048613224070622574,0.04860797697976764,0.048602604437892424,0.048597109096806666,0.04859149360971221,0.04858576062791598,0.048579912797610696,0.04857395275677598,0.048567883132176796,0.04856170653645756,0.04855542556535214,0.048549042795012466,0.048542560779459,0.04853598204815565,0.04852930910363537,0.04852254441919357,0.04851569043691564,0.04850874956579527,0.04850172417995968,0.04849461661699751,0.048487429176455224,0.04848016411850449,0.04847282366268474,0.04846540998679097,0.048457925226019286,0.04845037147198209,0.048442750771966574,0.048435065128421266,0.04842731649835516,0.04841950679293578,0.04841163787719322,0.04840371156990813,0.04839572964359053,0.04838769382453949,0.04837960579300257,0.0483714671834308,0.048363279584824934,0.04835504454116806,0.04834676355186216,0.048338438072183035,0.048330069514013536,0.04832165924659982,0.04831320859734442,0.04830471885262589,0.048296191258687234,0.04828762702243355,0.04827902730995888,0.048270393252511055,0.04826172594520341,0.04825302644769479,0.0482442957875094,0.04823553495878178,0.048226744923740614,0.048217926613911014,0.04820908093119951,0.0482002087490331,0.04819131091345422,0.0481823882441691,0.048173441535572924,0.04816447155774832,0.04815547905743345,0.04814646475895614,0.04813742936505128,0.04812837355756559,0.048119297998354564,0.048110203330081834,0.048101090176950294,0.04809195914534649,0.04808281082448083,0.04807364578699747,0.04806446458951458,0.04805526777310674,0.04804605586376438,0.04803682937278584,0.04802758879708851,0.04801833461957795,0.048009067309225315,0.04799978732122361,0.04799049509709215,0.04798119106482576,0.047971875638977556,0.04796254922067903,0.047953212197625585,0.047943864944029996,0.04793450782054688,0.0479251411741706,0.047915765338027404,0.04790638063107876,0.04789698735804142,0.04788758580923963,0.047878176260425544,0.04786875897255362,0.04785933419159715,0.04784990214860405,0.04784046305922757,0.04783101712356358,0.047821564526180325,0.0478121054357771,0.0478026400050456,0.04779316837062611,0.0477836906529276,0.04777420695602302,0.04776471736757103,0.04775522195884937,0.047745720784804255,0.0477362138841238,0.04772670127935755,0.04771718297708538,0.04770765896813888,0.047698129227877854,0.04768859371644665,0.04767905237900198,0.04766950514626601,0.047659951935079714,0.04765039264900319,0.04764082717893878,0.04763125540387408,0.047621677191892954,0.04761209240081775,0.04760250087917194,0.047592902467184825,0.047583296997985344,0.04757368429871196,0.047564064191765565,0.04755443649596387,0.04754480102782893,0.04753515760292944,0.04752550603737803,0.04751584614934656,0.047506177760605076,0.047496500698104974,0.04748681479560207,0.047477119895314904,0.04746741584961352,0.04745770252265264,0.047447979791939564,0.047438247550180196,0.04742850570707004,0.04741875419106472,0.04740899295111549,0.047399221958442636,0.04738944120848578,0.047379650722411425,0.047369850548842546,0.04736004076577776,0.047350221481961934,0.04734039283850154,0.04733055501046725,0.04732070820836888,0.04731085267952531,0.04730098870937481,0.04729111662282449,0.04728123678549355,0.047271349604857814,0.047261455531312294,0.047251555059148596,0.04724164872744315,0.04723173712085306,0.04722182087023547,0.04721190065307232,0.047201977194077226,0.047192051265629545,0.047182123688088724,0.0471721953299507,0.04716226710795765,0.047152339987298855,0.047142414981262294,0.04713249315104336,0.047122575605775714,0.047112663501663654,0.04710275804150181,0.04709286047416435,0.04708297209377454,0.04707309423884401,0.04706322829132208,0.04705337567561498,0.047043537857491394,0.04703371634288779,0.04702391267663243,0.04701412844109105,0.047004365254738154,0.04699462477065778,0.04698490867490152,0.0469752186846787,0.046965556546776525,0.04695592403585199,0.046946322952935104,0.04693675512323029,0.0469272223942871,0.046917726634196404,0.04690826972960715,0.04689885358376044,0.04688948011419715,0.046880151251248545,0.04687086893589276,0.046861635117715926,0.04685245175267524,0.046843320800990955,0.0468342442250455,0.04682522398737064,0.04681626204859642,0.04680736036538393,0.04679852088836695,0.04678974556010487,0.04678103631304954,0.046772395067528,0.04676382372966564,0.04675532418920084,0.046746898317649284,0.046738547966405,0.04673027496484192,0.046722081118396,0.04671396820672926,0.04670593798193307,0.046697992166745236,0.04669013245277931,0.04668236049881529,0.046674677929092356,0.04666708633159298,0.046659587256482185,0.046652182214274,0.04664487267417721,0.04663766006248497,0.046630545761081166,0.04662353110592602,0.046616617385544144,0.046609805839537194,0.046603097657120486,0.046596493975683176,0.04658999587937156,0.04658360439761838,0.046577320503563356,0.04657114511282602,0.046565079082214,0.04655912320840597,0.04655327822666378,0.04654754480959199,0.04654192356593141,0.04653641503936772,0.04653101970734867,0.046525737979978526,0.04652057019887096,0.046515516636025746,0.04651057749286899,0.04650575289900841,0.04650104291118885,0.04649644751231103,0.046491966610578306,0.046487600038642336,0.04648334755277709,0.04647920883210688,0.046475183477892736,0.046471271012880615,0.046467470880715935,0.04646378244535325,0.046460204990393716,0.04645673771885624,0.046453379752938645,0.04645013013384549,0.046446987821600255,0.04644395169470947,0.046441020548172,0.046438193084192315,0.04643546793842999,0.04643284366855693,0.0464303187526306,0.04642789159042598,0.04642556050275563,0.046423323732801995,0.04642117944741492,0.04641912573832815,0.04641716062349835,0.046415282048496424,0.04641348788799427,0.04641177594737009,0.046410143964431334,0.04640858961125149,0.04640711049611773,0.04640570416551139,0.046404368106038256,0.04640309974681291,0.04640189646183934,0.04640075557245218,0.046399674349781074,0.04639865001734911,0.04639767975374242,0.04639676069530836,0.04639588993838343,0.04639506454022414,0.04639428151408872,0.04639353785888015,0.04639283054450983,0.04639215651394122,0.04639151268698452,0.04639089596364717,0.04639030322730961,0.04638973134768968,0.04638917718373305,0.04638863758647763,0.046388109401896686,0.04638758947371882,0.046387074646221556,0.04638656176692708,0.046386047689087745,0.046385529274520367,0.04638500339630095,0.04638446694138743,0.04638391681313316,0.04638334993383986,0.04638276324715831,0.046382153720242215,0.04638151834585085,0.04638085414402656,0.04638015816280464,0.04637942749235647,0.04637865925576587,0.04637785061248195,0.04637699876092596,0.04637610094060186,0.04637515443409084,0.04637415656889737,0.046373104719206276,0.046371996307577594,0.046370828806581624,0.04636959974037663,0.04636830668623111,0.04636694727594388,0.04636551919702043,0.04636402019418732,0.046362448070751065,0.04636080069007991,0.04635907597658152,0.04635727191696468,0.04635538656144886,0.04635341802494665,0.04635136448817564,0.04634922419886501,0.046346995472680716,0.04634467669428576,0.04634226631839781,0.04633976287079283,0.046337164949199386,0.046334471224262055,0.04633168044058105,0.046328791417695185,0.04632580305104081,0.04632271431290348,0.046319524253362096,0.04631623200122553,0.04631283676496121,0.046309337833551734,0.046305734577138595,0.046302026448077016,0.046298212981864185,0.04629429379803525,0.04629026860096855,0.04628613718074839,0.04628189941484492,0.04627755526771374,0.04627310479177962,0.046268548128169544,0.04626388550764404,0.04625911725115619,0.046254243770449066,0.04624926556851094,0.046244183239984554,0.046238997471583186,0.04623370904249892,0.04622831882470175,0.04622282778315283,0.046217236975940316,0.04621154755433394,0.04620576076275351,0.04619987793864753,0.04619390051221863,0.0461878300058318,0.04618166803376337,0.04617541630172684,0.04616907660626278,0.046162650833965334,0.046156140960659855,0.04614954905048177,0.046142877254797134,0.046136127810998566,0.046129303041220024,0.04612240535087694,0.046115437227049375,0.04610840123686967,0.04610130002546547,0.04609413631390002,0.04608691289707813,0.04607963264158311,0.046072298483325114,0.04606491342504416,0.04605748053368702,0.0460500029376594,0.04604248382395679,0.04603492643517566,0.04602733406635564,0.04601971006164272,0.04601205781102521,0.046004380746924145,0.0459966823404194,0.0459889660979394,0.04598123555749966,0.045973494285009214,0.04596574587027106,0.04595799392306412,0.045950242069460745,0.04594249394733205,0.045934753202329155,0.04592702348374969,0.045919308440404635,0.0459116117162374,0.04590393694606819,0.045896287751410754,0.04588866773623319,0.04588108048271097,0.04587352954699504,0.045866018455003925,0.045858550698248284,0.04585112972969649,0.04584375895964243,0.045836441751398845,0.045829181417498824,0.045821981215840864,0.04581484434589654,0.045807773944990686,0.04580077308469509,0.04579384476739197,0.04578699192286739,0.04578021740503772,0.045773523988812535,0.04576691436715569,0.04576039114817621,0.045753956852511074,0.04574761391042523,0.04574136465928839,0.04573521134132205,0.045729156101537584,0.045723200985772136,0.045717347938870764,0.04571159880303236,0.04570595531632048,0.04570041911133934,0.04569499171407476,0.04568967454285333,0.0456844689072281,0.04567937600746565,0.045674396934062673,0.04566953266742067,0.04566478407759375,0.045660151924233575,0.04565563685673342,0.045651239414423984,0.045646960026907206,0.04564279901466652,0.04563875658947129,0.04563483285507803,0.04563102780814736,0.04562734133880321,0.04562377323151143,0.0456203231661377,0.045616990719086835,0.04561377536444874,0.04561067647518345,0.045607693324351425,0.0456048250863827,0.04560207083837869,0.045599429561441085,0.04559690014199344,0.045594481372872454,0.045592171954868144,0.04558997049814419,0.045587875523739343,0.045585885464846765,0.04558399866825003,0.045582213395997634,0.04558052782652615,0.04557894005613915,0.0455774481003206,0.04557604989546424,0.0455747433002243,0.045573526096970865,0.04557239599312254,0.04557135062246948,0.04557038754669327,0.045569504256945705,0.045568698175394974,0.04556796665678963,0.04556730699005895,0.045566716399954396,0.04556619204873705,0.04556573103791574,0.045565330410010575,0.04556498715025609,0.04556469818859885,0.04556446040170596,0.04556427061494101,0.045564125604614716,0.04556402210018452,0.04556395678643429,0.045563926306078625,0.04556392726218744,0.045563956221139824,0.04556400971465528,0.045564084242684995,0.04556417627636211,0.0455642822608086,0.045564398618080655,0.045564521750290896,0.04556464804282096,0.04556477386758448,0.0455648955863612,0.04556500955420458,0.04556511212291817,0.04556519964459547,0.04556526847521774,0.04556531497826907,0.04556533552810319,0.04556532651385582,0.04556528434324649,0.045565205446387244,0.0455650862795666,0.04556492332906966,0.04556471311507062,0.045564452195412025,0.04556413716939142,0.045563764681541566,0.045563331425423,0.04556283414727447,0.04556226964977414,0.04556163479526939,0.04556092650917468,0.04556014178347827,0.045559277680152346,0.04555833133441104,0.04555729995785954,0.04555618084154015,0.04555497135886893,0.04555366896845695,0.04555227121681051,0.045550775740875585,0.04554918027014683,0.04554748262915573,0.045545680739677956,0.04554377262280112,0.04554175640075718,0.04553963029866632,0.045537392646314456,0.04553504187938237,0.045532576540755924,0.04552999528203932,0.045527296863963417,0.04552448015731145,0.04552154414383931,0.045518487916223586,0.04551531067847972,0.04551201174620459,0.04550859054659978,0.04550504661831839,0.045501379611153824,0.04549758928557566,0.04549367551211397,0.0454896382705934,0.04548547764921886,0.04548119384350295,0.04547678715489745,0.045472257989531646,0.0454676068567426,0.045462834366879604,0.04545794123028399,0.045452928255259165,0.04544779634589433,0.04544254649769134,0.045437179795245225,0.04543169740567682,0.04542610056639286,0.04542039063917428,0.04541456906195289,0.04540863734607303,0.0454025970764254,0.04539644990989249,0.045390197572780254,0.045383841857782166,0.045377384620780545,0.04537082777756397,0.04536417330048351,0.04535742321505773,0.045350579596533484,0.045343644566389084,0.04533662028853986,0.045329508965952815,0.04532231283712521,0.045315034172612734,0.04530767526829149,0.04530023844267842,0.045292726029417286,0.04528514036729914,0.04527748376076275,0.04526975841708884,0.04526196633226561,0.045254110089989474,0.04524619221456913,0.045238215147889435,0.045230181290717465,0.045222093021777356,0.04521395270297407,0.04520576267796574,0.04519752526888127,0.04518924277253574,0.04518091745650429,0.04517255155509863,0.04516414726525347,0.04515570674255919,0.045147232096956244,0.045138725388605264,0.04513018862364714,0.045121623749896825,0.045113032652697976,0.045104417150283994,0.04509577898880455,0.04508711983735388,0.04507844128532387,0.04506974483664276,0.04506103190476569,0.045052303821985044,0.045043561818094525,0.04503480701845468,0.045026040439609526,0.045017262984212915,0.04500847543548601,0.04499967845130898,0.04499087255802321,0.044982058143963,0.044973235452732234,0.044964404576251,0.04495556544760737,0.044946717833751204,0.04493786132775932,0.044928995341594745,0.04492011909877663,0.04491123162712018,0.04490233175168188,0.044893418087961455,0.04488448903550627,0.04487554277185546,0.04486657724697332,0.044857590178430023,0.044848579046769095,0.04483954109183393,0.044830473309894675,0.04482137245121356,0.044812235018525964,0.044803057266686284,0.044793835203178214,0.04478456458954367,0.044775240943814444,0.044765859543985785,0.04475641543256021,0.044746903422186124,0.04473731810241124,0.04472765384756011,0.04471790482545701,0.04470806500774322,0.04469812818122912,0.044688087960233276,0.0446779378003071,0.04466767101288664,0.04465728078096252,0.04464676017607844,0.04463610217609533,0.04462529968396189,0.04461434554748852,0.04460323257986808,0.04459195358117354,0.044580501360063585,0.04456886875642791,0.0445570486648786,0.044545034058652455,0.04453281801389077,0.04452039373425743,0.04450775457581203,0.04449489407204782,0.04448180595900267,0.04446848420035019,0.04445492301237656,0.044441116888375064,0.04442706062330436,0.044412749337922885,0.04439817850240423,0.044383343959361124,0.04436824194622468,0.044352869117078135,0.04433722256325465,0.0443212998332873,0.04430509895197644,0.04428861843816942,0.044271857321546905,0.04425481515834437,0.04423749204543341,0.04421988863327101,0.04420200613781145,0.04418384635095294,0.04416541164953525,0.04414670500290368,0.04412772997901821,0.04410849074908924,0.04408899209072652,0.044069239389593486,0.044049238639564184,0.04402899644101558,0.044008519998181644,0.04398781711491417,0.04396689618895007,0.043945766204723034,0.043924436724783036,0.04390291787991912,0.04388122035782549,0.04385935539050029,0.04383733474061257,0.043815170686133637,0.04379287600415707,0.04377046395366667,0.04374794825686829,0.04372534307960009,0.0437026630111234,0.043679923042919656,0.04365713854661721,0.04363432525115716,0.04361149921926462,0.04358867682328976,0.04356587472048478,0.0435431098277817,0.04352039929613657,0.043497760484224664,0.043475210932242936,0.043452768335327324,0.04343045051350983,0.043408275302723835,0.04338626069098007,0.04336442472777378,0.04334278548440543,0.043321361039013975,0.04330016942939888,0.043279228629750095,0.043258556527814386,0.04323817090068295,0.04321808939021477,0.04319832947799359,0.04317890846106792,0.043159843428142976,0.04314115123627853,0.043122848488177754,0.04310495151010502,0.043087476330465654,0.04307043865907733,0.04305385386716104,0.04303773696807659,0.043022102598483304,0.043006965000780426,0.042992338006267165,0.04297823501928572,0.042964669001712384,0.04295165245862241,0.042939197425286166,0.0429273154538145,0.04291601760151115,0.04290531442003873,0.04289521594537601,0.042885731688617576,0.0428768706277218,0.04286864119987287,0.04286105129477495,0.042854108249024504,0.04284781884123269,0.0428421892879486,0.04283722524040044,0.0428329317820414,0.042829313426884834,0.04282637411861315,0.042824117230442986,0.042822545565728884,0.042821661359107276,0.04282146627859306,0.04282196142831694,0.042823147351801163,0.0428250240360837,0.04282759091631354,0.04283084688059352,0.04283479027635399,0.042839418916541624,0.04284473008653717,0.04285072055137517,0.042857386563605014,0.04286472387168018,0.042872727728454914,0.04288139290019199,0.04289071367623493,0.04290068387893782,0.04291129687390802,0.042922545580577134,0.042934422483080076,0.04294691964142265,0.04296002870291877,0.042973740913878886,0.04298804713153138,0.04300293783581362,0.04301840314184195,0.04303443281250195,0.04305101627115834,0.043068142614492225,0.04308580062548793,0.04310397878660445,0.0431226652929834,0.043141848065753906,0.04316151476546205,0.04318165280556163,0.0432022493659036,0.04322329140644485,0.04324476568039833,0.04326665874775174,0.04328895698906906,0.043311646619134996,0.0433347137005436,0.04335814415726022,0.04338192378814532,0.04340603828042894,0.043430473223124384,0.04345521412036957,0.04348024640468476,0.043505555449787785,0.04353112658377668,0.04355694510214342,0.043582996280605815,0.04360926538777977,0.04363573769770757,0.04366239850230089,0.04368923312350104,0.0437162269252812,0.04374336532549047,0.04377063380748586,0.04379801793148265,0.04382550334585746,0.04385307579758938,0.04388072114284892,0.04390842535758145,0.04393617454766779,0.0439639549587687,0.043991752985883724,0.044019555182615994,0.04404734827013536,0.04407511914583234,0.04410285489165595,0.04413054278212872,0.044158170291677026,0.04418572510210503,0.044213195109689254,0.04424056843188155,0.044267833413622185,0.04429497863332426,0.04432199290859671,0.04434886530146177,0.04437558512326943,0.044402141939299096,0.04442852557296458,0.04445472610961705,0.04448073390016678,0.04450653956370945,0.0445321339902159,0.04455750834311303,0.044582654061356065,0.04460756286111637,0.044632226737126295,0.04465663796368634,0.04468078909534031,0.044704672967223844,0.044728282695093,0.04475161167503984,0.04477465358255215,0.04479740237173724,0.04481985227422925,0.0448419977977562,0.04486383372441115,0.04488535510866862,0.04490655727523738,0.044927435816529006,0.04494798658994073,0.04496820571496012,0.04498808957002161,0.04500763478911522,0.04502683825838359,0.04504569711187553,0.045064208727593175,0.04508237072359774,0.04510018095380958,0.04511763750363386,0.045134738685459946,0.04515148303404472,0.045167869301790765,0.045183896453930374,0.04519956366362592,0.04521487030699693,0.04522981595773576,0.04524440038212165,0.04525862353397947,0.04527248554954262,0.04528598674226524,0.04529912759762808,0.045311908768053064,0.04532433106761632,0.04533639546686594,0.04534810308790766,0.04535945519889869,0.04537045320900366,0.04538109866343808,0.04539139323807706,0.045401338734368066,0.045410937074563104,0.045420190296877154,0.04542910055068199,0.04543767009177795,0.04544590127774906,0.04545379656340755,0.04546135849633325,0.045468589712513295,0.04547549293208709,0.045482070955050774,0.04548832665726826,0.045494262986602564,0.04549988295890036,0.04550518965465701,0.0455101862154165,0.045514875840319026,0.04551926178151177,0.045523347343827514,0.045527135880567164,0.04553063079063402,0.04553383551596973,0.045536753538682494,0.04553938837855598,0.04554174359073496,0.045543822763738646,0.045545629517499034,0.04554716750150402,0.04554844039307079,0.04554945189574405,0.04555020573781331,0.04555070567094101,0.045550955468893164,0.045550958926362246,0.04555071985754363,0.04555024209518818,0.045549529489731164,0.04554858590838418,0.045547415234259446,0.04554602136549642,0.04554440821447295,0.045542579706881255,0.04554053978080955,0.045538292385841055,0.045535841482025254,0.045533191038765415,0.04553034503380212,0.04552730745139832,0.045524082280995,0.0455206735158991,0.045517085151707784,0.04551332118458346,0.04550938560940642,0.04550528241780424,0.04550101559605835,0.04549658912289051,0.04549200696713275,0.045487273085287716,0.04548239141867151,0.04547736589084264,0.0454722004049836,0.04546689884114636,0.045461465053402844,0.045455902866965776,0.045450216075366506,0.04544440843748298,0.04543848367461833,0.04543244546765565,0.04542629745418178,0.04542004322565179,0.04541368632480308,0.04540723024243663,0.04540067841492345,0.04539403422193011,0.0453873009841434,0.04538048196112362,0.04537358034932762,0.04536659928031499,0.045359541819150875,0.04535241096301708,0.04534520964004212,0.04533794070835997,0.04533060695510313,0.04532321109599377,0.04531575577523649,0.04530824356557944,0.04530067696863666,0.04529305841545225,0.0452853902673979,0.045277674817222814,0.04526991429037864,0.04526211084665297,0.045254266581968836,0.045246383530408565,0.04523846366663629,0.04523050890780701,0.04522252111631661,0.04521450210282033,0.045206453629289545,0.045198377412205004,0.0451902751258966,0.045182148406013534,0.04517399885310824,0.045165828036316955,0.04515763749711959,0.045149428753160824,0.04514120330188808,0.04513296262447156,0.04512470818978462,0.04511644145880197,0.045108163887818464,0.04509987693239872,0.045091582050450156,0.045083280707069726,0.04507497437782302,0.0450666645521002,0.045058352736518835,0.04505004045808189,0.04504172926731487,0.045033420740715,0.04502511648346774,0.04501681813207657,0.04500852735667725,0.0450002458631199,0.044991975394835175,0.04498371773447734,0.04497547470533902,0.04496724817253287,0.04495904004393722,0.04495085227090298,0.04494268684849965,0.04493454581576283,0.04492643125576893,0.04491834529546801,0.044910290105131596,0.044902267897661004,0.04489428092779353,0.04488633149080274,0.044878421921152156,0.04487055459095143,0.04486273190817928,0.04485495631467897,0.044847230284050896,0.04483955631899037,0.04483193694876287,0.04482437472662961,0.04481687222702711,0.04480943204258484,0.044802056781012026,0.044794749061863766,0.04478751151319646,0.04478034676812298,0.04477325746127755,0.04476624622520054,0.0447593156863669,0.04475246846145463,0.04474570715366872,0.04473903434894439,0.04473245261208333,0.0447259644828402,0.04471957247119549,0.04471327904030974,0.044707086625947114,0.04470099762577264,0.04469501439374721,0.04468913924195905,0.04468337442925605,0.04467772215685467,0.04467218456524817,0.04466676373135421,0.04466146166503089,0.04465628030527716,0.04465122151596816,0.04464628707998037,0.04464147870849507,0.04463679802647784,0.04463224657112446,0.04462782578945862,0.04462353703531207,0.04461938156656287,0.04461536054257855,0.0446114750216143,0.04460772595847609,0.044604114201958575,0.04460064048961825,0.044597305421650676,0.04459410952160237,0.04459105320151282,0.04458813675570644,0.04458536036058156,0.04458272407317084,0.0445802278308055,0.044577871450583686,0.044575654628789,0.044573576940281266,0.044571637838019755,0.04456983665275486,0.04456817259289335,0.04456664474453993,0.04456525207171661,0.04456399341676129,0.044562867500906565,0.044561872924770284,0.04456100816928335,0.04456027159693895,0.04455966145312533,0.04455917586762966,0.04455881285630845,0.0445585703230123,0.044558446060998784,0.04455843773347014,0.04455854243746351,0.04455875215101778,0.044559062827559975,0.044559471016385375,0.044559972977905066,0.04456056933348496,0.04456125809719795,0.04456203647072643,0.04456290141694156,0.044563849784335606,0.044564878346958735,0.04456598381714007,0.04456716285005445,0.04456841204714688,0.044569727959203,0.04457110708917511,0.0445725458953776,0.04457404079499253,0.044575588167571324,0.044577184357501055,0.04457882567646074,0.04458050840254566,0.04458222877244382,0.04458398304164179,0.04458576744996898,0.044587578223117194,0.044589411578633976,0.04459126373015907,0.04459313089220676,0.0445950092846885,0.04459689513719366,0.044598784693065684,0.04460067421341571,0.04460255998109413,0.04460443830461211,0.044606305522003446,0.0446081580046165,0.044609992160825555,0.044611804439651535,0.04461359133401824,0.044615349384121476,0.044617075180871824,0.04461876536910335,0.04462041665062509,0.044622025787089306,0.04462358960282448,0.0446251049874133,0.04462656889803504,0.044627978361845504,0.0446293304780088,0.04463062241953982,0.044631851435109005,0.044633014850010755,0.04463411006755035,0.044635134570232486,0.044636085920607665,0.04463696176186903,0.0446377598182121,0.044638477894952,0.044639113878394227,0.04463966573545685,0.044640131513044086,0.04464050933717324,0.044640797411609874,0.04464099401646424,0.044641097506770054,0.04464110631058042,0.04464101891605634,0.0446408337896105,0.04464054892935574,0.04464016012771429,0.044639666589597525,0.04463906785137958,0.044638363265355654,0.044637552121612294,0.0446366335119743,0.04463560650423457,0.04463447019767292,0.04463322373500936,0.0446318663031704,0.04463039713143025,0.04462881548906283,0.044627120682952326,0.044625312055861455,0.04462338898456063,0.044621350878353463,0.044619197177958536,0.044616927354444974,0.04461454090870553,0.044612037371488215,0.0446094163035495,0.0446066772952964,0.044603819966049806,0.04460084395957885,0.04459774893010833,0.04459453457125664,0.044591200602934186,0.04458774676115414,0.04458417297054019,0.04458047915144402,0.044576665256001353,0.04457273128535498,0.04456867729688087,0.04456450340874847,0.04456020980388999,0.04455579673385771,0.044551264522654795,0.044546613570529935,0.04454184435770275,0.04453695744798113,0.04453195349223129,0.04452683323156837,0.04452159750038894,0.04451624722925016,0.04451078344705423,0.044505207283772205,0.0444995199722336,0.044493722849474726,0.04448781735826831,0.04448180504780696,0.044475687574008924,0.04446946669993208,0.04446314429533976,0.04445672233608887,0.04445020290263287,0.04444358817880312,0.04443688045023912,0.04443008210241866,0.04442319561839787,0.04441622357629861,0.044409168646568596,0.044402033589040886,0.04439482124982018,0.04438753455802303,0.04438017652239941,0.0443727502276456,0.04436525883077736,0.044357705557715434,0.044350093700011736,0.04434242661093472,0.04433470770197141,0.04432694043932721,0.04431912834064976,0.04431127497157959,0.04430338394232484,0.04429545890495066,0.04428750355017837,0.04427952160451917,0.04427151682693654,0.044263493006327585,0.044255453959052705,0.044247403526451935,0.04423934557242897,0.04423128398109814,0.044223222654474884,0.04421516551018936,0.04420711647920127,0.044199079503494366,0.04419105853372899,0.0441830575266159,0.04417508044231545,0.044167131242016086,0.04415921388534715,0.04415133232747253,0.044143490516106526,0.044135692388638584,0.044127941868555884,0.04412024286195788,0.044112599253902596,0.044105014904734306,0.04409749364593838,0.04409003927596304,0.04408265555529259,0.044075346201996296,0.044068114887040814,0.044060965229339374,0.04405390079063905,0.0440469250702724,0.0440400414997923,0.044033253437511057,0.044026564162967866,0.04401997687135103,0.04401349466790355,0.044007120562145834,0.04400085746222575,0.043994708169633516,0.04398867537393086,0.043982761647578514,0.04397696944092471,0.043971301077414045,0.043965758747136166,0.043960344497231615,0.043955060202291396,0.0439499074630787,0.0439448880180747,0.043940003375833404,0.04393525486731523,0.04393064366217695,0.0439261707712595,0.043921837045715874,0.043917643175511806,0.043913589687964986,0.043909676946484545,0.04390590514955047,0.043902274329944486,0.043898784354238364,0.04389543492254691,0.0438922255683666,0.04388915565875771,0.0438862243951254,0.04388343081419282,0.04388077378930016,0.043878252032003136,0.043875864094156336,0.04387360837028411,0.04387148310031175,0.04386948637289939,0.04386761612911203,0.04386587016651919,0.0438642461438934,0.043862741585821506,0.04386135388851196,0.04386008032602681,0.043858918056936765,0.04385786413148936,0.043856915499296795,0.04385606901753826,0.043855321459668195,0.04385466952461826,0.04385410984647717,0.043853639004629186,0.0438532535341521,0.0438529499366601,0.04385272469183649,0.043852574269233204,0.04385249514027598,0.043852483790558804,0.043852536732405335,0.043852650514248116,0.04385282173853709,0.04385304707330957,0.04385332326486991,0.043853647155066094,0.04385401568839453,0.04385442592572327,0.04385487505765186,0.04385536041725718,0.04385587949239175,0.0438564299378192,0.04385700958682373,0.04385761646252476,0.04385824878876233,0.04385890500051415,0.0438595837538056,0.04386028393507553,0.04386100466979625,0.043861745330494396,0.04386250554445011,0.04386328520059659,0.04386408445572383,0.04386490373990445,0.043865743761280045,0.04386660551001382,0.04386749026140631,0.043868399578403224,0.04386933531318559,0.04387029960794438,0.043871294894956545,0.04387232389530553,0.04387338961749607,0.04387449535516452,0.0438756446839169,0.04387684145738872,0.043878089802544,0.04387939411422793,0.04388075904898998,0.04388218951819581,0.043883690680449075,0.04388526793334462,0.043886926904420545,0.04388867344148413,0.04389051360268286,0.04389245364587436,0.04389450001748133,0.04389665934077096,0.04389893840375936,0.04390134414660786,0.04390388364853878,0.04390656411455065,0.043909392861668325,0.04391237730486615,0.04391552494281349,0.04391884334283539,0.04392234012637022,0.04392602295413808,0.04392989951109197,0.04393397749127063,0.04393826458259237,0.043942768451624474,0.04394749672836308,0.043952456991057855,0.04395765675111524,0.043963103438113306,0.043968804384812446,0.04397476681231402,0.043980997815780486,0.04398750435026655,0.04399429321681052,0.0440013710487688,0.044008744298598114,0.04401641922485155,0.044024401879533236,0.04403269809598648,0.044041313477171606,0.04405025338429725,0.044059522926005616,0.04406912694754262,0.04407907002110088,0.04408935643656932,0.04409999019273596,0.044110974989040236,0.04412231421789175,0.044134010957567284,0.044146067965695694,0.0441584876733391,0.04417127217967768,0.04418442324730337,0.04419794229799348,0.04421183040905261,0.04422608831062048,0.04424071638354606,0.044255714657700174,0.04427108281095919,0.04428682016889611,0.04430292570494153,0.04431939804111888,0.044336235449442166,0.044353435853954785,0.044370996833172395,0.0443889156231343,0.04440718912057812,0.044425813887214734,0.044444786154405544,0.044464101828249676,0.04448375649513605,0.04450374542774639,0.04452406359148986,0.04454470565134934,0.044565665979119116,0.044586938661013105,0.04460851750562209,0.04463039605210186,0.04465256757861517,0.04467502511133694,0.04469776143340054,0.04472076909459316,0.04474404042088186,0.044767567524120463,0.044791342312173486,0.044815356498955385,0.0448396016147503,0.04486406901652372,0.04488874989837475,0.044913635301985444,0.044938716126713026,0.044963983140363435,0.04498942698982246,0.04501503821159377,0.04504080724230344,0.045066724429154915,0.045092780040317776,0.045118964275234416,0.04514526727482961,0.04517167913160829,0.04519818989962837,0.045224789604213805,0.04525146825142724,0.04527821583777475,0.04530502235959894,0.04533187782230016,0.04535877224930017,0.04538569569107027,0.045412638233449605,0.045439590006026126,0.04546654119031215,0.04549348202780795,0.04552040282761594,0.04554729397389859,0.04557414593265122,0.04560094925889331,0.045627694603464344,0.04565437271949988,0.04568097446866047,0.045707490827112486,0.04573391289126073,0.04576023188323297,0.04578643915611669,0.045812526198949106,0.045838484641461986,0.04586430625846853,0.04588998297389737,0.04591550686499948,0.045940870166153586,0.04596606527249792,0.045991084743230326,0.04601592130478581,0.04604056785368807,0.04606501745915523,0.04608926336565011,0.046113298995022804,0.04613711794880102,0.046160714009724046,0.04618408114298043,0.046207213497865364,0.04623010540908222,0.0462527513977825,0.04627514617242417,0.04629728462945379,0.046319161853817306,0.04634077311930392,0.04636211388872804,0.046383179813953804,0.046403966735766876,0.0464244706834912,0.04644468787432813,0.04646461471299122,0.04648424779104793,0.04650358388616539,0.04652261996114498,0.04654135316293463,0.046559780821455114,0.04657790044824666,0.04659570973518994,0.04661320655295684,0.04663038894937669,0.046647255147730035,0.04666380354452846,0.04668003270784274,0.04669594137538995,0.04671152845246515,0.04672679300979386,0.046741734281308,0.046756351661848924,0.04677064470480073,0.04678461311965685,0.046798256769523164,0.046811575668560736,0.04682456997927311,0.046837240009585494,0.04684958621031942,0.04686160917247831,0.0468733096244755,0.04688468842924859,0.0468957465811809,0.04690648519852155,0.04691690552572486,0.04692700892795465,0.046936796885370544,0.046946271015824936,0.04695543304460835,0.04696428480464753,0.046972828235505255,0.04698106538084602,0.046988998385410444,0.04699662949187209,0.04700396103765925,0.0470109954517642,0.04701773525154788,0.047024183039543366,0.047030341500261724,0.0470362133970024,0.04704180156858919,0.04704710892595605,0.047052138449169195,0.04705689318420478,0.04706137624003059,0.04706559078545845,0.04706954004612062,0.04707322730097804,0.04707665588022479,0.04707982916185032,0.04708275056859587,0.04708542356502794,0.04708785165462721,0.04709003837655914,0.047091987303059704,0.04709370203671504,0.04709518620771627,0.04709644347115882,0.04709747750438841,0.047098292004394936,0.047098890685256106,0.04709927727563207,0.04709945551631247,0.047099429157817174,0.04709920195798797,0.047098777679481243,0.047098160087696087,0.04709735294866143,0.047096360026938254,0.04709518508355836,0.04709383187396518,0.04709230414616075,0.04709060563808157,0.047088740072389494,0.04708671114207784,0.04708452256116876,0.047082178017165084,0.047079681176930274,0.04707703568739688,0.04707424517468327,0.04707131324283106,0.04706824347250819,0.047065039419748766,0.04706170461474723,0.047058242560710145,0.0470546567327666,0.04705095057693637,0.04704712750915521,0.047043190914284244,0.047039144144957225,0.04703499052097609,0.04703073332858324,0.04702637581984391,0.04702192121194445,0.047017372686397794,0.04701273338692064,0.04700800642405169,0.047003194870736446,0.04699830176240675,0.04699333009678838,0.04698828283356839,0.04698316289378439,0.04697797315977554,0.04697271647503004,0.04696739564400163,0.04696201343195993,0.046956572564872595,0.04695107572931756,0.046945525572422715,0.04693992470183072,0.046934275685685894,0.04692858105264012,0.04692284329181001,0.04691706485250579,0.04691124814447899,0.04690539553803126,0.04689950936409728,0.04689359191426658,0.04688764544087438,0.04688167215702456,0.04687567423650726,0.046869653813848104,0.04686361298417957,0.04685755380306171,0.046851478286199934,0.04684538840885786,0.046839286105688695,0.046833173270352114,0.046827051754976076,0.04682092336951917,0.0468147898810266,0.046808653012773496,0.04680251444329049,0.046796375805267375,0.04679023868433198,0.04678410461770262,0.046777975092661205,0.046771851544651286,0.046765735355758564,0.046759627852916354,0.04675353030603117,0.04674744392592065,0.046741369862250304,0.046735309201326194,0.046729262963760294,0.04672323210225548,0.046717217499177094,0.04671121996413245,0.046705240231480406,0.046699278957646334,0.04669333671890443,0.04668741400907272,0.04668151123719705,0.046675628725297354,0.04666976670618994,0.046663925321399916,0.04665810461917725,0.04665230455262987,0.046646524977986895,0.04664076565300532,0.046635026235504015,0.046629306281891846,0.0466236052462129,0.04661792247917169,0.04661225722764181,0.04660660863417292,0.04660097573654865,0.046595357468204895,0.04658975265838009,0.046584160032665016,0.04657857821389568,0.04657300572322675,0.04656744098144582,0.04656188231044447,0.046556327935408454,0.04655077598720166,0.04654522450499909,0.04653967143922011,0.046534114654755036,0.046528551934474895,0.04652298098301298,0.046517399430804,0.046511804838365804,0.04650619470080683,0.046500566452507226,0.04649491747171324,0.04648924508580815,0.0464835465765813,0.04647781918567101,0.046472060120034867,0.04646626655760754,0.04646043565298018,0.04645456454309803,0.046448650353185864,0.046442690202533346,0.046436681210360424,0.04643062050161879,0.04642450521266992,0.046418332497331107,0.04641209953279007,0.04640580352542601,0.04639944171657257,0.04639301138820559,0.04638650986853695,0.04637993453749623,0.04637328283208194,0.04636655225156408,0.046359740362520746,0.04635284480366645,0.04634586329019304,0.046338793618408015,0.04633163367000128,0.04632438141611559,0.04631703492109234,0.04630959234605363,0.046302051952193106,0.04629441210376226,0.046286671270975036,0.046278828032524644,0.046270881077901296,0.04626282920940191,0.046254671343841376,0.04624640651442559,0.046238033872348275,0.046229552688179125,0.04622096235311255,0.046212262380096,0.04620345240485698,0.04619453218684836,0.046185501610131414,0.04617636068421557,0.04616710954487361,0.046157748454931674,0.04614827780476371,0.046138698113323245,0.04612901002906887,0.046119214330968786,0.046109311929482484,0.04609930386769254,0.04608919132245312,0.0460789756055674,0.04606865816520301,0.046058240587232055,0.04604772459668329,0.04603711205916773,0.04602640498230996,0.046015605517563,0.04600471596197811,0.045993738759965215,0.04598267650507961,0.04597153194181986,0.045960307967420844,0.045949007633624105,0.04593763414840745,0.04592619087765445,0.04591468134674387,0.045903109242028284,0.04589147841186927,0.045879792868052376,0.04586805678690249,0.045856274510230714,0.04584445054600157,0.0458325895688566,0.0458206964203373,0.04580877610879824,0.04579683380919842,0.04578487486243833,0.0457729047744256,0.04576092921470595,0.04574895401472498,0.04573698516604169,0.04572502881809536,0.045713091275563396,0.04570117899535029,0.045689298583202746,0.045677456789947626,0.045665660507350894,0.045653916763596925,0.04564223271838985,0.045630615657679174,0.045619072988011294,0.04560761223018397,0.04559624101305905,0.04558496706690004,0.04557379821635636,0.045562742372636744,0.045551807515041585,0.0455410015354803,0.04553033253716395,0.045519808706303067,0.045509438276589036,0.04549922955134626,0.045489190828321605,0.0454793304140799,0.04546965662139313,0.04546017776108235,0.045450902132338614,0.04544183801258136,0.045432993647109614
8.25,1.0046118382319837,1.0092264990130955,1.0138427078300396,1.0184593033540206,1.0230752194370134,1.027689468997734,1.032301129668528,1.0369093310782256,1.041513243650328,1.0461120688005976,1.050705030423072,1.0552913675586808,1.059870328145887,1.064441163758078,1.0690031252377201,1.0735554591425738,1.0780974049243657,1.0826281927654113,1.0871470420035876,1.0916531600808033,1.0961457419547003,1.1006239699177447,1.105087013772066,1.1095340313124187,1.1139641690734943,1.1183765633014016,1.1227703411126166,1.1271446218069043,1.1314985183037471,1.1358311386746074,1.1401415877451537,1.1444289687441909,1.1486923849815018,1.1529309415173048,1.1571437468240844,1.1613299144341303,1.16548856452215,1.1696188254972462,1.1737198355513498,1.1777907441516633,1.1818307134694643,1.185838919739269,1.1898145545435233,1.1937568260190108,1.1976649599820606,1.201538200970457,1.2053758132006678,1.2091770814396514,1.212941311791103,1.2166678323964673,1.220355994051489,1.2240051707382158,1.2276147600659932,1.2311841836308592,1.2347128872542978,1.2382003410975162,1.2416460396934845,1.2450495017483305,1.248410269835377,1.2517279103793966,1.2550020126725847,1.2582321888739896,1.2614180739306085,1.2645593254398775,1.2676556234644694,1.2707066703021528,1.2737121902116968,1.2766719290956114,1.2795856541407147,1.2824531534177712,1.2852742354416777,1.288048728693818,1.2907764811084295,1.293457359524883,1.2960912491078065,1.2986780527359376,1.3012176903549357,1.3037100983145664,1.306155228652925,1.3085530483548988,1.310903538618112,1.313206694043291,1.315462521878766,1.3176710412586554,1.3198322824317628,1.321946285982743,1.3240131020471166,1.3260327895216968,1.3280054152719876,1.32993105333808,1.3318097841405692,1.3336416936879816,1.3354268727871712,1.3371654162581534,1.338857422154789,1.3405029909926638,1.342102224985542,1.3436552272916922,1.3451621012713593,1.3466229497566546,1.3480378743350117,1.3494069746474322,1.3507303477026447,1.352008087208259,1.3532402829199737,1.354427020009888,1.3555683784548518,1.3566644324458625,1.3577152498193739,1.3587208915114217,1.3596814110353637,1.360596853984033,1.3614672575570637,1.3622926501140837,1.3630730507544497,1.3638084689241394,1.3644989040503708,1.365144345204504,1.3657447707937225,1.3663001482818866,1.3668104339400269,1.3672755726266745,1.3676954975985003,1.3680701303513854,1.3683993804922359,1.368683145641504,1.3689213113664476,1.3691137511430886,1.3692603263534553,1.3693608863046993,1.3694152682855512,1.369423297654014,1.3693847879555914,1.3692995410717117,1.3691673473979464,1.368987986050809,1.3687612250549759,1.368486821603818,1.3681645222393182,1.3677940630200978,1.3673751697926442,1.3669075583532069,1.3663909347441439,1.365824995653457,1.3652094288642365,1.3645439137858597,1.363828122020568,1.363061717954464,1.3622443593650309,1.361375698048769,1.360455380455077,1.3594830483386924,1.35845833942949,1.3573808881139662,1.3562503261316374,1.3550662832809865,1.3538283881323723,1.3525362687462432,1.3511895533951979,1.3497878712886056,1.3483308532985532,1.3468181326859545,1.3452493458256887,1.343624132929687,1.341942138766903,1.340203013379179,1.3384064127920048,1.3365519997191975,1.3346394442606044,1.3326684245918006,1.3306386276450293,1.3285497497804424,1.3264014974468479,1.3241935878310567,1.3219257494950598,1.3195977230003457,1.3172092615184505,1.3147601314271014,1.3122501128912225,1.3096790004281404,1.3070466034563157,1.3043527468269998,1.301597271338193,1.298780034230341,1.295900909663235,1.2929597891736004,1.2899565821129133,1.286891216064985,1.2837636372429082,1.2805738108649976,1.2773217215079704,1.274007373428432,1.270630790809707,1.2671920177945426,1.2636911186875512,1.2601281777427902,1.2565032988855318,1.252816604704893,1.2490682347475164,1.245258341589219,1.241387094281357,1.2374546734242262,1.2334612711516522,1.2294070923821472,1.2252923564753753,1.2211172986675776,1.2168821714470353,1.2125872457598355,1.208232812159152,1.2038191819074018,1.1993466879225634,1.194815685661005,1.190226553865663,1.1855796951869382,1.1808755366834414,1.176114530209426,1.1712971526956109,1.1664239063300068,1.1614953186451944,1.156511942518341,1.1514743560900769,1.1463831626081424,1.141238990201526,1.136042491590581,1.1307943437383694,1.1254952474482767,1.120145926912699,1.1147471292173454,1.1092996238055277,1.1038042019065104,1.0982616759318162,1.0926728788431326,1.0870386634952651,1.0813599019573694,1.075637484815498,1.069872320459287,1.0640653343554385,1.058217468310446,1.052329679724879,1.046402940841341,1.0404382379880586,1.034436570819982,1.0283989515589331,1.0223264042345073,1.016219963927092,1.0100806760142103,1.0039095954215034,0.9977077858793522,0.9914763191861352,0.9852162744790002,0.9789287375129547,0.9726147999489769,0.9662755586518039,0.9599121149979473,0.9535255741944577,0.9471170446088664,0.9406876371106965,0.9342384644248801,0.9277706404973654,0.9212852798731613,0.9147834970870248,0.9082664060669469,0.9017351195505927,0.8951907485147814,0.8886344016180848,0.8820671846566139,0.87549020003299,0.8689045462385547,0.8623113173486908,0.8557116025314733,0.8491064855693325,0.8424970443938568,0.8358843506335886,0.8292694691747764,0.8226534577350151,0.8160373664496148,0.8094222374706813,0.802809104578754,0.7961989928069156,0.7895929180772528,0.7829918868495518,0.7763968957821131,0.769808931404566,0.7632289698025533,0.7566579763141732,0.7500969052380396,0.7435466995528325,0.7370082906482373,0.7304825980671058,0.7239705292587699,0.7174729793432902,0.7109908308866003,0.7045249536863503,0.698076204568393,0.6916454271937177,0.6852334518756928,0.6788410954076107,0.6724691609002461,0.6661184376294257,0.6597897008933715,0.6534837118797916,0.6472012175425169,0.6409429504875933,0.634709628868677,0.6285019562916085,0.6223206217280344,0.6161662994379427,0.6100396489009797,0.6039413147564208,0.5978719267516419,0.5918320996989506,0.5858224334406978,0.5798435128224638,0.5738959076741986,0.5679801727992188,0.5620968479708338,0.5562464579366198,0.5504295124299635,0.5446465061889421,0.5388979189822691,0.5331842156422762,0.5275058461046465,0.5218632454548646,0.5162568339811526,0.5106870172338056,0.5051541860907197,0.49965871682901564,0.4942009712025672,0.48878129652528934,0.4834000257600334,0.4780574776129328,0.47275395663304465,0.4674897533171392,0.4622651442194496,0.45708039206624307,0.45193574587509344,0.4468314410786296,0.4417676996526596,0.43674473024848115,0.4317627283292138,0.4268218763100652,0.421922343702272,0.41706428726062195,0.41224785113442663,0.40747316702172603,0.402740354326596,0.39804952031948276,0.39340076030022875,0.3887941577638386,0.38422978456871043,0.3797077011072477,0.37522795647866886,0.370790588663885,0.3663956247022979,0.36204308087037657,0.35773296286187306,0.3534652659695473,0.3492399752682339,0.3450570657991333,0.340916502755235,0.3368182416676747,0.3327622285929454,0.32874840030082353,0.3247766844628593,0.32084699984073733,0.31695925647524636,0.31311335587464195,0.30930919120226424,0.30554664747200455,0.3018256017335661,0.2981459232627149,0.29450747375099284,0.29091010749485435,0.2873536715841767,0.2838380060901615,0.28036294425250224,0.27692831266574525,0.2735339314647612,0.27017961450924316,0.2668651695671538,0.26359039849705346,0.2603550974291958,0.25715905694536995,0.2540020622574015,0.25088389338421746,0.2478043253275019,0.24476312824573548,0.2417600676267108,0.23879490445827142,0.23586739539754484,0.2329772929382756,0.23012434557637262,0.22730829797366753,0.22452889111971097,0.22178586249169116,0.21907894621231816,0.2164078732057398,0.21377237135137048,0.21117216563567298,0.20860697830181332,0.20607652899717388,0.20358053491869724,0.2011187109560362,0.19869076983248654,0.19629642224369245,0.19393537699407104,0.19160734113095684,0.18931202007649367,0.18704911775718713,0.18481833673116085,0.18261937831308173,0.1804519426967282,0.17831572907527102,0.17621043575915318,0.1741357602916229,0.17209139956196282,0.1700770499163113,0.16809240726614086,0.1661371671944293,0.16421102505940985,0.16231367609603067,0.16044481551503975,0.15860413859976483,0.15679134080055812,0.15500611782692522,0.15324816573734812,0.1515171810268141,0.14981286071206207,0.14813490241456348,0.14648300444123818,0.1448568658629366,0.14325618659069772,0.1416806674496448,0.14013001024669916,0.13860391780094125,0.13710209376057994,0.13562424158984324,0.1341700675343124,0.13273927883189351,0.13133158385056978,0.12994669228042974,0.12858431524476008,0.12724416538260552,0.12592595691769654,0.1246294057208652,0.12335422936814969,0.12210014719531818,0.12086688034907726,0.1196541518351575,0.11846168656343002,0.11728921139019313,0.11613645515775932,0.11500314873147584,0.11388902503426684,0.1127938190788135,0.11171726799753441,0.11065911107038126,0.1096190897506123,0.10859694768858807,0.10759243075366685,0.10660528705427842,0.10563526695608923,0.10468212309773993,0.10374561040152426,0.10282548609521584,0.10192150972067451,0.101033443144288,0.10016105056729095,0.09930409853367592,0.09846235593768485,0.09763559402996505,0.09682358642249933,0.0960261090924191,0.09524294038475876,0.0944738610141981,0.09371865406583489,0.0929771049950389,0.0922490016263917,0.09153413415176584,0.09083229512762463,0.09014327947150191,0.08946688445775104,0.08880290971256885,0.08815115720831013,0.08751143125719316,0.08688353850432745,0.0862672879201456,0.0856624907922729,0.08506896071685252,0.0844865135893143,0.08391496759468736,0.08335414319738009,0.08280386313054315,0.0822639523849586,0.08173423819754988,0.08121455003948198,0.08070471960388463,0.08020458079321717,0.07971396970629253,0.07923272462497745,0.07876068600059624,0.0782976964400185,0.07784360069146112,0.0773982456300678,0.07696148024321345,0.07653315561558806,0.07611312491403704,0.07570124337220514,0.0752973682749825,0.0749013589427582,0.07451307671549538,0.07413238493664293,0.07375914893687129,0.07339323601756574,0.07303451543391805,0.07268285837922091,0.07233813796739308,0.07200022921617497,0.07166900903016758,0.0713443561837304,0.07102615130377493,0.07071427685246237,0.07040861710979286,0.07010905815574439,0.06981548785147684,0.0695277958160915,0.06924587338805516,0.06896961358504199,0.06869891103247591,0.06843366184831422,0.06817376400449521,0.06791911710779272,0.06766962235834059,0.06742518253430634,0.06718570199541127,0.06695108667469103,0.06672124407146633,0.06649608323335789,0.06627551474289793,0.06605945070370078,0.06584780472563327,0.06564049190933377,0.06543742883015177,0.06523853352164011,0.06504372545868012,0.06485292554028346,0.06466605607210651,0.06448304074870889,0.06430380463559579,0.06412827415104008,0.06395637704772018,0.06378804239424983,0.06362320055655606,0.06346178317916198,0.06330372316632453,0.06314895466105995,0.06299741299260936,0.06284903471245924,0.06270375755512042,0.06256152041563431,0.06242226333349705,0.06228592747121584,0.06215245509776387,0.06202178957062609,0.06189387531753532,0.06176865781809687,0.06164608358543561,0.06152610014787031,0.06140865603064014,0.061293700737697014,0.06118118473357672,0.06107105942536108,0.06096327714475288,0.060857791130243394,0.060754555509399885,0.060653525281328086,0.06055465629925538,0.060457905253319684,0.06036322965346825,0.060270587812582835,0.06017993882981066,0.06009124257407871,0.06000445966783821,0.05991955147107366,0.05983648006550467,0.05975520823907031,0.059675699470699756,0.059597917915316614,0.05952182838916483,0.05944739635540526,0.05937458791004502,0.05930336976817315,0.059233709250521405,0.05916557427035829,0.05909893332072402,0.05903375546201323,0.05897001030991575,0.05890766802370896,0.058846699294905755,0.05878707533629424,0.058728767871357536,0.05867174912397312,0.058615991808634214,0.058561469120962086,0.05850815472857781,0.05845602276241686,0.05840504780836922,0.05835520489930614,0.05830646950747737,0.05825881753726086,0.058212225318294196,0.05816666959892642,0.058122127540039085,0.05807857670917681,0.05803599507503704,0.0579943610022666,0.05795365324656718,0.057913850950099016,0.057874933637171645,0.057836881210209586,0.057799673945988915,0.05776329249210262,0.05772771786365221,0.05769293144020056,0.057658914962908994,0.05762565053187724,0.05759312060364875,0.05756130798887893,0.05753019585021051,0.05749976770018632,0.0574700073993385,0.057440899154403244,0.05741242751656646,0.05738457737981144,0.057357333979363635,0.057330682890096,0.05730461002502866,0.05727910163381295,0.05725414430123517,0.0572297249457,0.05720583081768786,0.05718244949817334,0.057159568896992086,0.05713717725114425,0.05711526312303057,0.05709381539858023,0.05707282328527864,0.05705227631011911,0.057032164317411725,0.05701247746650993,0.05699320622933609,0.0569743413877874,0.05695587403110276,0.0569377955528859,0.0569200976480949,0.05690277230984193,0.05688581182601793,0.05686920877574038,0.056852956025653614,0.05683704672599953,0.05682147430654741,0.0568062324723221,0.05679131519916327,0.05677671672909675,0.05676243156552465,0.05674845446823499,0.056734780448233546,0.056721404762399924,0.05670832290797714,0.05669553061687274,0.056683023849804656,0.05667079879029661,0.05665885183851643,0.05664717960495159,0.05663577890396426,0.056624646747192905,0.056613780336862235,0.05660317705892041,0.056592834476101264,0.05658275032087461,0.05657292248830869,0.056563349028836675,0.05655402814096852,0.05654495816390847,0.05653613757013892,0.0565275649579398,0.0565192390438941,0.05651115865535973,0.056503322722927296,0.056495730272874106,0.05648838041962538,0.056481272358232845,0.05647440535688779,0.056467778749455,0.05646139192804287,0.056455244335675135,0.05644933545900658,0.056443664821127115,0.056438231974442414,0.056433036493664095,0.05642807796890787,0.05642335599890838,0.0564188701843578,0.05641462012138616,0.05641060539518272,0.05640682557375968,0.05640328020190483,0.0563999687952518,0.056396890834559406,0.05639404576014193,0.05639143296651485,0.05638905179721817,0.05638690153983582,0.056384981421215716,0.056383290602895014,0.05638182817673481,0.056380593160773235,0.056379584495274915,0.05637880103899475,0.05637824156569474,0.05637790476086456,0.05637778921867213,0.0563778934391312,0.0563782158255026,0.056378754681930175,0.05637950821128942,0.056380474513268664,0.05638165158269249,0.056383037308044795,0.056384629470226794,0.056386425741552795,0.05638842368493471,0.05639062075330608,0.05639301428923857,0.05639560152479873,0.056398379581600544,0.05640134547106271,0.05640449609486689,0.05640782824561289,0.056411338607666624,0.05641502375820127,0.05641888016840483,0.05642290420485463,0.056427092131107554,0.056431440109433885,0.05643594420272353,0.05644060037653737,0.05644540450132312,0.05645035235477907,0.05645543962435719,0.05646066190990215,0.05646601472642799,0.05647149350701729,0.056477093605832605,0.05648281030127323,0.056488638799187224,0.05649457423622701,0.05650061168327596,0.056506746148994424,0.056512972583439576,0.05651928588176548,0.05652568088799842,0.05653215239888155,0.05653869516778357,0.0565453039086702,0.056551973300112295,0.05655869798933221,0.056565472596330366,0.05657229171802667,0.05657914993243853,0.05658604180287871,0.05659296188218337,0.05659990471694683,0.05660686485178583,0.05661383683359395,0.05662081521580726,0.056627794562664806,0.056634769453452326,0.056641734486763816,0.05664868428468901,0.056655613497020724,0.05666251680540871,0.05666938892750685,0.05667622462107072,0.056683018688012836,0.05668976597841102,0.05669646139446518,0.05670309989439803,0.056709676496298524,0.05671618628188468,0.05672262440018438,0.05672898607118467,0.056735266589377505,0.056741461327230965,0.056747565738561566,0.05675357536180753,0.05675948582299343,0.05676529283916206,0.05677099222128978,0.056776579877090796,0.05678205181395786,0.056787404141501165,0.056792633074145706,0.056797734933564985,0.05680270615099758,0.056807543269419586,0.05681224294561183,0.05681680195208226,0.05682121717885298,0.056825485635109384,0.056829604450709094,0.056833570877548444,0.05683738229078748,0.056841036189914526,0.056844530199649614,0.05684786207074231,0.05685102968059384,0.05685403103373417,0.056856864262139165,0.05685952762539732,0.05686201951078815,0.05686433843307927,0.05686648303427162,0.056868452083169395,0.05687024447480429,0.05687185922970306,0.05687329549302734,0.05687455253353968,0.056875629742448766,0.056876526632100896,0.056877242834555836,0.05687777810001937,0.05687813229514609,0.0568783054012161,0.05687829751218976,0.05687810883264444,0.05687773967560003,0.056877190460220925,0.056876461709403046,0.05687555404730308,0.05687446819674876,0.05687320497657872,0.056871765298867345,0.056870150166095174,0.05686836066828751,0.0568663979799937,0.056864263357273744,0.05686195813459736,0.056859483721807345,0.05685684160088555,0.05685403332279095,0.05685106050420546,0.056847924824302856,0.05684462802148295,0.05684117189010999,0.05683755827724162,0.05683378907936106,0.05682986623911866,0.05682579174208834,0.05682156761354492,0.05681719591526944,0.056812678742371746,0.056808018220138326,0.056803216500965106,0.056798275761311856,0.05679319819871414,0.05678798602884204,0.05678264148262869,0.056777166803468115,0.05677156424446908,0.05676583606578666,0.056759984532057016,0.05675401190985039,0.05674792046524997,0.056741712461520814,0.05673539015682365,0.056728955802048286,0.05672241163872152,0.05671575989702644,0.05670900279390424,0.05670214253125025,0.05669518129420458,0.056688121249538106,0.056680964544134016,0.05667371330356594,0.05666636963075702,0.05665893560472402,0.05665141327945552,0.05664380468285936,0.056636111815806654,0.05662833665125689,0.056620481133460965,0.05661254717709433,0.05660453666696111,0.056596451457327134,0.05658829337141557,0.056580064201244826,0.056571765707170214,0.05656339961771968,0.056554967629425176,0.05654647140674725,0.05653791258204298,0.0565292927556133,0.056520613495792946,0.0565118763390913,0.056503082790380584,0.056494234323127716,0.05648533237966614,0.056476378371504474,0.056467373679653744,0.05645831965497237,0.056449217618579725,0.05644006886226588,0.05643087464892514,0.05642163621299492,0.056412354760916494,0.056403031471603984,0.056393667496915774,0.05638426396212833,0.05637482196641522,0.05636534258331919,0.05635582686121535,0.05634627582378793,0.056336690470448446,0.05632707177677976,0.056317420694950715,0.05630773815413573,0.056298025060906365,0.05628828229960534,0.05627851073270176,0.05626871120112694,0.05625888452459024,0.0562490315018744,0.056239152911095984,0.056229249509936366,0.056219322035891986,0.05620937120648064,0.05619939771943223,0.05618940225285146,0.05617938546537177,0.05616934799632878,0.05615929046581836,0.05614921347482142,0.05613911760531641,0.05612900342031683,0.056118871463948714,0.05610872226151294,0.056098556319516046,0.05608837412571021,0.05607817614912248,0.05606796284009608,0.05605773463032335,0.05604749193288097,0.056037235142269874,0.05602696463446205,0.056016680766956845,0.05600638387884892,0.055996074290897126,0.055985752305599795,0.055975418207332484,0.0559650722624824,0.05595471471961224,0.055944345809641464,0.0559339657460685,0.05592357472525081,0.05591317292664255,0.05590276051313205,0.05589233763139172,0.0558819044122949,0.05587146097134288,0.05586100740915668,0.05585054381198102,0.055840070252254126,0.05582958678921609,0.055819093469580895,0.05580859032824478,0.05579807738904171,0.055787554665546336,0.055777022161924,0.05576647987382765,0.05575592778934001,0.0557453658899476,0.055734794151550394,0.05572421254555495,0.05571362103998538,0.05570301960063711,0.05569240819226186,0.055681786779798674,0.05567115532966042,0.055660513810982436,0.05564986219695997,0.055639200466220486,0.05562852860414128,0.055617846604252945,0.055607154469641,0.055596452214353546,0.05558573986481153,0.05557501746122573,0.0555642850590285,0.055553542730292456,0.05554279056514147,0.05553202867315029,0.05552125718472859,0.05551047625248576,0.055499686052571,0.055488886785972795,0.05547807867977858,0.05546726198844126,0.05545643699498299,0.055445604012161004,0.05543476338357882,0.05542391548476221,0.05541306072420257,0.05540219954427835,0.05539133242218152,0.055380459870802264,0.05536958243943664,0.05535870071453428,0.05534781532035323,0.05533692691952202,0.055326036213546356,0.05531514394323853,0.05530425088908203,0.05529335787151349,0.055282465751128586,0.05527157542881038,0.05526068784578026,0.05524980398357102,0.05523892486392086,0.055228051548576795,0.055217185139012595,0.055206326776110995,0.0551954776397516,0.055184638948357276,0.05517381195827062,0.05516299796314517,0.055152198293246295,0.0551414143146695,0.05513064742849678,0.05511989906985623,0.05510917070703112,0.05509846384039188,0.05508778000131806,0.0550771207510246,0.0550664876793637,0.05505588240356821,0.055045306566958774,0.05503476183759423,0.05502424990687751,0.05501377248811968,0.05500333131506484,0.05499292814037834,0.05498256473409934,0.054972242882048335,0.05496196438419643,0.05495173105305301,0.05494154471200375,0.05493140719363016,0.054921320338003836,0.054911285990973106,0.05490130600243415,0.05489138222458822,0.05488151651018817,0.05487171071078139,0.054861966674941594,0.05485228624649573,0.05484267126275989,0.054833123552732864,0.054823644935321374,0.05481423721756135,0.05480490219285441,0.05479564163919817,0.0547864573174214,0.054777350969425286,0.05476832431643178,0.054759379057239745,0.05475051686648809,0.05474173939291484,0.05473304825761831,0.054724445052372235,0.05471593133792737,0.05470750864232565,0.0546991784592282,0.054690942246259554,0.05468280142336668,0.054674757371190916,0.05466681142945535,0.05465896489537384,0.0546512190220665,0.0546435750169986,0.054636034040446375,0.05462859720394153,0.05462126556876816,0.05461404014447649,0.05460692188743015,0.05459991169936765,0.0545930104259891,0.05458621885556997,0.05457953771760357,0.054572967681474106,0.054566509355160366,0.054560163283960184,0.05455392994924395,0.05454780976729199,0.05454180308814885,0.05453591019452101,0.05453013130068764,0.05452446655129403,0.0545189160193571,0.054513479707738885,0.05450815754730779,0.05450294939601942,0.0544978550382969,0.05449287418429211,0.05448800646939306,0.05448325145373332,0.054478608621790964,0.054474077382056896,0.054469657066792854,0.054465346931863785,0.054461146156656426,0.05445705384408643,0.054453069020696125,0.05444919063684427,0.05444541756698739,0.05444174861004164,0.05443818248983343,0.05443471785568894,0.054431353283095674,0.05442808727446175,0.054424918259965,0.05442184459850566,0.0544188645787513,0.05441597642022691,0.05441317827434176,0.05441046822485199,0.05440784429174503,0.05440530443120566,0.0544028465371675,0.05440046844301789,0.05439816792336072,0.0543959426958235,0.05439379042292621,0.05439170871400187,0.05438969512717606,0.05438774717140223,0.05438586230854948,0.05438403795553911,0.05438227148652377,0.05438056023509361,0.05437890149651201,0.054377292530030624,0.054375730561208244,0.05437421278425733,0.054372736364408786,0.05437129844029625,0.054369896126335665,0.054368526515106985,0.05436718667969559,0.05436587367593473,0.05436458454594525,0.05436331631961848,0.054362066017197265,0.054360830651728934,0.054359607231495397,0.054358392762421104,0.05435718425046934,0.05435597870401062,0.054354773136170105,0.05435356456715192,0.0543523500265384,0.05435112655556237,0.054349891209349334,0.054348641059116395,0.054347373194332034,0.05434608472488675,0.05434477278321269,0.054343434526377896,0.05434206713809962,0.05434066783077184,0.05433923384744368,0.054337762463766204,0.054336250989903995,0.054334696772418506,0.05433309719609145,0.05433144968574079,0.0543297517079984,0.05432800077304979,0.05432619443633551,0.05432433030023655,0.05432240601573535,0.054320419284041424,0.05431836785818989,0.05431624954461341,0.05431406220468879,0.0543118037562588,0.054309472175127674,0.05430706549651792,0.054304581816498255,0.05430201929343488,0.05429937614939562,0.054296650671533796,0.054293841213444355,0.05429094619654305,0.054287964111435785,0.05428489351907698,0.0542817330521056,0.05427848141609212,0.054275137390793725,0.054271699831342037,0.05426816766942135,0.05426453991440397,0.05426081565446269,0.05425699405765953,0.05425307437300431,0.05424905593147196,0.054244938146982516,0.05424072051734123,0.05423640262513664,0.0542319841385938,0.05422746481237786,0.05422284448833157,0.054218123096154335,0.05421330065407188,0.05420837726942132,0.05420335313917586,0.05419822855040124,0.05419300388065411,0.05418767959830877,0.05418225626280727,0.05417673452483624,0.05417111512642786,0.05416539890097229,0.05415958677315013,0.05415367975877906,0.05414767896453936,0.0541415855876315,0.05413540091534553,0.054129126324535974,0.05412276328098939,0.054116313338690436,0.05410977813898468,0.054103159409636635,0.05409645896378155,0.05408967869876741,0.05408282059487946,0.054075886713956946,0.054068879197917606,0.054061800267151565,0.05405465221880258,0.05404743742498804,0.054040158330864486,0.05403281745260375,0.05402541737523808,0.054017960750436085,0.05401045029416859,0.0540028887842116,0.053995279057619285,0.05398762400807686,0.05397992658315911,0.05397218978147859,0.05396441664976924,0.053956610279886894,0.053948773805722695,0.05394091040004035,0.05393302327124153,0.053925115660064284,0.05391719083621931,0.05390925209496697,0.05390130275362662,0.05389334614803535,0.05388538562900942,0.0538774245587454,0.0538694663071955,0.053861514248418306,0.053853571756918406,0.053845642203978895,0.05383772895398179,0.053829835360736024,0.05382196476381884,0.05381412048493586,0.05380630582429913,0.05379852405703312,0.05379077842957825,0.05378307215617318,0.053775408415389636,0.05376779034672059,0.05376022104722033,0.05375270356820969,0.05374524091205158,0.053737836029002714,0.05373049181414602,0.05372321110440665,0.05371599667564208,0.05370885123982283,0.05370177744235408,0.053694777859475344,0.05368785499576785,0.05368101128176317,0.05367424907167244,0.05366757064122881,0.053660978185636116,0.05365447381764418,0.05364805956574086,0.05364173737243539,0.053635509092691346,0.053629376492460495,0.05362334124729748,0.05361740494112572,0.053611569065119075,0.053605835016692485,0.05360020409859532,0.053594677518110534,0.05358925638635719,0.053583941717693255,0.05357873442921578,0.05357363534035355,0.05356864517253485,0.05356376454893844,0.053558993994369024,0.05355433393519318,0.05354978469935397,0.053545346516441016,0.05354101951786292,0.05353680373707884,0.053532699109853074,0.053528705474609084,0.053524822572834786,0.05352105004957189,0.05351738745391662,0.05351383423958539,0.05351038976551081,0.0535070532964947,0.0535038240039258,0.05350070096653995,0.053497683171218766,0.05349476951383253,0.053491958800127255,0.05348924974665577,0.05348664098175326,0.053484131046556145,0.05348171839605744,0.053479401400208286,0.053477178345088465,0.05347504743410955,0.05347300678927074,0.053471054452481,0.05346918838691266,0.053467406478421964,0.05346570653704767,0.05346408629856019,0.053462543426071374,0.053461075511638374,0.053459680078026976,0.053458354580505595,0.05345709640869321,0.053455902888489046,0.05345477128407962,0.05345369880001507,0.05345268258335508,0.05345171972588786,0.05345080726642258,0.05344994219315543,0.05344912144610901,0.05344834191964296,0.05344760046501723,0.053446893893024046,0.0534462189767349,0.05344557245428942,0.053444951031752175,0.053444351386029494,0.053443770167854815,0.05344320400483299,0.053442649504530045,0.05344210325762002,0.05344156184108315,0.05344102182144714,0.0534404797580666,0.05343993220642994,0.05343937572145943,0.053438806860876285,0.05343822218859395,0.05343761827811899,0.05343699171595511,0.05343633910501015,0.053435657068000644,0.05343494225084814,0.05343419132606185,0.05343340099609976,0.05343256799668492,0.05343168910008853,0.053430761118421446,0.05342978090685902,0.05342874536681904,0.05342765144907987,0.05342649615685788,0.053425276548816014,0.053423989741976624,0.053422632914611155,0.05342120330902811,0.05341969823422145,0.05341811506852158,0.05341645126210781,0.053414704339384375,0.0534128719013281,0.05341095162771234,0.05340894127922175,0.05340683869945594,0.05340464181682078,0.053402348646304464,0.05339995729113621,0.05339746594432503,0.05339487289007595,0.05339217650507259,0.053389375259633436,0.05338646771876267,0.053383452543026975,0.05338032848932249,0.05337709441159337,0.05337374926131144,0.05337029208762645,0.053366722037552196,0.05336303835551624,0.053359240381991385,0.05335532755972215,0.053351299428739056,0.05334715562605801,0.05334289588545006,0.05333852003692174,0.05333402800598893,0.05332941981278634,0.05332469557104202,0.053319855486928844,0.053314899857797145,0.05330982907079135,0.05330464360135372,0.053299344011617324,0.05329393094867474,0.053288405142743314,0.05328276740526751,0.05327701862690601,0.05327115977513373,0.053265191892014244,0.05325911609142664,0.05325293355569292,0.05324664552822292,0.05324025330140668,0.05323375819483744,0.053227161660704604,0.053220465200822784,0.053213670362452024,0.0532067787411278,0.05319979198048488,0.053192711770356706,0.05318553984408865,0.05317827797559437,0.05317092797630221,0.05316349169203033,0.053155970999797394,0.05314836780456936,0.053140684035963504,0.05313292164487329,0.053125082600037885,0.05311716888456711,0.053109182492401305,0.05310112542471999,0.05309299968627546,0.053084807281624784,0.05307655021125554,0.05306823046797315,0.05305985003290071,0.0530514108714532,0.053042914930949994,0.05303436413499956,0.05302576037973615,0.053017105529770195,0.05300840141399314,0.052999649821308295,0.0529908524962523,0.05298201113450946,0.05297312737831352,0.052964202811728485,0.05295523895580068,0.05294623726357631,0.052937199114980016,0.05292812581153245,0.05291901857092926,0.052909878521531443,0.052900706696706115,0.052891504029056645,0.05288227134455656,0.05287300935660812,0.05286371866004631,0.05285439972510414,0.052845052891387294,0.05283567836186588,0.05282627619689717,0.052816846308374896,0.05280738845398027,0.05279790223156491,0.05278838707375765,0.052778842242821845,0.052769266825770156,0.052759659729786024,0.05275001967799261,0.05274034520560769,0.05273063465652229,0.05272088618034067,0.05271109772991787,0.052701267059412256,0.05269139172290578,0.05268146907366361,0.052671496263998224,0.05266147024580245,0.05265138777178673,0.05264124539740717,0.05263103948354736,0.05262076619996877,0.0526104215295123,0.052600001273103325,0.0525895010555553,0.05257891633218022,0.05256824239619531,0.052557474386904925,0.05254660729873716,0.05253563599108783,0.05252455519893726,0.052513359544236984,0.05250204354804935,0.05249060164341794,0.052479028188941935,0.05246731748302486,0.05245546377876431,0.05244346129942195,0.052431304254457675,0.05241898685613248,0.052406503336561855,0.05239384796519732,0.052381015066683696,0.05236799903905467,0.052354794372190455,0.052341395666464695,0.0523277976515832,0.052313995205507266,0.05229998337339983,0.05228575738657009,0.05227131268131542,0.05225664491758891,0.052241749997498386,0.05222662408355443,0.052211263616577824,0.05219566533322244,0.052179826283057534,0.05216374384515434,0.05214741574412249,0.052130840065544706,0.052114015270759165,0.0520969402109187,0.05207961414030413,0.052062036728896574,0.05204420807409754,0.052026128711584185,0.052007799625264015,0.05198922225630596,0.05197039851121324,0.0519513307689041,0.05193202188680839,0.05191247520592883,0.051892694554836506,0.051872684252662504,0.051852449111005006,0.05183199443474508,0.051811326021829904,0.05179045016201053,0.051769373634502326,0.05174810370459221,0.05172664811920389,0.05170501510143449,0.051683213344078605,0.05166125200215859,0.05163914068448211,0.051616889444232726,0.05159450876863702,0.051572009567767196,0.05154940316208346,0.051526701258781185,0.05150391595751127,0.05148105972875322,0.051458145397312874,0.05143518612795869,0.05141219540668363,0.05138918702394142,0.051366175057350937,0.05134317385362918,0.05132019800995472,0.051297262354856654,0.05127438192866565,0.0512515719636571,0.05122884786386947,0.05120622518465929,0.05118371961203728,0.05116134694182961,0.05113912305870733,0.05111706391512698,0.051095185510224336,0.051073503868680904,0.05105203501962455,0.05103079497564928,0.05100979971194157,0.05098906514554696,0.050968607114798795,0.05094844135904089,0.050928583498568325,0.050909049014797876,0.050889853230856465,0.05087101129249385,0.050852538149375924,0.05083444853679271,0.050816756957795466,0.05079947766577634,0.050782624647557985,0.05076621160700208,0.05075025194913125,0.05073475876479669,0.05071974481590803,0.050705222521241496,0.050691203942839755,0.05067770077301638,0.05066472432197556,0.05065228550604497,0.05064039483654071,0.050629062409294434,0.05061829789480844,0.050608110529063645,0.05059850910499008,0.05058950196455006,0.05058109699150695,0.050573301604890174,0.050566122753039865,0.05055956690832061,0.050553640062461186,0.05054834772255474,0.05054369490766989,0.05053968614606043,0.05053632547302001,0.05053361642935607,0.05053156206044315,0.05053016491586203,0.050529427049613586,0.05052935002089635,0.050529934895435745,0.050531182247353056,0.050533092161561294,0.05053566423665238,0.05053889758828358,0.05054279085309457,0.05054734219307952,0.05055254930041633,0.050558409402740395,0.050564919268855375,0.05057207521486232,0.050579873110685146,0.05058830838698963,0.0505973760424808,0.050607070651556056,0.05061738637231187,0.05062831695486094,0.05063985574993342,0.05065199571783898,0.050664729437723335,0.05067804911708141,0.050691946601531555,0.050706413384836946,0.050721440619160306,0.050737019125538144,0.050753139404560804,0.050769791647244635,0.050786965746059544,0.050804651306120455,0.0508228376565725,0.05084151386209688,0.050860668734538185,0.050880290844642025,0.050900368533896526,0.050920889926458344,0.050941842941141464,0.05096321530347164,0.05098499455778854,0.05100716807937546,0.05102972308661557,0.05105264665313018,0.051075925719878346,0.051099547107296375,0.051123497527407205,0.05114776359586665,0.05117233184395202,0.05119718873048061,0.051222320653646056,0.051247713962760344,0.051273354969890064,0.051299229961374884,0.05132532520919285,0.05135162698218543,0.051378121557173605,0.05140479522989653,0.05143163432577378,0.051458625210483486,0.051485754300357345,0.05151300807257188,0.051540373075119376,0.05156783593657018,0.051595383375607914,0.051623002210323114,0.05165067936727327,0.051678401890265124,0.05170615694884981,0.051733931846613984,0.05176171402920153,0.05178949109204162,0.051817250787796,0.051844981033520185,0.05187266991753497,0.051900305706004325,0.051927876849216494,0.05195537198756597,0.05198277995720927,0.05201008979541835,0.05203729074567005,0.0520643722624156,0.05209132401554062,0.05211813589451893,0.05214479801226942,0.05217130070870778,0.05219763455398758,0.05222379035145196,0.052249759140289086,0.052275532197888316,0.052301101041915515,0.052326457432072315,0.05235159337154554,0.05237650110824048,0.05240117313573816,0.05242560219396783,0.05244978126961668,0.052473703596282506,0.052497362654375525,0.052520752170775876,0.05254386611825342,0.05256669871465706,0.05258924442185562,0.05261149794446393,0.05263345422840023,0.05265510845922918,0.05267645606030701,0.05269749269074065,0.052718214243179025,0.05273861684143118,0.05275869683791245,0.05277845081096765,0.05279787556202599,0.05281696811259698,0.05283572570118658,0.052854145780055754,0.052872226011846116,0.05288996426614609,0.052907358615967376,0.05292440733411753,0.05294110888949269,0.05295746194329865,0.052973465345207874,0.05298911812946023,0.05300441951091537,0.053019368881064115,0.05303396580399554,0.05304821001233867,0.053062101403202784,0.05307564003408319,0.05308882611878006,0.05310166002334017,0.053114142261966354,0.05312627349282733,0.05313805451428079,0.053149486260763046,0.05316056979880654,0.05317130632314608,0.05318169715280169,0.05319174372724939,0.05320144760262489,0.05321081044801576,0.05321983404182536,0.05322852026819364,0.05323687111349143,0.053244888662891385,0.05325257509701895,0.053259932688685306,0.0532669637997045,0.05327367087779621,0.05328005645355044,0.05328612313748009,0.05329187361719678,0.05329731065466028,0.053302437083505794,0.05330725580645235,0.05331176979279361,0.05331598207596133,0.053319895751150315,0.05332351397301768,0.05332683995344082,0.05332987695932206,0.053332628310454176,0.05333509737738985,0.053337287579325494,0.05333920238207694,0.05334084529606468,0.05334221987429814,0.05334332971036555,0.05334417843642268,0.053344769721173954,0.05334510726783984,0.053345194812104924,0.05334503612004123,0.053344634985979224,0.053343995230345914,0.05334312069750309,0.053342015253537434,0.053340682784002696,0.053339127191618554,0.05333735239393485,0.053335362320951075,0.05333316091268671,0.05333075211672371,0.05332813988571224,0.05332532817483811,0.05332232093927616,0.053319122131583234,0.05331573569905716,0.05331216558115174,0.05330841570687416,0.053304489992174624,0.053300392337347825,0.053296126624454467,0.05329169671477194,0.05328710644628263,0.05328235963120938,0.05327746005360729,0.053272411466998584,0.0532672175920824,0.053261882114564625,0.053256408683072395,0.05325080090716519,0.0532450623554573,0.053239196553863506,0.053233206983971444,0.05322709708154076,0.0532208702351523,0.053214529785004155,0.053208079021854204,0.05320152118613455,0.053194859467189395,0.05318809700266246,0.0531812368781199,0.05317428212682773,0.05316723572968911,0.05316010061535325,0.05315287966049524,0.05314557569026542,0.05313819147890634,0.05313072975053419,0.05312319318008127,0.05311558439437755,0.05310790597338307,0.053100160451592465,0.05309235031961019,0.05308447802580914,0.05307654597807,0.05306855654565539,0.0530605120612433,0.05305241482311709,0.05304426709730855,0.053036071119875655,0.05302782909924473,0.05301954321861041,0.053011215638355244,0.05300284849849072,0.05299444392117241,0.05298600401321832,0.05297753086861737,0.05296902657102786,0.052960493196254385,0.05295193281469295,0.05294334749373356,0.05293473930010995,0.05292611030218679,0.05291746257215783,0.052908798188161334,0.052900119236332074,0.0528914278127555,0.05288272602530422,0.052874015995355565,0.05286529985940779,0.0528565797705576,0.05284785789983349,0.05283913643741135,0.052830417593683746,0.05282170360017985,0.05281299671034073,0.052804299200122515,0.05279561336843533,0.05278694153746479,0.05277828605283302,0.05276964928359297,0.05276103362206588,0.052752441483522046,0.05274387530570667,0.05273533754821173,0.052726830691696314,0.052718357236957995,0.05270991970383614,0.052701520629969786,0.0526931625694515,0.05268484809134315,0.05267657977805098,0.052668360223570736,0.052660192031524056,0.05265207781151908,0.05264402017963832,0.052636021755513226,0.052628085159850284,0.05262021301274447,0.05261240793037304,0.05260467252241623,0.05259700938944108,0.05258942112028821,0.05258191028931618,0.05257447945353803,0.052567131149634586,0.05255986789068617,0.052552692164620815,0.052545606430035266,0.05253861311333349,0.052531714605740944,0.052524913260240065,0.05251821138848277,0.05251161125773279,0.05250511508780495,0.052498725048011965,0.05249244325411182,0.05248627176493176,0.05248021257612601,0.0524742676248282,0.052468438782933766,0.0524627278537718,0.052457136569461243,0.05245166658818188,0.05244631949160285,0.05244109678226547,0.05243599988108215,0.05243103012488815,0.05242618876406542,0.05242147696025435,0.052416895784158785,0.05241244621344906,0.052408129130767554,0.05240394532184142,0.052399895473706666,0.05239598017302759,0.052392199904530846,0.05238855504959759,0.05238504588498146,0.05238167258164751,0.05237843520374488,0.05237533370772081,0.05237236794151809,0.052369537641250026,0.05236684236408773,0.052364280668789835,0.05236185160936113,0.05235955420377596,0.052357387290955126,0.05235535032427723,0.05235344226790209,0.05235166187487855,0.05235000777300722,0.05234847848503595,0.05234707243551916,0.052345787953680535,0.052344623275182016,0.0523435765437331,0.05234264581269737,0.052341829046735996,0.052341124123522625,0.05234052883557942,0.05234004089220204,0.052339657921343395,0.0523393774715274,0.05233919701337368,0.05233911394009582,0.05233912557696809,0.05233922917927851,0.052339421934667216,0.05233970096603347,0.05234006333432488,0.0523405060414686,0.05234102603327417,0.05234162020245667,0.052342285391702645,0.05234301839679252,0.05234381596978449,0.05234467482225533,0.052345591628592716,0.052346563029333444,0.052347585634541935,0.052348656027222454,0.05234977076673897,0.05235092639224912,0.05235211942618779,0.05235334637776099,0.05235460374642761,0.05235588802537143,0.0523571957049642,0.052358523276210385,0.05235986723414827,0.05236122408122661,0.052362590330643874,0.05236396250961947,0.05236533716262202,0.052366710854496956,0.05236808017351129,0.052369441734380455,0.052370792181187516,0.05237212819019819,0.052373446472572555,0.05237474377696584,0.052376016892010775,0.05237726264867427,0.05237847792248128,0.05237965963559912,0.05238080475875681,0.052381910313005264,0.052382973371355,0.052383991060242434,0.05238496055950962,0.05238587909196338,0.05238674385120403,0.05238755168104325,0.05238830000180154,0.05238898633005399,0.05238960820329101,0.052390163200612176,0.05239064892772601,0.052391063041807934,0.05239140325916924,0.05239166735702098,0.052391853173580034,0.05239195860765943,0.05239198161804325,0.05239192022272227,0.05239177249807752,0.05239153657795923,0.052391210652724736,0.052390792968248834,0.05239028182490103,0.05238967557652188,0.05238897262945576,0.052388171441619544,0.052387270521516996,0.052386268427203515,0.052385163764743774,0.052383955185203196,0.052382641387247734,0.05238122111455879,0.05237969315334856,0.05237805635584653,0.052376309615226734,0.052374451870080385,0.05237248210640128,0.0523703993585823,0.052368202710231744,0.05236589129506275,0.05236346429791913,0.05236092095594802,0.052358260559916485,0.05235548245566478,0.05235258604568638,0.05234957079082302,0.05234643621205436,0.05234318189237103,0.05233980747873259,0.05233631268405561,0.052332697289265276,0.052328961145399595,0.05232510417564157,0.05232112637737977,0.05231702782424227,0.05231280866802862,0.05230846914061686,0.05230400955578746,0.05229943031091177,0.05229473188850946,0.05228991485767053,0.052284979875394384,0.05227992768775513,0.052274759130900794,0.05226947513188573,0.0522640767093303,0.052258564973904846,0.05225294112863501,0.0522472064690285,0.05224136238302373,0.0522354103507461,0.052229351944081986,0.052223188826117026,0.052216922750443207,0.05221055556027362,0.052204089187382556,0.0521975256509472,0.05219086705625878,0.05218411559331209,0.05217727353525539,0.052170343236785766,0.05216332713246356,0.05215622773490451,0.05214904763289014,0.05214178948941402,0.052134456039743746,0.052127050089413686,0.05211957451217696,0.052112032247928125,0.05210442630060127,0.052096759736047014,0.05208903567989049,0.05208125731537152,0.05207342788116661,0.0520655506691749,0.0520576290222706,0.05204966633206251,0.052041666036641655,0.05203363161827306,0.052025566601039124,0.05201747454846677,0.052009359061085364,0.05200122377389683,0.05199307235381579,0.051984908497045686,0.05197673592637334,0.05196855838836464,0.05196037965044751,0.051952203497894776,0.05194403373076801,0.051935874160730165,0.05192772860774462,0.051919600896662664,0.05191149485369768,0.05190341430278522,0.05189536306182939,0.05188734493883715,0.05187936372794374,0.051871423205318186,0.051863527124957766,0.05185567921442076,0.051847883170490654,0.05184014265475014,0.051832461289090526,0.051824842651168906,0.05181729026962505,0.051809807618749856,0.05180239811011812,0.0517950650721903,0.05178781180444787,0.05178064152426505,0.05177355736977199,0.051766562397775086,0.051759659580062164,0.05175285179932282,0.05174614184504863,0.051739532409509605,0.051733026083835836,0.0517266253542178,0.05172033259823423,0.0517141500813151,0.051708079953346975,0.05170212424541369,0.05169628486668049,0.05169056360147184,0.051684962106536225,0.05167948190847553,0.051674124401362945,0.051668890844563366,0.051663782360766616,0.05165879993422569,0.05165394440923681,0.05164921648886992,0.051644616733938574,0.051640145562245963,0.05163580324807764,0.05163158992198332,0.051627505570927795,0.05162355003872982,0.051619723026827,0.05161602409538237,0.051612452664743146,0.0516090080172625,0.051605689299493135,0.05160249552476127,0.051599425576127886,0.05159647820972943,0.05159365205850175,0.051590945636331334,0.05158835734262665,0.05158588546726918,0.05158352819595583,0.051581283615938486,0.05157914972176682,0.0515771244223068,0.05157520554745664,0.051573390855335896,0.051571678040348956,0.05157006474045751,0.051568548545490256,0.05156712700563914,0.051565797640255005,0.05156455794684264,0.05156340541028262,0.05156233751223044,0.051561351740688176,0.05156044559971348,0.05155961661923744,0.0515588623649614,0.05155818044830242,0.05155756853634396,0.051557024361757804,0.05155654573270727,0.05155613054269094,0.051555776780260264,0.05155548253859655,0.051555246024917574,0.05155506556968644,0.05155493963557423,0.05155486682616958,0.051554845894404705,0.051554875750647176,0.05155495547045574,0.05155508430193248,0.051555261672677634,0.05155548719638927,0.05155576067899097,0.0515560821242968,0.051556451739197144,0.051556869938348286,0.05155733734834993,0.051557854811397,0.05155842338839316,0.051559044361515524,0.05155971923620979,0.051560449742604694,0.0515612378363815,0.05156208569908798,0.051562995737858636,0.051563970584558326,0.05156501309434927,0.0515661263436903,0.0515673136277535,0.05156857845728568,0.051569924554921306,0.05157135585093237,0.05157287647844921,0.05157449076812282,0.051576203242272786,0.051578018608599334,0.051579941753378065,0.051581977734185144,0.051584131772172005,0.051586409243907956,0.051588815672810324,0.05159135672018225,0.05159403817587948,0.05159686594862774,0.05159984605600249,0.051602984614088895,0.05160628782688695,0.05160976197548348,0.051613413406974944,0.051617248523184694,0.051621273769204015,0.051625495621782,0.051629920577571105,0.05163455514128234,0.05163940581377383,0.05164447908007778,0.0516497813974032,0.05165531918311281,0.051661098802727776,0.05166712655804628,0.05167340867530847,0.0516799512934621,0.05168676045255529,0.05169384208228011,0.05170120199069024,0.051708845853115346,0.05171677920129427,0.05172500741274841,0.05173353570040576,0.05174236910248926,0.05175151247272732,0.05176097047090981,0.0517707475537553,0.051780847966120834,0.05179127573259429,0.05180203464946586,0.05181312827708002,0.051824559932601565,0.051836332683211875,0.051848449339727716,0.05186091245064636,0.05187372429661579,0.05188688688535843,0.051900401947105775,0.05191427093046775,0.05192849499876612,0.05194307502683643,0.051958011598299665,0.05197330500330394,0.05198895523673546,0.05200496199689689,0.052021324684650316,0.05203804240301367,0.05205511395719993,0.05207253785512319,0.05209031230834991,0.05210843523348863,0.052126904254033095,0.05214571670257689,0.05216486962346378,0.052184359775842244,0.052204183637087384,0.052224337406614633,0.052244817010046116,0.0522656181037244,0.05228673607953867,0.05230816607007553,0.05232990295413647,0.05235194136251589,0.05237427568405745,0.05239690007197447,0.052419808450418985,0.05244299452128399,0.052466451771223645,0.052490173478875454,0.05251415272226942,0.05253838238639886,0.05256285517092869,0.05258756359806553,0.05261250002057844,0.05263765662991012,0.052663025464383756,0.05268859841750299,0.05271436724630683,0.05274032357974722,0.052766458927139576,0.05279276468664239,0.05281923215374424,0.05284585252973443,0.052872616930138915,0.05289951639313585,0.05292654188799065,0.05295368432340978,0.05298093455583604,0.053008283397675035,0.05303572162544294,0.05306323998782664,0.05309082921364679,0.053118480019715926,0.05314618311858313,0.05317392922614966,0.05320170906913734,0.05322951339244378,0.05325733296638259,0.05328515859375877,0.053312981116795534,0.05334079142390117,0.05336858045627928,0.05339633921436235,0.05342405876408546,0.05345173024299064,0.05347934486617017,0.05350689393199056,0.053534368827634855,0.05356176103446668,0.053589062133264906,0.05361626380924051,0.05364335785686769,0.053670336184529044,0.05369719081897414,0.053723913909591484,0.05375049773249414,0.0537769346944191,0.05380321733644137,0.053829338337495106,0.053855290517690925,0.053881066841471696,0.05390666042061552,0.053932064517039364,0.05395727254542651,0.053982278075676675,0.05400707483518824,0.05403165671095608,0.05405601775150975,0.054080152168690276,0.0541040543392461,0.054127718806274726,0.054151140280474394,0.05417431364124809,0.054197233937706105,0.0542198963894849,0.05424229638741774,0.05426442949405993,0.05428629144407161,0.05430787814446112,0.05432918567469181,0.05435021028665549,0.05437094840451546,0.05439139662441471,0.05441155171403877,0.0544314106120775,0.05445097042759994,0.05447022843929176,0.05448918209457929,0.05450782900861789,0.054526166962653756,0.054544193903343786,0.05456190794113117,0.05457930734845094,0.05459639056148295,0.05461315617539856,0.05462960294312466,0.0546457297738037,0.05466153573106133,0.0546770200311221,0.05469218204083774,0.054707021275639506,0.05472153739741982,0.054735730212346914,0.054749599668615444,0.05476314585413631,0.054776368994168656,0.05478926944889083,0.05480184771089944,0.0548141044026773,0.054826040274036036,0.05483765619950505,0.05484895317569496,0.05485993231860266,0.05487059486084917,0.05488094214901399,0.05489097564080475,0.05490069690225744,0.054910107604901594,0.054919209522911475,0.054928004530211294,0.05493649459757753,0.05494468178977749,0.05495256826266855,0.05496015626029161,0.05496744811196127,0.05497444622935545,0.05498115310360687,0.054987571302399105,0.054993703467069534,0.054999552309721714,0.05500512061034458,0.055010411213927815,0.05501542702760783,0.05502017101786164,0.05502464620770118,0.05502885567388883,0.05503280254417128,0.05503648999454372,0.055039921246482465,0.055043099563819184,0.055046028248259514,0.055048710643380454,0.05505115012661164,0.05505335010758002,0.055055314025838326,0.05505704534849977,0.05505854756784306,0.05505982419894878,0.055060878777376226,0.055061714856884,0.05506233600719606,0.05506274581181394,0.05506294786587645,0.0550629457740673,0.055062743148566184,0.055062343607025534,0.05506175077061415,0.055060968262146924,0.055059999704242434,0.055058848717533075,0.05505751891889589,0.05505601391957485,0.05505433732410007,0.05505249272828537,0.05505048371776001,0.05504831386649915,0.055045986735394244,0.055043505870845215,0.05504087480341586,0.05503809704658357,0.055035176095508884,0.05503211542585438,0.055028918492652235,0.055025588729219733,0.055022129546122164,0.05501854433018213,0.0550148364435345,0.05501100922272593,0.05500706597785295,0.05500300999171775,0.05499884451903994,0.054994572785749034,0.054990197988287484,0.05498572329294927,0.054981151835252116,0.05497648671934682,0.05497173101744312,0.05496688776926804,0.05496195998155439,0.054956950627532766,0.05495186264643992,0.054946698943016216,0.05494146238702467,0.054936155812814996,0.054930782018857836,0.05492534376727294,0.05491984378334636,0.054914284755031434,0.054908669332428474,0.0549030001272381,0.05489727971218275,0.054891510620391604,0.054885695344739874,0.054879836337117745,0.05487393600766131,0.05486799672397007,0.05486202081024073,0.05485601054634337,0.054849968166830056,0.05484389585988488,0.05483779576619489,0.054831669977763474,0.05482552053666272,0.054819349433702674,0.05481315860704111,0.054806949940709504,0.05480072526309535,0.054794486345408344,0.05478823490006994,0.05478197257905787,0.0547757009722111,0.05476942160550099,0.05476313593927523,0.05475684536648122,0.054750551210876006,0.05474425472523039,0.05473795708953288,0.05473165940918772,0.054725362713238544,0.05471906795263942,0.054712775998552315,0.05470648764070805,0.05470020358577932,0.05469392445585146,0.054687650786993,0.054681383027854566,0.05467512153839593,0.05466886658870983,0.05466261835794688,0.05465637693335173,0.05465014230944963,0.05464391438741347,0.05463769297455971,0.05463147778400744,0.05462526843450833,0.05461906445045499,0.05461286526207403,0.05460667020580925,0.05460047852489958,0.05459428937015518,0.054588101800931495,0.054581914786281584,0.054575727206318606,0.05456953785382475,0.05456334543603407,0.05455714857661754,0.05455094581785723,0.05454473562301791,0.054538516378892114,0.0545322863985351,0.054526043924180125,0.05451978713030409,0.05451351412686026,0.05450722296264666,0.05450091162883842,0.05449457806269371,0.054488220151368436,0.054481835735855313,0.054475422615038224,0.05446897854985236,0.05446250126754025,0.05445598846599293,0.054449437818165705,0.054442846976556554,0.054436213577734045,0.05442953524688046,0.054422809602367596,0.05441603426039396,0.05440920683959714,0.05440232496566088,0.05439538627589382,0.05438838842378235,0.05438132908348663,0.054374205954287984,0.05436701676497751,0.054359759278152384,0.05435243129443041,0.05434503065655543,0.05433755525342262,0.05433000302403182,0.05432237196131086,0.05431466011582921,0.054306865599399436,0.054298986588565835,0.054291021327980096,0.05428296813366522,0.05427482539616961,0.05426659158361447,0.05425826524463705,0.054249845011211724,0.05424132960138111,0.054232717821949834,0.05422400857106891,0.054215200840750516,0.0542062937193091,0.054197286393749336,0.05418817815208762,0.05417896838563445,0.05416965659124313,0.0541602423735059,0.054150725446923606,0.05414110563803449,0.05413138288754251,0.054121557252459596,0.054111628908215026,0.05410159815075654,0.05409146539864534,0.05408123119514538,0.05407089621030728,0.054060461243045824,0.05404992722320918,0.05403929521363718,0.054028566412204035,0.05401774215381821,0.05400682391239767,0.053995813302868366,0.05398471208309424,0.05397352215576616,0.053962245570231,0.0539508845242646,0.05393944136575917,0.05392791859433489,0.05391631886286455,0.05390464497887417,0.05389289990582959,0.0538810867642778,0.05386920883286837,0.0538572695492499,0.05384527251078311,0.05383322147508041,0.05382112036036093,0.05380897324560995,0.05379678437053228,0.05378455813528949,0.05377229910001133,0.053760011984072126,0.053747701665123486,0.05373537317785272,0.05372303171247951,0.05371068261304463,0.05369833137539548,0.05368598364485652,0.05367364521227883,0.05366132198848821,0.05364902004486342,0.05363674559340748,0.05362450497953081,0.05361230468246355,0.05360015130263385,0.05358805156024221,0.05357601229132243,0.05356404044287523,0.05355214306753457,0.05354032731791681,0.05352860044068914
8.75,1.0033186782310037,1.0067217722677397,1.0102053340983863,1.0137655414449391,1.017398697356003,1.021101228902487,1.0248696851165076,1.0287007343003332,1.0325911608196474,1.036537861483657,1.0405378416036561,1.0445882108115185,1.0486861787102049,1.0528290504197284,1.0570142220740515,1.0612391763171238,1.0655014778395346,1.069798768991206,1.0741287655000276,1.0784892523213,1.082878079638343,1.0872931590305637,1.0917324598216156,1.096194005617037,1.1006758710378675,1.1051761786541783,1.1096930961202247,1.114224833510954,1.1187696408579062,1.1233258058810813,1.127891651912101,1.1324655360033062,1.1370458472146652,1.1416310050731975,1.1462194581952676,1.1508096830606422,1.1554001829374763,1.1599894869397367,1.1645761492144575,1.1691587482500094,1.173735886296466,1.1783061888892716,1.1828683044675459,1.1874209040785402,1.1919626811599735,1.196492351392232,1.2010086526126897,1.2055103447847146,1.2099962100142452,1.2144650526071556,1.218915699160979,1.2233469986848609,1.2277578227423527,1.2321470656103721,1.2365136444501854,1.2408564994837366,1.2451745941644845,1.2494669153453581,1.253732473430934,1.2579703024880355,1.2621794603870895,1.2663590288598665,1.2705081135588192,1.2746258441105938,1.2787113741600857,1.2827638814027995,1.286782567603661,1.2907666586006037,1.2947154042913793,1.2986280786021864,1.3025039794368303,1.3063424286052643,1.3101427717305296,1.3139043781332154,1.3176266406927384,1.3213089756848198,1.3249508225945803,1.3285516439051417,1.3321109248611418,1.3356281732062176,1.3391029188951582,1.3425347137790842,1.3459231312648794,1.3492677659512038,1.3525682332418953,1.3558241689374306,1.3590352288050964,1.3622010881285818,1.3653214412377388,1.3683960010193057,1.371424498409427,1.3744066818688456,1.3773423168416745,1.3802311851987052,1.3830730846662231,1.385867828241331,1.3886152435948103,1.3913151724625645,1.3939674700267197,1.3965720042874623,1.3991286554267028,1.4016373151646777,1.404097886110609,1.4065102811085357,1.408874422579434,1.4111902418607707,1.413457678544581,1.4156766798152305,1.417847199787953,1.4199691988492849,1.422042643000493,1.4240675032050873,1.426043754741507,1.4279713765620328,1.4298503506589935,1.4316806614392952,1.4334622951082838,1.4351952390639582,1.4368794813025092,1.4385150098361288,1.4401018121240445,1.4416398745176409,1.44312918172061,1.4445697162649425,1.4459614580036315,1.4473043836208221,1.4485984661602205,1.4498436745723384,1.451039973281772,1.4521873217742642,1.4532856742047198,1.4543349790267603,1.455335178644407,1.4562862090864244,1.4571879997038193,1.4580404728908576,1.4588435438270726,1.459597120248185,1.4603011022360475,1.4609553820285615,1.4615598438563906,1.462114363786066,1.4626188095848462,1.4630730406091776,1.463476907717028,1.463830253209704,1.4641329108033412,1.4643847056307144,1.4645854542733086,1.4647349648236017,1.4648330369760336,1.464879462146521,1.4648740236200304,1.4648164967254118,1.464706649037182,1.4645442406035658,1.464329024200011,1.4640607456073467,1.4637391439136744,1.4633639518390602,1.4629348960820694,1.4624516976871702,1.4619140724320219,1.4613217312336366,1.4606743805724156,1.4599717229330453,1.4592134572612367,1.4583992794352814,1.4575288827514201,1.4566019584219554,1.4556181960851475,1.4545772843258424,1.4534789112058493,1.4523227648030141,1.4511085337580176,1.4498359078279195,1.4485045784454138,1.4471142392828462,1.4456645868200144,1.4441553209147955,1.4425861453756468,1.440956768535049,1.439266903822956,1.4375162703393458,1.4357045934249701,1.4338316052294249,1.431897045275669,1.4299006610201532,1.4278422084077091,1.425721452420403,1.4235381676194991,1.4212921386793709,1.4189831609104995,1.4166110407635033,1.4141755963410445,1.411676657865595,1.409114068119139,1.4064876828099826,1.403797370887071,1.401043014715462,1.3982245107035083,1.3953417689487604,1.39239471314552,1.3893832805576132,1.386307422062808,1.3831671022523169,1.3799622995960195,1.3766930066606082,1.373359230382248,1.3699609923875864,1.3664983293515227,1.3629712933909384,1.3593799524839356,1.3557243909072632,1.3520047096847432,1.3482210270400354,1.3443734788477146,1.3404622190772553,1.3364874202251271,1.3324492737307416,1.328347990372543,1.324183800641003,1.3199569550857697,1.3156677246346193,1.3113164008822658,1.3069032963474458,1.3024287446970364,1.2978931009362495,1.293296741564263,1.2886400646948675,1.2839234901419587,1.279147459469907,1.2743124360090197,1.2694189048364837,1.264467372723324,1.2594583680480398,1.2543924406776963,1.2492701618173478,1.2440921238287563,1.238858940019443,1.2335712444031532,1.228229691432911,1.2228349557077802,1.2173877316546076,1.2118887331859711,1.2063386933355313,1.2007383638721003,1.19508851489365,1.189389934402521,1.183643427863065,1.1778498177429544,1.1720099430393651,1.1661246587912188,1.1601948355786533,1.1542213590108568,1.1482051292033715,1.142147060245952,1.1360480796620194,1.1299091278607267,1.123731157582622,1.1175151333398456,1.1112620308517782,1.104972836477019,1.098648546642529,1.09229016727075,1.0858987132054732,1.079475207637186,1.0730206815286212,1.0665361730411154,1.0600227269625442,1.053481394137295,1.0469132308989462,1.040319298506157,1.033700662582294,1.0270583925592989,1.0203935611262154,1.013707243682852,1.0070005177989618,1.0002744626793307,0.9935301586351307,0.9867686865618744,0.9799911274242828,0.9731985617483585,0.9663920691209404,0.9595727276969906,0.952741613714845,0.9458998010196432,0.9390483605951522,0.9321883601041422,0.9253208634375204,0.9184469302723258,0.9115676156387711,0.9046839694964259,0.8977970363196861,0.8909078546926044,0.8840174569131637,0.8771268686071301,0.8702371083514805,0.8633491873075255,0.8564641088637199,0.8495828682882559,0.8427064523914343,0.8358358391978583,0.8289719976284542,0.8221158871923298,0.8152684576884756,0.8084306489172992,0.8016033904019827,0.7947876011196467,0.7879841892422917,0.7811940518874797,0.7744180748787495,0.7676571325156931,0.7609120873536569,0.7541837899930296,0.7474730788780295,0.7407807801049967,0.7341077072400243,0.7274546611459489,0.720822429818573,0.7142117882320981,0.7076234981936189,0.7010583082066532,0.6945169533435736,0.6880001551268876,0.6815086214192395,0.6750430463220647,0.6686041100827758,0.6621924790103825,0.6558088053994379,0.6494537274621999,0.6431278692688964,0.6368318406959825,0.6305662373822591,0.6243316406927383,0.6181286176901511,0.6119577211139436,0.6058194893666572,0.5997144465075505,0.5936431022533286,0.5876059519858785,0.5816034767668281,0.5756361433588207,0.5697044042533798,0.5638086977051954,0.5579494477727008,0.5521270643648397,0.5463419432937894,0.5405944663335945,0.5348850012845062,0.5292139020429102,0.5235815086766842,0.5179881475058428,0.5124341311883228,0.5069197588107619,0.5014453159841222,0.496011074944018,0.4906172946555832,0.4852642209227391,0.47995208650173515,0.4746811112187815,0.4694515020916501,0.4642634534550918,0.45911714708990986,0.4540127523555596,0.44895042632610566,0.4439303139293716,0.43895254808912004,0.43401724987042717,0.429124528627482,0.42427448215427477,0.4194671968378068,0.41470274781373356,0.4099811991242693,0.40530260387825007,0.40066700441319847,0.39607443245926605,0.39152490930491823,0.38701844596423596,0.3825550433457037,0.37813469242236647,0.37375737440321116,0.36942306090567606,0.36513171412916096,0.3608832870294051,0.3566777234936649,0.3525149585165072,0.34839491837618075,0.3443175208113628,0.3402826751983285,0.3362902827282804,0.3323402365848114,0.3284324221214219,0.3245667170389365,0.3207429915627843,0.31696110861999505,0.3132209240158727,0.30952228661021797,0.3058650384930502,0.30224901515972363,0.2986740456853646,0.29513995289855166,0.29164655355416225,0.2881936585053151,0.2847810728743406,0.2814085962226967,0.27807602271977006,0.27478314131052095,0.27152973588187446,0.26831558542782613,0.2651404642131918,0.2620041419359385,0.25890638388808007,0.25584695111503697,0.2528256005734367,0.24984208528733157,0.24689615450274027,0.24398755384050258,0.24111602544742153,0.23828130814560164,0.2354831375800055,0.2327212463641522,0.22999536422395528,0.2273052181396522,0.22465053248580139,0.22203102916932013,0.21944642776553888,0.21689644565224786,0.21438079814171754,0.21189919861066622,0.20945135862816436,0.20703698808145693,0.20465579529968175,0.20230748717529365,0.19999176928145213,0.1977083459740567,0.19545692043289872,0.1932371949416992,0.1910488708809855,0.18889164883626908,0.18676522870854345,0.18466930981974036,0.18260359101574253,0.18056777076758065,0.1785615472710273,0.17658461854454927,0.17463668252555162,0.17271743716481347,0.170826580519038,0.16896381084144685,0.16712882667036147,0.1653213269157202,0.1635410109434975,0.16178757865797902,0.16006073058187098,0.15836016793425245,0.1566855927063217,0.15503670773496023,0.15341321677409614,0.15181482456386328,0.15024123689761976,0.14869216068673463,0.14716730402319858,0.14566637623992776,0.1441890879694756,0.1427351512001077,0.14130427932995554,0.13989618721919908,0.13851059124021034,0.1371472093257585,0.13580576101528916,0.13448596749929342,0.1331875516618053,0.13191023812106084,0.13065375326835355,0.12941782530511936,0.1282021842782923,0.12700656211395014,0.12583069264929156,0.12467431166300365,0.1235371569040197,0.12241896811872986,0.12131948707666819,0.12023845759470407,0.11917562555980747,0.1181307389503787,0.11710354785620136,0.11609380449705758,0.11510126324003743,0.11412568061555811,0.11316681533216455,0.11222442829009707,0.11129828259370382,0.11038814356269347,0.10949377874229495,0.10861495791233307,0.10775145309525762,0.1069030385631564,0.10606949084378224,0.10525058872562404,0.10444611326205665,0.10365584777458137,0.10287957785519078,0.10211709136790949,0.10136817844950641,0.10063263150942407,0.09991024522893391,0.09920081655955833,0.09850414472077898,0.09782003119705153,0.09714827973415266,0.0964886963348851,0.09584108925415893,0.09520526899346218,0.09458104829475455,0.09396824213383226,0.0933666677131036,0.09277614445386209,0.09219649398807368,0.09162754014967534,0.09106910896540948,0.0905210286452116,0.0899831295721667,0.089455244292035,0.08893720750233174,0.08842885604076016,0.08793002887227723,0.0874405670752762,0.08696031382484548,0.08648911437151423,0.08602681604945565,0.0855732682482087,0.0851283223956933,0.08469183194324968,0.084263652351924,0.0838436410781584,0.08343165755973837,0.08302756320116159,0.08263122135934232,0.08224249732924102,0.0818612583294473,0.08148737348764705,0.08112071382598068,0.08076115224626748,0.0804085635150861,0.08006282424870054,0.07972381289782252,0.07939140973220316,0.07906549682505472,0.078745958037284,0.07843267900153875,0.07812554710609297,0.07782445147854078,0.07752928296931799,0.07723993413504002,0.07695629922157161,0.07667827414506392,0.07640575647756158,0.0761386454283085,0.07587684182588783,0.07562024810055104,0.07536876826626615,0.07512230790293319,0.0748807741384116,0.07464407563047526,0.07441212254866543,0.0741848265560733,0.07396210079104588,0.07374385984882426,0.07353001976311999,0.07332049798763648,0.07311521337754176,0.0729140861709052,0.07271703797009,0.07252399172311422,0.07233487170501025,0.07214960349915883,0.07196811397864217,0.07179033128757226,0.07161618482245126,0.0714456052135601,0.07127852430636676,0.0711148751429791,0.07095459194366514,0.0707976100884094,0.07064386609855085,0.0704932976185121,0.07034584339759746,0.07020144327190747,0.07006003814635027,0.06992156997678493,0.06978598175229078,0.06965321747757669,0.06952322215554098,0.06939594176999127,0.06927132326853458,0.06914931454564972,0.06902986442594558,0.06891292264761335,0.06879843984609806,0.06868636753799448,0.06857665810511902,0.06846926477888685,0.06836414162489292,0.06826124352773212,0.06816052617610953,0.06806194604819245,0.06796546039724047,0.06787102723751405,0.06777860533046033,0.06768815417119929,0.06759963397528743,0.0675130056657906,0.06742823086064331,0.06734527186032585,0.06726409163584202,0.06718465381700436,0.06710692268102826,0.06703086314143522,0.06695644073726552,0.06688362162260507,0.06681237255641022,0.06674266089263152,0.06667445457065982,0.06660772210606099,0.06654243258161212,0.06647855563862257,0.0664160614685394,0.0663549208048664,0.06629510491531125,0.06623658559422765,0.06617933515533375,0.06612332642465761,0.06606853273374229,0.0660149279131131,0.06596248628593479,0.06591118266192261,0.06586099233145205,0.06581189105988165,0.0657638550820671,0.0657168610970597,0.06567088626297916,0.0656259081920505,0.06558190494579427,0.0655388550303651,0.06549673739201232,0.06545553141265836,0.0654152169056032,0.06537577411131443,0.06533718369333026,0.06529942673420662,0.0652624847315356,0.06522633959408972,0.06519097363790427,0.06515636958246553,0.06512251054691198,0.06508938004624965,0.06505696198757153,0.06502524066629202,0.06499420076234431,0.06496382733637808,0.06493410582591906,0.06490502204149946,0.06487656216274248,0.06484871273439585,0.06482146066230784,0.064794793209339,0.06476869799120348,0.0647431629722389,0.06471817646108476,0.06469372710627858,0.0646698038917662,0.06464639613231743,0.06462349346883571,0.06460108586357764,0.06457916359525882,0.06455771725407468,0.06453673773658736,0.06451621624052185,0.06449614425944941,0.0644765135773657,0.06445731626315473,0.06443854466495705,0.06442019140441721,0.06440224937083842,0.0643847117152246,0.06436757184423328,0.06435082341402834,0.06433446032403901,0.06431847671063004,0.06430286694068599,0.06428762560511492,0.06427274751228071,0.06425822768135689,0.06424406133560523,0.06423024389561587,0.06421677097248141,0.06420363836092795,0.06419084203239772,0.0641783781281014,0.06416624295204196,0.06415443296401678,0.0641429447726036,0.06413177512814254,0.0641209209157176,0.06411037914813951,0.06410014695896171,0.06409022159549375,0.06408060041186332,0.06407128086209993,0.06406226049327866,0.06405353693871035,0.06404510791119125,0.06403697119631942,0.064029124645885,0.06402156617134162,0.06401429373737032,0.06400730535552918,0.06400059907799889,0.06399417299145235,0.063988025211029,0.06398215387443215,0.06397655713614693,0.06397123316179176,0.06396618012261135,0.06396139619010371,0.06395687953079483,0.06395262830117454,0.06394864064277485,0.06394491467741178,0.06394144850260161,0.06393824018712806,0.06393528776679197,0.0639325892403217,0.06393014256547426,0.06392794565530961,0.06392599637464619,0.06392429253669911,0.06392283189990294,0.06392161216492026,0.0639206309718418,0.06391988589756686,0.06391937445336178,0.06391909408262841,0.06391904215884875,0.06391921598372258,0.06391961278548487,0.06392022971741458,0.06392106385652922,0.06392211220246179,0.06392337167651928,0.0639248391209251,0.0639265112982395,0.0639283848909503,0.06393045650125867,0.06393272265100793,0.06393517978180305,0.06393782425528154,0.0639406523535622,0.0639436602798492,0.06394684415919318,0.06395020003940659,0.06395372389212946,0.06395741161404182,0.06396125902822397,0.06396526188564897,0.0639694158668013,0.06397371658344712,0.063978159580521,0.06398274033813871,0.06398745427372435,0.06399229674425688,0.06399726304861961,0.06400234843006555,0.06400754807877519,0.06401285713451527,0.06401827068938958,0.06402378379067003,0.06402939144373217,0.06403508861503782,0.064040870235214,0.0640467312021854,0.06405266638438488,0.06405867062401781,0.06406473874038109,0.06407086553323205,0.06407704578620227,0.06408327427025173,0.06408954574716273,0.06409585497305834,0.06410219670193497,0.06410856568923883,0.06411495669544617,0.06412136448966016,0.06412778385320653,0.06413420958321288,0.06414063649626234,0.06414705943193412,0.06415347325640657,0.06415987286597533,0.06416625319063808,0.064172609197584,0.0641789358946844,0.06418522833393475,0.0641914816148652,0.06419769088789595,0.06420385135765759,0.06420995828625288,0.06421600699646164,0.06422199287488403,0.06422791137501833,0.06423375802026912,0.0642395284068855,0.06424521820681746,0.06425082317047713,0.06425633912943922,0.06426176199904042,0.0642670877808903,0.06427231256528138,0.06427743253349227,0.06428244396003871,0.06428734321474368,0.06429212676474902,0.06429679117640497,0.06430133311704975,0.06430574935666743,0.06431003676944204,0.06431419233517574,0.06431821314059805,0.06432209638054281,0.06432583935901291,0.06432943949011573,0.0643328942988735,0.06433620142190714,0.0643393586079939,0.06434236371849794,0.06434521472767829,0.06434790972286496,0.0643504469044966,0.06435282458605573,0.06435504119386537,0.06435709526677562,0.06435898545570863,0.0643607105230864,0.06436226934217788,0.06436366089626788,0.06436488427774745,0.06436593868709581,0.06436682343173905,0.06436753792480167,0.06436808168377756,0.0643684543290664,0.064368655582438,0.06436868526539216,0.06436854329743662,0.0643682296942761,0.06436774456591993,0.06436708811471203,0.0643662606332873,0.06436526250245915,0.06436409418904605,0.06436275624363332,0.06436124929826512,0.06435957406411,0.0643577313290671,0.06435572195533494,0.06435354687693641,0.06435120709721448,0.06434870368630433,0.06434603777857488,0.06434321057004905,0.06434022331583433,0.06433707732750729,0.0643337739705121,0.06433031466156974,0.06432670086606594,0.06432293409546418,0.06431901590471986,0.06431494788972192,0.0643107316847498,0.06430636895995469,0.0643018614188683,0.06429721079594303,0.06429241885412668,0.06428748738247908,0.06428241819382483,0.06427721312243725,0.06427187402179221,0.0642664027623595,0.06426080122944992,0.06425507132111036,0.06424921494607308,0.06424323402177236,0.06423713047241852,0.06423090622712946,0.06422456321810505,0.06421810337891443,0.06421152864279799,0.06420484094107191,0.06419804220156873,0.06419113434716302,0.06418411929435135,0.06417699895191116,0.06416977521962056,0.06416244998704403,0.06415502513238348,0.06414750252139392,0.06413988400636315,0.0641321714251577,0.06412436660032672,0.06411647133825131,0.06410848742837794,0.06410041664249698,0.06409226073408145,0.06408402143767285,0.06407570046832405,0.0640672995210929,0.0640588202705826,0.06405026437052705,0.0640416334534236,0.06403292913020686,0.06402415298995572,0.06401530659965939,0.06400639150398799,0.06399740922511721,0.06398836126257224,0.06397924909311235,0.06397007417063721,0.0639608379261177,0.06395154176754947,0.06394218707992688,0.06393277522523547,0.06392330754246471,0.06391378534763137,0.06390420993380187,0.06389458257114998,0.06388490450701215,0.06387517696595534,0.06386540114984487,0.06385557823791269,0.06384570938687108,0.06383579573096444,0.0638258383820594,0.06381583842975234,0.0638057969414367,0.06379571496239406,0.06378559351588779,0.06377543360324119,0.06376523620392219,0.0637550022756198,0.06374473275432678,0.06373442855441665,0.06372409056871856,0.06371371966859046,0.06370331670399085,0.06369288250354943,0.06368241787464059,0.06367192360345421,0.06366140045505127,0.06365084917344675,0.06364027048168286,0.06362966508191005,0.06361903365546599,0.06360837686295757,0.06359769534438228,0.06358698971920675,0.06357626058649023,0.06356550852500034,0.06355473409336183,0.06354393783019882,0.06353312025431132,0.06352228186484846,0.06351142314151152,0.0635005445447688,0.06348964651610199,0.06347872947827042,0.06346779383559893,0.06345683997429083,0.06344586826276745,0.06343487905203479,0.06342387267608239,0.0634128494523085,0.06340180968196059,0.0633907536506317,0.06337968162877743,0.06336859387226852,0.0633574906229713,0.06334637210935845,0.06333523854718341,0.06332409014014113,0.06331292708058539,0.06330174955030657,0.06329055772128923,0.06327935175653723,0.06326813181092471,0.06325689803207746,0.06324565056128215,0.06323438953442162,0.0632231150829477,0.06321182733487654,0.06320052641580938,0.06318921244997697,0.06317788556130606,0.06316654587450618,0.0631551935161775,0.06314382861593258,0.06313245130751559,0.06312106172995885,0.0631096600287364,0.06309824635692912,0.06308682087638684,0.06307538375889057,0.06306393518734353,0.0630524753569113,0.06304100447617494,0.06302952276831998,0.06301803047223124,0.06300652784362763,0.06299501515617584,0.06298349270256937,0.062971960795594,0.06296041976916365,0.06294886997933498,0.06293731180528901,0.0629257456502803,0.06291417194255117,0.062902591136209,0.06289100371206395,0.06287941017842806,0.06286781107186913,0.0628562069579024,0.06284459843166038,0.06283298611849182,0.06282137067455675,0.06280975278729976,0.06279813317591443,0.06278651259174871,0.06277489181864564,0.06276327167324416,0.06275165300517004,0.06274003669725672,0.06272842366563923,0.06271681485982461,0.06270521126267663,0.06269361389035769,0.06268202379220437,0.06267044205055342,0.06265886978050456,0.06264730812962543,0.06263575827759886,0.06262422143581298,0.06261269884689522,0.0626011917841935,0.0625897015512018,0.06257822948091288,0.06256677693514688,0.06255534530381533,0.06254393600413884,0.06253255047980998,0.06252119020011296,0.06250985665899698,0.062498551374104504,0.06248727588575434,0.062476031755886514,0.06246482056696583,0.06245364392084084,0.062442503437585714,0.06243140075427825,0.06242033752376096,0.06240931541336314,0.062398336103601466,0.06238740128684715,0.06237651266596581,0.06236567195293165,0.06235488086741742,0.062344141135361776,0.062333454487518064,0.062322822657982516,0.062312247382685385,0.06230173039789257,0.06229127343868022,0.062280878237395094,0.06227054652210137,0.06226028001501693,0.062250080430939686,0.06223994947566433,0.06222988884438859,0.062219900220118605,0.062209985272063076,0.06220014565401981,0.062190383002778085,0.06218069893648943,0.062171095053054154,0.062161572928501385,0.062152134115378295,0.062142780141137124,0.062133512506525185,0.062124332683979336,0.06211524211602598,0.06210624221368765,0.06209733435490026,0.06208851988293915,0.062079800104835825,0.06207117628983518,0.06206264966785332,0.0620542214279542,0.062045892716834396,0.06203766463731741,0.062029538246797696,0.06202151455595668,0.06201359452725563,0.06200577907352267,0.061998069056582804,0.06199046528590184,0.061982968517293055,0.061975579451626434,0.06196829873358943,0.06196112695048008,0.06195406463104819,0.06194711224437491,0.061940270198797345,0.06193353884088047,0.06192691845443859,0.06192040925960863,0.06191401141197989,0.06190772500178029,0.061901550053100954,0.06189548652320956,0.06188953430191404,0.06188369321099427,0.061877963003694296,0.06187234336428698,0.061866833907708786,0.06186143417926148,0.06185614365437039,0.06185096173837446,0.061845887766621206,0.06184092100435169,0.06183606064679068,0.06183130581929314,0.06182665557758103,0.061822108908051204,0.06181766472816608,0.06181332188691752,0.061809079165367126,0.06180493527726254,0.06180088886972906,0.061796938524035436,0.061793082756435184,0.061789320019080905,0.06178564870098758,0.06178206712909485,0.06177857356938383,0.06177516622806375,0.061771843252816455,0.061768602734107274,0.061765442706554506,0.06176236115035526,0.06175935599276051,0.061756425109598966,0.06175356632694238,0.06175077742267339,0.061748056128194985,0.06174540013015274,0.06174280707220954,0.0617402745568562,0.06173780014726514,0.061735381369174405,0.061733015712803326,0.06173070063479727,0.06172843356019899,0.061726211884443896,0.061724032975378124,0.061721894175298296,0.06171979280298532,0.061717726155781374,0.06171569151166039,0.06171368613133473,0.06171170726032846,0.06170975213108348,0.06170781796506027,0.061705901974843456,0.061704001366240005,0.061702113340390524,0.061700235095854615,0.06169836383070391,0.061696496744606616,0.061694631040904974,0.06169276392867552,0.06169089262478215,0.06168901435592249,0.06168712636065827,0.061685225891432105,0.0616833102165701,0.061681376622269524,0.06167942241457071,0.06167744492131494,0.06167544149408758,0.061673409510121104,0.06167134637421145,0.06166924952060332,0.061667116414861924,0.06166494455571938,0.061662731476884655,0.06166047474894052,0.06165817198105017,0.06165582082276615,0.06165341896577154,0.06165096414563513,0.061648454143518966,0.06164588678787963,0.06164325995614027,0.06164057157634239,0.06163781962877741,0.061635002147599594,0.06163211722241356,0.06162916299983806,0.0616261376850453,0.06162303954327516,0.06161986690132292,0.06161661814900139,0.06161329174057719,0.061609886196153194,0.06160640010305132,0.0616028321171498,0.06159918096418969,0.06159544544104067,0.06159162441693377,0.061587716834656296,0.06158372171170406,0.06157963814139066,0.06157546529391612,0.06157120241738723,0.061566848838784945,0.061562403964898545,0.06155786728318394,0.06155323836257732,0.061548516854252944,0.061543702492326526,0.06153879509449431,0.061533794562608816,0.06152870088318943,0.061523514127865296,0.0615182344537487,0.06151286210373796,0.061507397406745136,0.06150184077783984,0.061496192718326965,0.061490453815746526,0.06148462474376302,0.06147870626201538,0.06147269921584914,0.06146660453598332,0.061460423238068565,0.061454156422160504,0.06144780527213649,0.06144137105496116,0.06143485511990207,0.06142825889763738,0.06142158389928101,0.061414831715296436,0.061408004014325265,0.06140110254192466,0.06139412911920779,0.061387085641390386,0.061379974076244216,0.06137279646245808,0.06136555490790731,0.06135825158783435,0.06135088874294368,0.06134346867738551,0.06133599375668458,0.06132846640557192,0.06132088910573794,0.06131326439350457,0.06130559485742029,0.0612978831357874,0.061290131914112825,0.06128234392249351,0.06127452193293632,0.061266668756624176,0.06125878724111503,0.06125088026750917,0.06124295074753612,0.061235001620612545,0.061227035850860714,0.06121905642409407,0.06121106634476803,0.0612030686329037,0.06119506632098948,0.06118706245086485,0.061179060070591464,0.061171062231317186,0.06116307198414031,0.06115509237695169,0.06114712645131287,0.061139177239331904,0.06113124776056007,0.0611233410189025,0.0611154599995562,0.06110760766598182,0.061099786956903976,0.061092000783347526,0.06108425202573221,0.061076543530989486,0.06106887810974155,0.061061258533547935,0.06105368753217851,0.06104616779096257,0.061038701948201976,0.06103129259265201,0.06102394226106819,0.06101665343582374,0.061009428542600004,0.06100226994815133,0.060995179958146475,0.060988160815088066,0.06098121469631549,0.060974343712063346,0.06096754990362963,0.0609608352416096,0.06095420162422323,0.06094765087570596,0.060941184744785944,0.060934804903265666,0.06092851294464311,0.06092231038284309,0.06091619865100219,0.060910179100367105,0.06090425299924154,0.06089842153202427,0.060892685798313424,0.06088704681208163,0.0608815055009327,0.06087606270543168,0.06087071917850308,0.06086547558489909,0.060860332500736594,0.060855290413101906,0.06085034971972252,0.060845510728705324,0.06084077365834124,0.06083613863696253,0.06083160570287842,0.060827174804370096,0.060822845799739254,0.060818618457433075,0.06081449245622413,0.060810467385440346,0.06080654274528155,0.060802717947168856,0.06079899231420748,0.060795365081633926,0.06079183539737966,0.06078840232268926,0.06078506483279138,0.06078182181763553,0.060778672082696564,0.06077561434984369,0.06077264725827359,0.06076976936550909,0.06076697914846431,0.06076427500457683,0.06076165525300736,0.0607591181359083,0.060756661819766,0.0607542843967851,0.060751983886374726,0.06074975823669077,0.06074760532625085,0.0607455229656158,0.0607435088991411,0.06074156080680338,0.06073967630608945,0.06073785295395619,0.060736088248857824,0.06073437963284496,0.06073272449372089,0.060731120167283256,0.060729563939597934,0.06072805304934849,0.06072658469025172,0.06072515601353139,0.060723764130445786,0.06072240611486964,0.060721079005927596,0.06071977981067689,0.060718505506836475,0.06071725304556014,0.06071601935425534,0.06071480133941209,0.06071359588949784,0.0607123998778689,0.06071121016571337,0.06071002360501024,0.060708837041507244,0.0607076473177314,0.06070645127598312,0.06070524576134604,0.06070402762473597,0.060702793725881915,0.060701540936343605,0.06070026614253562,0.06069896624868247,0.06069763817979653,0.06069627888462474,0.06069488533856824,0.060693454546570096,0.06069198354596809,0.06069046940930814,0.060688909247114495,0.060687300210612756,0.06068563949440181,0.06068392433907381,0.06068215203376202,0.06068031991864194,0.06067842538737296,0.06067646588941289,0.060674438932350964,0.06067234208410515,0.060670172975028344,0.06066792929995646,0.06066560882010781,0.06066320936482941,0.06066072883391792,0.06065816519890331,0.06065551650467227,0.060652780870986495,0.0606499564938937,0.060647041647038324,0.06064403468286532,0.06064093403371775,0.06063773821282865,0.06063444581520639,0.06063105551841226,0.060627566083229806,0.060623976354225485,0.06062028526020459,0.060616491814534754,0.06061259511538635,0.06060859434584686,0.06060448877392831,0.06060027775244412,0.060595960718766766,0.060591537194376315,0.060587006783949064,0.06058236917367803,0.06057762412821935,0.06057277150116173,0.06056781122587108,0.06056274331453055,0.060557567857723496,0.06055228502359573,0.060546895056771695,0.06054139827711154,0.06053579507835864,0.06053008592669304,0.060524271359195365,0.06051835198222284,0.06051232846969856,0.06050620156131657,0.060499972060664146,0.06049364083325138,0.06048720880446962,0.06048067695746639,0.0604740463309323,0.060467318016819295,0.060460493157973895,0.060453572945666105,0.060446558617102006,0.0604394514528157,0.06043225277396603,0.06042496393974712,0.06041758634444152,0.06041012141456464,0.06040257060592432,0.06039493540058813,0.06038721730379497,0.06037941784078987,0.06037153855358344,0.06036358099763544,0.06035554673846057,0.06034743734815383,0.06033925440183274,0.06033099947399369,0.060322674134785745,0.06031427994616467,0.06030581845798395,0.06029729120397695,0.060288699697640336,0.06028004542801836,0.06027132985538507,0.06026255440683184,0.060253720471753286,0.060244829397235605,0.060235882483373554,0.06022688097847373,0.06021782607419778,0.060208718900642874,0.06019956052134398,0.06019035192822862,0.060181094036548914,0.06017178767978615,0.06016243360454675,0.06015303246546688,0.06014358482014321,0.060134091124108516,0.06012455172587163,0.06011496686204277,0.06010533665257117,0.060095661096087785,0.06008594006542718,0.06007617330331746,0.06006636041825941,0.060056500880647526,0.06004659401912961,0.060036639017234016,0.06002663491031464,0.06001658058280363,0.060006474765815644,0.05999631603512932,0.059986102809554194,0.05997583334973674,0.0599655057573718,0.05995511797488802,0.05994466778562344,0.05993415281449287,0.059923570529168774,0.05991291824179162,0.059902193111222884,0.05989139214585275,0.05988051220697166,0.0598695500127139,0.05985850214258632,0.059847365042547424,0.05983613503070259,0.059824808303567956,0.05981338094291314,0.059801848923174694,0.05979020811943024,0.05977845431594451,0.05976658321522906,0.05975459044764334,0.05974247158151087,0.05973022213371064,0.05971783758074283,0.059705313370251215,0.059692644932940485,0.05967982769489037,0.05966685709024553,0.059653728574230035,0.059640437636459855,0.05962697981451962,0.059613350707768756,0.05959954599134006,0.05958556143029364,0.059571392893887416,0.05955703636993297,0.05954248797915941,0.059527743989607834,0.05951280083097139,0.05949765510885308,0.05948230361889824,0.05946674336076189,0.059450971551878076,0.059434985640978225,0.05941878332132525,0.05940236254364844,0.059385721528685036,0.05936885877934961,0.059351773092479986,0.0593344635701,0.05931692963018726,0.059299171016930455,0.059281187810422756,0.05926298043577025,0.059244549671589965,0.059225896657872736,0.05920702290318859,0.05918793029121422,0.059168621086563226,0.05914909793990914,0.05912936389235713,0.059109422379099504,0.05908927723226355,0.059068932682011965,0.05904839335969341,0.05902766429774225,0.059006750929384184,0.058985659087806085,0.05896439500424886,0.05894296530554746,0.058921377010941724,0.058899637528088945,0.05887775464831577,0.05885573654116347,0.05883359174816894,0.058811329175965786,0.05878895808868591,0.058766488099685904,0.05874392916261749,0.058721291561861975,0.05869858590235028,0.05867582309879115,0.05865301436433121,0.058630171198679,0.058607305375683635,0.058584428930452286,0.05856155414599029,0.05853869353942613,0.05851585984779618,0.05849306601346367,0.05847032516923434,0.05844765062307167,0.05842505584258137,0.05840255443922513,0.058380160152307674,0.05835788683276478,0.05833574842679519,0.05831375895934257,0.05829193251747405,0.05827028323369576,0.05824882526921711,0.058227572797198965,0.058206539986014785,0.05818574098255295,0.058165189895588006,0.05814490077924812,0.05812488761660497,0.05810516430341607,0.0580857446320259,0.0580666422754802,0.058047870771858606,0.058029443508841726,0.0580113737085581,0.05799367441271482,0.05797635846799892,0.05795943851187004,0.05794292695864449,0.05792683598596395,0.05791117752162232,0.057895963230793275,0.05788120450367076,0.05786691244350887,0.057853097855094376,0.05783977123367413,0.057826942754326274,0.05781462226179142,0.05780281926077201,0.057791542906707155,0.05778080199702887,0.0577706049629054,0.05776095986147591,0.05775187436858711,0.057743355772000564,0.05773541096512799,0.0577280464412592,0.057721268288291286,0.05771508218395718,0.05770949339155347,0.057704506756170705,0.05770012670141501,0.05769635722662275,0.05769320190456648,0.05769066387964623,0.05768874586655536,0.05768745014944256,0.0576867785815057,0.05768673258506684,0.05768731315211528,0.05768852084529222,0.05769035579931771,0.05769281772285239,0.05769590590078565,0.05769961919694211,0.057703956057197435,0.05770891451299461,0.057714492185258266,0.0577206862886641,0.05772749363630722,0.05773491064472527,0.057742933339272454,0.057751557359833734,0.05776077796686834,0.05777059004777882,0.057780988123582344,0.057791966355881415,0.057803518554122475,0.057815638183130444,0.05782831837090026,0.05784155191666214,0.057855331299147196,0.05786964868510197,0.05788449593802864,0.05789986462712173,0.057915746036396897,0.057932131173999604,0.057949010781681576,0.057966375344432705,0.05798421510025613,0.05800252005007428,0.05802127996776,0.058040484410248006,0.05806012272776644,0.058080184074143816,0.0581006574171851,0.05812153154910277,0.05814279509699249,0.05816443653334865,0.05818644418659211,0.05820880625161054,0.05823151080029832,0.058254545792081315,0.05827789908441124,0.05830155844324407,0.05832551155343091,0.05834974602907106,0.05837424942380423,0.05839900924101461,0.05842401294394423,0.0584492479657054,0.058474701719182356,0.058500361606812705,0.05852621503023886,0.058552249399820996,0.05857845214400872,0.05860481071853171,0.058631312615451146,0.05865794537203377,0.05868469657944545,0.058711553891257,0.058738505031755546,0.05876553780406259,0.05879264009803814,0.05881979989797631,0.05884700529008596,0.05887424446974907,0.05890150574854783,0.05892877756108243,0.05895604847151415,0.058983307179894404,0.059010542528260684,0.05903774350648219,0.05906489925786019,0.05909199908448147,0.05911903245232331,0.05914598899610907,0.05917285852391379,0.05919963102151935,0.05922629665652577,0.05925284578218838,0.059279268941029896,0.05930555686820018,0.059331700494588684,0.05935769094969109,0.05938351956423239,0.05940917787255887,0.059434657614781256,0.05945995073868581,0.05948504940143626,0.05950994597101134,0.05953463302744366,0.059559103363845525,0.059583349987194466,0.05960736611891929,0.05963114519529177,0.059654680867610575,0.059677967002189594,0.05970099768015629,0.05972376719706498,0.059746270062331026,0.05976850099849141,0.05979045494029757,0.05981212703364906,0.05983351263436109,0.059854607306792165,0.059875406822331056,0.0598959071577247,0.05991610449330924,0.05993599521109024,0.05995557589270937,0.059974843317316825,0.05999379445932087,0.06001242648603323,0.060030736755246186,0.06004872281270261,0.06006638238950244,0.06008371339942034,0.060100713936161385,0.0601173822705668,0.0601337168477602,0.06014971628424608,0.06016537936496696,0.06018070504032484,0.06019569242317301,0.060210340785783543,0.06022464955679636,0.06023861831816043,0.06025224680204476,0.060265534887766356,0.06027848259871733,0.060291090099294314,0.06030335769183818,0.06031528581358465,0.06032687503363728,0.06033812604995331,0.060349039686353224,0.060359616889558335,0.06036985872625125,0.060379766380161425,0.0603893411491998,0.06039858444257969,0.06040749777799707,0.06041608277884315,0.060424341171440354,0.06043227478230675,0.06043988553544814,0.06044717544967609,0.06045414663595062,0.060460801294745396,0.06046714171343347,0.06047317026369672,0.06047888939893016,0.060484301651678576,0.06048940963108277,0.06049421602033223,0.060498723574122025,0.06050293511611236,0.06050685353639524,0.060510481788952075,0.060513822889110745,0.06051687991100043,0.06051965598499702,0.06052215429515725,0.06052437807666479,0.06052633061322126,0.06052801523446001,0.06052943531334946,0.0605305942635811,0.06053149553694844,0.06053214262071748,0.0605325390349904,0.06053268833006443,0.06053259408378767,0.060532259898914836,0.06053168940047068,0.06053088623309938,0.060529854058440774,0.06052859655252014,0.060527117403151455,0.0605254203073639,0.06052350896885253,0.06052138709546582,0.06051905839672381,0.060516526581379015,0.060513795355028044,0.06051086841777165,0.06050774946193022,0.060504442169842534,0.060500950211687235,0.060497277243412105,0.06049342690474074,0.060489402817257835,0.060485208582583085,0.06048084778063786,0.060476323968009414,0.06047164067641648,0.06046680141128,0.06046180965040256,0.06045666884276336,0.06045138240741261,0.06044595373249527,0.060440386174385546,0.0604346830569813,0.0604288476710496,0.06042288327375435,0.06041679308822639,0.06041058030337467,0.06040424807372933,0.06039779951942642,0.06039123772631525,0.0603845657461732,0.06037778659704998,0.060370903263688186,0.06036391869807358,0.06035683582008926,0.06034965751826317,0.06034238665060873,0.060335026045553956,0.060327578502953456,0.06032004679517788,0.060312433668274774,0.06030474184319487,0.06029697401708111,0.060289132864595606,0.060281221039304,0.06027324117509921,0.060265195887659356,0.06025708777592218,0.06024891942358072,0.060240693400599406,0.060232412264716956,0.06022407856295676,0.06021569483312575,0.06020726360529636,0.060198787403262,0.06019026874597329,0.06018171014891417,0.06017311412545098,0.060164483188136116,0.06015581984995293,0.060147126625500924,0.06013840603211563,0.0601296605909186,0.060120892827792705,0.060112105274278384,0.06010330046838696,0.0600944809553321,0.060085649288152514,0.06007680802825576,0.06006795974586918,0.06005910702038894,0.06005025244062756,0.06004139860495044,0.06003254812116404,0.06002370360667842,0.060014867688268164,0.06000604300178234,0.05999723219182739,0.059988437911203785,0.059979662820338196,0.059970909586568845,0.05996218088336613,0.05995347938944241,0.05994480778775427,0.05993616876439939,0.059927565007392755,0.059918999205506654,0.05991047404679417,0.05990199221714047,0.059893556398718864,0.0598851692683653,0.05987683349585498,0.059868551742115535,0.05986032665737265,0.059852160879216444,0.05984405703061178,0.0598360177178079,0.059828045527893066,0.05982014302735775,0.05981231275950671,0.05980455724216331,0.0597968789653894,0.05978928038915795,0.059781763941023754,0.05977433201371474,0.05976698696273784,0.05975973110396534,0.05975256671120569,0.05974549601376835,0.05973852119402738,0.05973164438498879,0.059724867667866284,0.05971819306967062,0.05971162256081698,0.059705158052760526,0.059698801395642154,0.05969255437597921,0.059686418714398524,0.05968039606340681,0.0596744880052086,0.05966869604957308,0.059663021631761126,0.059657466110242155,0.05965203075680862,0.059646716639444014,0.05964152481803686,0.059636456270820974,0.05963151187215459,0.05962669249645964,0.05962199887399966,0.05961743162617041,0.059612991275458736,0.059608678247363094,0.059604492870649686,0.05960043537719444,0.05959650590177684,0.05959270448193055,0.059589031057871084,0.059585485472511066,0.059582067471542315,0.05957877670361347,0.059575612720600024,0.059572574977944354,0.05956966283507407,0.05956687555585104,0.05956421230897975,0.05956167216940535,0.0595592541186462,0.05955695704565497,0.05955477974781441,0.059552720931997975,0.05955077921574927,0.059548953128496195,0.059547241112893154,0.059545641526247035,0.059544152642028156,0.059542772651469685,0.05954149966525427,0.05954033171528667,0.05953926675655101,0.059538302669050774,0.059537437259829976,0.059536668265077614,0.05953599335229215,0.05953541012252911,0.059534916112727786,0.05953450879810012,0.05953418559458512,0.059533943861360565,0.05953378090341979,0.05953369397419781,0.05953368027824109,0.059533736973936234,0.05953386117626973,0.0595340499596233,0.0595343003606194,0.0595346093809507,0.05953497399026682,0.05953539112907321,0.059535857711637274,0.059536370628900465,0.05953692675139026,0.05953752293212686,0.059538156009518235,0.059538822810238076,0.05953952015208019,0.05954024484678814,0.059540993702833736,0.05954176352816164,0.05954255113289404,0.05954335333185286,0.059544166945846896,0.05954498879485682,0.05954581565450117,0.059546644380177344,0.05954747184597499,0.05954829493750355,0.05954911055678638,0.059549915623243244,0.05955070707875597,0.05955148189056396,0.0595522370534459,0.05955296959162388,0.05955367656051444,0.05955435504835875,0.05955500217773778,0.05955561510697783,0.05955619103144298,0.05955672718471917,0.05955722083969241,0.059557669309528515,0.05955806994853981,0.05955842015296483,0.05955871736167007,0.05955895905675424,0.059559142764066327,0.059559266053585795,0.05955932653956149,0.05955932188114937,0.059559249782451106,0.05955910799247925,0.059558894307955516,0.059558606570887795,0.059558242669281565,0.059557800537513146,0.05955727815662915,0.0595566735546233,0.059555984806726005,0.05955521003572261,0.05955434741230826,0.059553395155486195,0.05955235153301437,0.059551214861905746,0.059549983508985715,0.059548655891511905,0.059547230477851036,0.05954570578822211,0.05954408039551586,0.05954235292614265,0.05954052206099961,0.05953858653646247,0.05953654514542971,0.05953439673845513,0.05953214022490279,0.059529774574144295,0.059527298816825995,0.05952471204613848,0.05952201341913689,0.05951920215803998,0.05951627755157648,0.05951323895632787,0.059510085798064,0.05950681757306626,0.0595034338494301,0.05949993426833936,0.059496318545304336,0.059492586471356364,0.05948873791419175,0.05948477281926213,0.059480691210788326,0.05947649319270782,0.05947217894955515,0.05946774874727982,0.05946320293394119,0.059458541940342134,0.05945376628056206,0.05944887655241116,0.05944387343777759,0.05943875770286746,0.059433530198389914,0.05942819185960703,0.059422743706317324,0.05941718684269951,0.05941152245710546,0.059405751821752714,0.05939987629232585,0.05939389730749155,0.05938781638832994,0.05938163513768503,0.05937535523943695,0.059368978457698895,0.05936250663594127,0.0593559416960497,0.05934928563730242,0.05934254053528404,0.0593357085407482,0.05932879187841654,0.0593217928457071,0.05931471381140256,0.059307557214280916,0.05930032556165295,0.05929302142785911,0.05928564745269994,0.05927820633981992,0.05927070085501117,0.059263133824475255,0.05925550813297789,0.05924782672197664,0.059240092587670594,0.059232308778977,0.05922447839543492,0.059216604585033715,0.05920869054196394,0.059200739504288606,0.05919275475153287,0.059184739602190034,0.05917669741114614,0.05916863156700661,0.05916054548933592,0.059152442625823795,0.059144326449356466,0.059136200454999815,0.05912806815689197,0.05911993308504074,0.0591117987819745,0.05910366879896033,0.05909554669060869,0.059087436017968085,0.059079340339592994,0.059071263208747025,0.05906320816994224,0.05905517875528549,0.059047178480723925,0.059039210842239856,0.05903127931201229,0.05902338733455394,0.059015538322831226,0.05900773565437443,0.0589999826673851,0.05899228265684767,0.05898463887065615,0.05897705450574866,0.058969532704266685,0.0589620765497634,0.058954689063443026,0.05894737320045063,0.05894013184621148,0.05893296781284157,0.058925883835622986,0.05891888256955321,0.058911966585992064,0.058905138369396676,0.058898400314157655,0.0588917547215645,0.05888520379684852,0.058878749646399026,0.05887239427510778,0.058866139583861526,0.05885998736719386,0.0588539393111064,0.05884799699106931,0.05884216187021144,0.05883643529770974,0.058830818507388284,0.05882531261654028,0.058819918624969124,0.05881463741426587,0.058809469747350386,0.05880441626826387,0.05879947750222187,0.058794653855939245,0.05878994561820577,0.05878535296082213,0.05878087593976497,0.058776514496665294,0.058772268460636386,0.058768137550301885,0.058764121376214486,0.058760219443529,0.058756431155024866,0.058752755814420896,0.05874919262999373,0.0587457407184962,0.05874239910937247,0.05873916674926389,0.058736042506798744,0.05873302517765791,0.0587301134899073,0.05872730610959008,0.05872460164655499,0.05872199866051358,0.05871949566733461,0.05871709114553315,0.05871478354295246,0.05871257128361319,0.05871045277472592,0.058708426413837854,0.058706490596093105,0.0587046437216053,0.05870288420290243,0.05870121047243095,0.058699620990115234,0.05869811425089247,0.05869668879228865,0.05869534320195723,0.05869407612517113,0.05869288627224764,0.058691772425884726,0.05869073344838761,0.058689768288764176,0.05868887598966891,0.05868805569417446,0.058687306652354145,0.05868662822764479,0.058686019902973334,0.05868548128665405,0.058685012118007834,0.05868461227270281,0.05868428176778869,0.058684020766423595,0.05868382958226799,0.05868370868352963,0.05868365869666496,0.0586836804097054,0.05868377477520493,0.05868394291281576,0.05868418611142505,0.05868450583093292,0.05868490370360659,0.05868538153501888,0.058685941304567155,0.058686585165570154,0.05868731544494021,0.058688134642430424,0.05868904542945642,0.0586900506474945,0.05869115330606099,0.058692356580266086,0.058693663807946994,0.05869507848641321,0.05869660426877926,0.05869824495990588,0.058700004511949164,0.05870188701954256,0.05870389671460357,0.058706037960782935,0.05870831524757703,0.05871073318410741,0.05871329649257624,0.05871601000143303,0.0587188786382111,0.05872190742213245,0.05872510145644098,0.05872846592049239,0.05873200606161929,0.058735727186788184,0.058739634654066376,0.058743733863916715,0.05874803025033871,0.05875252927187436,0.058757236402500426,0.058762157122417176,0.05876729690875089,0.058772661226216376,0.05877825551773638,0.058784085195031366,0.0587901556292104,0.05879647214138593,0.0588030399933174,0.058809864378108596,0.0588169504109806,0.0588243031201418,0.0588319274377561,0.058839828191051054,0.058848010093534325,0.05885647773640661,0.05886523558013804,0.05887428794623436,0.0588836390092086,0.05889329278877245,0.058903253142260956,0.0589135237573037,0.058924108144754725,0.05893500963189279,0.05894623135590501,0.058957776257657885,0.058969647075762306,0.058981846340969285,0.05899437637085339,0.05900723926485975,0.05902043689965585,0.0590339709248203,0.05904784275889264,0.05906205358574717,0.059076604351332836,0.05909149576075656,0.059106728275720465,0.059122302112326906,0.05913821723919983,0.05915447337600386,0.05917106999230237,0.059188006306767287,0.05920528128673831,0.059222893648128536,0.05924084185567256,0.05925912412351279,0.05927773841611882,0.05929668244953455,0.0593159536929492,0.05933554937057854,0.05935546646384288,0.05937570171386895,0.05939625162427201,0.059417112464226436,0.05943828027180229,0.059459750857592475,0.05948151980856305,0.05950358249216978,0.05952593406070735,0.05954856945589655,0.059571483413674575,0.05959467046920751,0.05961812496206146,0.0596418410416012,0.05966581267254851,0.05969003364070409,0.05971449755882266,0.05973919787262995,0.05976412786697109,0.059789280672079385,0.05981464926995467,0.05984022650084099,0.05986600506979455,0.059891977553326224,0.05991813640609877,0.05994447396770694,0.05997098246949038,0.05999765404139221,0.0600244807188371,0.06005145444963636,0.06007856710089798,0.060105810465931823,0.06013317627116028,0.06016065618300218,0.06018824181473198,0.060215924733317994,0.060243696466183876,0.06027154850796369,0.060299472327187034,0.060327459372902265,0.06035550108123124,0.0603835888818494,0.06041171420438508,0.060439868484732304,0.060468043171271704,0.06049622973099412,0.06052441965552453,0.060552604467036045,0.06058077572403884,0.06060892502708012,0.06063704402431134,0.06066512441693923,0.060693157964543706,0.060721136490274594,0.06074905188591315,0.06077689611679385,0.06080466122660279,0.06083233934202687,0.06085992267726564,0.06088740353840979,0.06091477432764243,0.060942027547336165,0.06096915580398982,0.06099615181201904,0.06102300839739976,0.06104971850116443,0.06107627518275057,0.06110267162320149,0.0611289011282194,0.06115495713107093,0.061180833195347395,0.06120652301757619,0.061232020429670526,0.06125731940126068,0.06128241404186851,0.0613072986029415,0.061331967479734434,0.06135641521301714,0.061380636490716005,0.06140462614934375,0.06142837917528922,0.061451890706331336,0.06147515603238953,0.061498170596507626,0.061520929995654956,0.06154342998141974,0.061565666460559436,0.0615876354954261,0.06160933330426947,0.06163075626142015,0.06165190089735493,0.06167276389864645,0.0616933421077997,0.06171363252297734,0.06173363229761795,0.061753338739946644,0.06177274931236611,0.06179186163077442,0.06181067346375965,0.06182918273172172,0.06184738750588132,0.061865286007203805,0.06188287660524235,0.06190015781687737,0.061917128304990465,0.06193378687704607,0.06195013248359933,0.061966164216734246,0.06198188130840019,0.0619972831287155,0.06201236918419025,0.06202713911588493,0.06204159269750753,0.06205572983345206,0.06206955055678135,0.06208305502715637,0.0620962435287157,0.062109116467907025,0.06212167437127543,0.062133917883208906,0.062145847763629816,0.06215746488567288,0.06216877023332002,0.06217976489900448,0.06219045008118628,0.06220082708189245,0.06221089730424911,0.062220662249934125,0.06223012351645495,0.0622392827952942,0.06224814186882218,0.06225670260783664,0.06226496696900521,0.06227293699231729,0.06228061479851618,0.062288002586529265,0.0622951026308991,0.0623019172792178,0.062308448949566914,0.06231470012796492,0.0623206733658243,0.062326371277420245,0.06233179653737417,0.06233695187815319,0.062341840087565666,0.06234646400630791,0.06235082652551414,0.062354930584337394,0.06235877916754317,0.06236237530311873,0.062365722059975356,0.06236882254558543,0.06237167990370434,0.062374297312108626,0.062376677980369,0.062378825147659106,0.062380742080572864,0.06238243207101147,0.06238389843409294,0.062385144506098264,0.06238617364245516,0.062386989215760094,0.06238759461383912,0.06238799323784826,0.06238818850041368,0.06238818382381244,0.06238798263819518,0.06238758837985119,0.06238700448949175,0.06238623441060809,0.06238528158785637,0.062384149465487135,0.062382841485810824,0.06238136108771048,0.06237971170519269,0.06237789676597182,0.062375919690106564,0.06237378388866554,0.06237149276243403,0.062369049700659734,0.062366458079811275,0.06236372126240387,0.06236084259584512,0.06235782541131185,0.06235467302265672,0.062351388725342044,0.06234797579539926,0.062344437488411134,0.06234077703851477,0.062336997657422476,0.062333102533458994,0.0623290948306133,0.062324977687575646,0.06232075421681517,0.062316427503643766,0.062312000605287333,0.06230747654994567,0.06230285833585419,0.06229814893033219,0.06229335126881329,0.062288468253874414,0.0622835027542345,0.062278457603738735,0.06227333560032008,0.06226813950491613,0.06226287204038963,0.06225753589040888,0.062252133698298684,0.062246668065861335,0.06224114155216667,0.06223555667231108,0.0622299158961456,0.06222422164697349,0.062218476300217956,0.06221268218206194,0.062206841568062735,0.06220095668172439,0.06219502969307265,0.0621890627171857,0.06218305781273187,0.06217701698047901,0.06217094216177321,0.06216483523705811,0.06215869802434956,0.06215253227772733,0.06214633968583479,0.062140121870385284,0.062133880384686584,0.062127616712170486,0.06212133226497867,0.06211502838257149,0.062108706330377295,0.062102367298488996,0.06209601240041422,0.062089642671885645,0.062083259069738335,0.06207686247086042,0.062070453671223796,0.06206403338500194,0.06205760224378432,0.06205116079586221,0.062044709505654945,0.06203824875322768,0.06203177883393226,0.06202529995815846,0.06201881225121687,0.0620123157533452,0.0620058104198397,0.06199929612133527,0.06199277264420776,0.061986239691123,0.06197969688172277,0.061973143753437945,0.06196657976247005,0.06196000428490503,0.06195341661796982,0.06194681598143176,0.061940201519139336,0.06193357230070345,0.061926927323317116,0.06192026551371153,0.06191358573024561,0.06190688676512667,0.061900167346762985,0.06189342614221025,0.06188666175977394,0.06187987275170651,0.06187305761702119,0.06186621480439927,0.06185934271520119,0.061852439706564476,0.06184550409457878,0.06183853415755105,0.061831528139327914,0.061824484252686975,0.06181740068277869,0.06181027559060355,0.061803107116554026,0.061795893383979304,0.06178863250277602,0.061781322572998336,0.061773961688480365,0.06176654794046495,0.06175907942123221,0.0617515542277226,0.06174397046514857,0.061736326250590834,0.061728619716580044,0.061720849014623075,0.061713012318740046,0.06170510782895111,0.06169713377473754,0.0616890884184577,0.061680970058732944,0.061672777033790045,0.06166450772475786,0.06165616055893701,0.061647734013015716,0.0616392266162526,0.06163063695361317,0.061621963668856805,0.06161320546760792,0.06160436112037963,0.06159542946556127,0.061586409412370965,0.06157729994377476,0.06156810011937349,0.061558809078258725,0.061549426041838835,0.061539950316636435,0.061530381297057894,0.06152071846814289,0.06151096140825362,0.06150110979177808,0.061491163391786785,0.061481122082669426,0.061470985842733826,0.06146075475678267,0.06145042901865371,0.061440008933719745,0.06142949492136582,0.06141888751741253,0.06140818737650413,0.06139739527444132,0.06138651211045458,0.06137553890944188,0.06136447682413526,0.0613533271372004,0.061342091263263405,0.06133077075085887,0.06131936728429296,0.0613078826854148,0.06129631891528967,0.061284678075766964,0.061272962410935786,0.06126117430846958,0.06124931630080931,0.061237391066254566,0.061225401429894966,0.06121335036439622,0.061201240990483984,0.06118907657459239,0.061176860534334826,0.06116459643661767,0.06115228799714648,0.061139939080643406,0.061127553699509035,0.06111513601352881,0.061102690329122286,0.06109022109833183,0.061077732917571945,0.06106523052615669,0.06105271880460527
9.25,1.003632124734377,1.0072680615110194,1.0109119805681444,1.0145676452585644,1.0182384383370031,1.0219273869395447,1.0256371862735167,1.0293702220423813,1.0331285916354773,1.0369141241168613,1.0407283990510385,1.0445727642062224,1.0484483521779229,1.0523560959772522,1.0562967436294,1.0602708718283629,1.064278898694162,1.068321095678673,1.0723975986657355,1.0765084183104936,1.0806534496619746,1.084832481111822,1.0890452027107957,1.0932912138932738,1.0975700306484824,1.1018810921756383,1.1062237670585235,1.1105973589934008,1.1150011121024723,1.119434215863393,1.1238958096837235,1.1283849871475347,1.132900799959639,1.137442261611542,1.1420083507914935,1.146598014559245,1.1512101713056087,1.1558437135141937,1.1604975103421764,1.1651704100355764,1.169861242193318,1.174568819893207,1.179291941691841,1.1840293935094612,1.188779950409761,1.1935423782837489,1.1983154354459187,1.2030978741501512,1.2078884420320564,1.2126858834837364,1.2174889409663288,1.2222963562650817,1.2271068716912292,1.2319192312342468,1.2367321816678551,1.241544473612533,1.2463548625563294,1.2511621098367012,1.2559649835845221,1.2607622596292265,1.2655527223716734,1.2703351656190898,1.2751083933840721,1.279871220648912,1.2846224740964396,1.2893609928084322,1.2940856289324905,1.2987952483181535,1.3034887311228993,1.3081649723885667,1.3128228825886366,1.317461388146724,1.3220794319265523,1.3266759736936273,1.3312499905487563,1.3358004773335355,1.3403264470078318,1.3448269309994723,1.3493009795259514,1.3537476618882816,1.358166066737229,1.362555302310997,1.3669144966453453,1.3712427977556552,1.3755393737910622,1.3798034131608201,1.3840341246330707,1.388230737406227,1.3923925011531912,1.3965186860386773,1.4006085827099168,1.4046615022610767,1.4086767761717296,1.412653756219768,1.4165918143691794,1.4204903426331188,1.4243487529127714,1.428166476812503,1.4319429654318496,1.4356776891349141,1.4393701372977759,1.4430198180345335,1.4466262579026583,1.4501890015883285,1.4537076115724674,1.457181667778219,1.4606107672006148,1.4639945235192362,1.4673325666946593,1.4706245425495132,1.4738701123350004,1.4770689522837326,1.4802207531497664,1.4833252197367264,1.4863820704149189,1.4893910366283571,1.4923518623926169,1.4952643037844657,1.4981281284242096,1.5009431149516907,1.5037090524969103,1.5064257401462051,1.5090929864049578,1.511710608657786,1.5142784326271754,1.516796291831492,1.5192640270433377,1.5216814857491454,1.524048521611104,1.5263649939320731,1.5286307671246129,1.5308457101849606,1.5330096961728277,1.5351226016979131,1.5371843064139892,1.5391946925214057,1.541153644277922,1.5430610475215953,1.544916789202948,1.5467207569287238,1.5484728385207835,1.5501729215821392,1.551820893077726,1.5534166389288062,1.5549600436203805,1.5564509898234533,1.5578893580321804,1.559275026216807,1.5606078694932874,1.5618877598104852,1.5631145656553986,1.5642881517772873,1.5654083789312332,1.5664751036416118,1.5674881779859973,1.5684474493999054,1.5693527605027258,1.5702039489451631,1.5710008472784354,1.571743282845422,1.572431077693894,1.573064048511908,1.5736420065853824,1.5741647577778308,1.5746321025321632,1.5750438358944452,1.5753997475594188,1.575699621937579,1.575943238243545,1.5761303706054024,1.576260788194699,1.5763342553767066,1.5763505318805424,1.5763093729886906,1.5762105297454536,1.576053749183846,1.5758387745703617,1.5755653456670853,1.5752331990105497,1.5748420682067394,1.574391684241612,1.5738817758064934,1.5733120696376846,1.5726822908695914,1.5719921634006917,1.5712414102716294,1.5704297540547145,1.5695569172540964,1.568622622715879,1.5676265940474192,1.5665685560450586,1.5654482351294476,1.5642653597872784,1.5630196610171174,1.561710872788172,1.5603387324956781,1.5589029814202062,1.557403365177124,1.5558396341677285,1.554211544014765,1.5525188561856709,1.5507613382702348,1.5489387643906707,1.5470509156024699,1.545097580272981,1.5430785544365,1.540993642136414,1.5388426557573582,1.5366254163534585,1.5343417539754343,1.5319915079979274,1.5295745274504917,1.5270906713529757,1.524539809056558,1.5219218205911582,1.5192365970194845,1.5164840407976365,1.5136640661418523,1.5107765994007454,1.5078215794321466,1.5047989579834968,1.5017087000745872,1.49855078438134,1.4953252036192435,1.492031964924995,1.4886710902348697,1.4852426166583428,1.4817465968454624,1.4781830993465421,1.474552208962725,1.4708540270860617,1.4670886720277752,1.463256279333456,1.459357002084011,1.4553910111812574,1.451358495617134,1.4472596627255914,1.4430947384163004,1.4388639673894112,1.4345676133306813,1.430205959086366,1.425779306817381,1.4212879781322718,1.416732314198676,1.4121126758330085,1.4074294435681503,1.402683017699058,1.3978738183062291,1.393002285257049,1.3880688781851014,1.383074076447588,1.378018379061061,1.3729023046157205,1.3677263911685769,1.3624911961158384,1.3571972960449001,1.3518452865663808,1.3464357821266595,1.340969415801416,1.3354468390707033,1.3298687215760976,1.3242357508605032,1.31854863209121,1.3128080877668082,1.3070148574085891,1.3011696972370719,1.2952733798342946,1.2893266937925376,1.283330443350107,1.277285448014897,1.2711925421763333,1.2650525747064032,1.2588664085504095,1.2526349203081169,1.2463589998059488,1.2400395496608645,1.2336774848365757,1.2272737321927203,1.2208292300276222,1.2143449276152511,1.2078217847369788,1.2012607712087247,1.1946628664040722,1.1880290587739146,1.181360345363193,1.1746577313252544,1.1679222294343643,1.1611548595968841,1.154356648361608,1.1475286284297495,1.1406718381650354,1.1337873211043727,1.1268761254695194,1.1199393036801961,1.1129779118690422,1.1059930093987993,1.0989856583821433,1.0919569232044883,1.0849078700501518,1.0778395664321918,1.0707530807262688,1.0636494817088278,1.056529838099909,1.0493952181108719,1.0422466889973023,1.0350853166173717,1.0279121649958873,1.0207282958942774,1.0135347683867357,1.0063326384427305,0.9991229585160852,0.9919067771408253,0.9846851385339629,0.9774590822053884,0.9702296425750351,0.9629978485974477,0.955764723393927,0.9485312838923279,0.9412985404746743,0.9340674966326725,0.926839148631251,0.9196144851801853,0.9123944871139185,0.9051801270796332,0.897972369233656,0.8907721689462386,0.8835804725147838,0.8763982168855454,0.8692263293838457,0.8620657274528357,0.8549173184008242,0.8477819991571851,0.8406606560368617,0.8335541645134561,0.8264633890009084,0.8193891826437627,0.8123323871159887,0.8052938324283504,0.798274336744288,0.7912747062042782,0.7842957347586512,0.7773382040087966,0.7704028830567294,0.7634905283629619,0.7566018836126155,0.7497376795897143,0.7428986340596131,0.7360854516594473,0.7292988237965774,0.722539428554921,0.7158079306091032,0.7091049811463346,0.702431217795933,0.6957872645663907,0.6891737317898986,0.6825912160742237,0.6760403002618447,0.6695215533962331,0.6630355306951768,0.6565827735310473,0.6501638094178801,0.6437791520051713,0.6374293010782648,0.6311147425652106,0.6248359485499885,0.6185933772919542,0.6123874732513954,0.6062186671210728,0.6000873758636265,0.5939940027546866,0.5879389374316011,0.5819225559476173,0.5759452208314145,0.5700072811518363,0.5641090725877074,0.5582509175025946,0.5524331250243805,0.5466559911295161,0.5409197987318214,0.5352248177756962,0.529571305333613,0.5239595057077464,0.5183896505356171,0.5128619588996121,0.5073766374402406,0.5019338804730139,0.4965338701087809,0.4911767763774252,0.4858627573547431,0.48059195929244436,0.47536451675107355,0.4701805527357537,0.4650401788346352,0.45994349535989487,0.454890591491185,0.44988154542138326,0.44491642450454105,0.4399952854058899,0.43511817425380006,0.43028512679356135,0.4254961685428713,0.42075131494891255,0.41605057154690606,0.41139393412002295,0.4067813888605505,0.4022129125321901,0.3976884726333846,0.3932080275615767,0.3887715267782781,0.38437891097485805,0.3800301122389449,0.3757250542213363,0.3714636523033383,0.3672458137644142,0.36307143795006147,0.3589404164398345,0.35485263321540284,0.3508079648285702,0.3468062805691747,0.34284744263276484,0.33893130628799323,0.3350577200436311,0.33122652581513967,0.3274375590907138,0.32369064909672796,0.3199856189625113,0.31632228588438477,0.31270046128889073,0.30911995099515205,0.3055805553762939,0.3020820695198706,0.2986242833872366,0.29520698197180417,0.2918299454561249,0.2884929493676578,0.2851957647325348,0.2819381582243341,0.2787198923251166,0.2755407254683363,0.27240041218677524,0.26929870325888106,0.2662353458532585,0.263210083671533,0.26022265708964887,0.2572728032976302,0.25436025643780086,0.2514847477414655,0.2486460056640291,0.24584375601853994,0.24307772210763204,0.24034762485384467,0.2376531829282898,0.23499411287764452,0.23237012924943162,0.22978094471556176,0.22722627019412037,0.22470581496935255,0.2222192868098348,0.2197663920847953,0.217346835878557,0.21496032210310465,0.21260655360870875,0.21028523229261747,0.2079960592057933,0.20573873465768042,0.20351295831896463,0.20131842932233085,0.1991548463612073,0.19702190778648207,0.1949193117011844,0.19284675605313698,0.19080393872556636,0.18879055762567504,0.18680631077117404,0.18485089637477956,0.18292401292667748,0.18102535927496322,0.17915463470405862,0.17731153901111515,0.17549577258042562,0.17370703645583876,0.17194503241120165,0.17020946301883877,0.16850003171607875,0.16681644286986053,0.16515840183941685,0.1635256150370627,0.16191778998711076,0.1603346353829327,0.1587758611421787,0.15724117846019423,0.1557302998616345,0.15424293925032062,0.15277881195734366,0.15133763478745732,0.14991912606377303,0.14852300567078608,0.14714899509575827,0.145796817468483,0.14446619759945964,0.14315686201650557,0.1418685389998266,0.14060095861557417,0.13935385274792783,0.13812695512971643,0.1369200013716144,0.1357327289899319,0.13456487743303505,0.13341618810641945,0.1322864043964649,0.13117527169289744,0.1300825374099894,0.12900795100652163,0.12795126400453277,0.12691223000689303,0.1258906047137116,0.12488614593762046,0.12389861361794668,0.12292776983381415,0.12197337881618987,0.12103520695890317,0.12011302282866329,0.11920659717409958,0.11831570293384848,0.117440115243711,0.11657961144288997,0.11573397107929247,0.11490297591392701,0.11408640992428903,0.11328405930660869,0.11249571247889929,0.11172116008111736,0.11096019497507915,0.11021261224371559,0.10947820918964116,0.1087567853329738,0.10804814240856833,0.10735208436257113,0.10666841734843346,0.10599694972234759,0.10533749203817427,0.10468985704185624,0.10405385966535072,0.10342931702009216,0.10281604839000294,0.1022138752240661,0.10162262112847288,0.10104211185835756,0.10047217530913222,0.0999126415074257,0.09936334260163662,0.09882411285212211,0.09829478862101608,0.09777520836169312,0.09726521260788017,0.09676464396242397,0.09627334708563222,0.09579116868350686,0.09531795749544797,0.09485356428169786,0.09439784181045542,0.09395064484469705,0.09351183012872163,0.0930812563743935,0.0926587842471257,0.0922442763515921,0.09183759721718819,0.09143861328324268,0.09104719288398984,0.09066320623331016,0.09028652540924785,0.08991702433831215,0.08955457877957362,0.08919906630855569,0.08885036630093168,0.08850835991604536,0.08817293008024796,0.08784396147007668,0.08752134049525818,0.08720495528156741,0.08689469565354367,0.08659045311706437,0.08629212084179151,0.08599959364350562,0.08571276796631674,0.08543154186477715,0.08515581498590472,0.08488548855111049,0.08462046533805663,0.08436064966244021,0.08410594735972272,0.08385626576680767,0.08361151370367689,0.08337160145499524,0.08313644075169241,0.08290594475253177,0.08268002802567648,0.08245860653025987,0.08224159759796876,0.0820289199146566,0.08182049350199472,0.08161623969914454,0.08141608114451587,0.08121994175757077,0.08102774672069528,0.08083942246116776,0.08065489663320882,0.08047409810013484,0.08029695691662239,0.08012340431108914,0.07995337266820822,0.0797867955115529,0.07962360748639208,0.07946374434263342,0.07930714291793517,0.07915374112098572,0.07900347791496073,0.07885629330116578,0.07871212830287098,0.07857092494934503,0.07843262626009719,0.07829717622932696,0.07816451981058833,0.07803460290168548,0.07790737232979167,0.07778277583680285,0.07766076206492506,0.07754128054250076,0.07742428167009363,0.07730971670679865,0.07719753775681243,0.07708769775626123,0.07698015046026885,0.07687485043028365,0.0767717530216705,0.07667081437153878,0.07657199138683929,0.07647524173270843,0.0763805238210697,0.0762877967994847,0.07619702054025422,0.07610815562976615,0.07602116335808771,0.07593600570879915,0.0758526453490669,0.07577104561994644,0.07569117052691224,0.07561298473061942,0.07553645353787859,0.07546154289285573,0.07538821936846504,0.07531645015796606,0.07524620306678849,0.07517744650449754,0.0751101494769739,0.0750442815787641,0.0749798129855986,0.0749167144470708,0.07485495727947818,0.0747945133587991,0.07473535511381785,0.07467745551937721,0.07462078808975833,0.07456532687217556,0.07451104644038024,0.07445792188836511,0.0744059288241617,0.07435504336372271,0.07430524212488435,0.07425650222139343,0.07420880125699873,0.07416211731959906,0.07411642897543891,0.07407171526334055,0.07402795568897455,0.07398513021915165,0.0739432192761442,0.07390220373200858,0.0738620649029226,0.07382278454352252,0.07378434484123705,0.07374672841060904,0.07370991828760748,0.07367389792391335,0.07363865118118627,0.0736041623252982,0.07357041602053928,0.07353739732378622,0.07350509167863144,0.07347348490947,0.07344256321554193,0.07341231316492741,0.0733827216884954,0.07335377607379824,0.07332546395891028,0.0732977733262232,0.07327069249618298,0.07324421012097548,0.07321831517815527,0.07319299696422375,0.07316824508815471,0.07314404946486831,0.07312040030865431,0.0730972881265483,0.07307470371166126,0.07305263813646196,0.07303108274602622,0.07301002915123563,0.072989469221949,0.07296939508013407,0.0729497990929769,0.0729306738659634,0.07291201223593924,0.07289380726415258,0.07287605222928364,0.07285874062046566,0.07284186613030426,0.07282542264789352,0.0728094042518351,0.0727938052032755,0.0727786199389549,0.07276384306427838,0.07274946934641055,0.07273549370740273,0.07272191121735891,0.07270871708763978,0.0726959066641146,0.0726834754204701,0.07267141895157098,0.07265973296688517,0.07264841328398253,0.07263745582209936,0.07262685659578746,0.07261661170864049,0.0726067173471159,0.07259716977444805,0.07258796532465948,0.07257910039667557,0.07257057144854669,0.0725623749917823,0.07255450758580376,0.0725469658325144,0.07253974637098891,0.0725328458723011,0.07252626103447797,0.07251998857759129,0.07251402523898427,0.07250836776864202,0.0725030129247064,0.07249795746913737,0.07249319816352329,0.07248873176504425,0.07248455502258913,0.07248066467302522,0.0724770574376348,0.07247373001869746,0.07247067909624245,0.0724679013249551,0.0724653933312524,0.07246315171051881,0.07246117302450593,0.07245945379889568,0.07245799052102783,0.07245677963779124,0.07245581755368098,0.07245510062901601,0.07245462517831457,0.07245438746884131,0.07245438371931019,0.07245461009874904,0.07245506272552019,0.07245573766650079,0.07245663093641541,0.07245773849732678,0.07245905625827465,0.07246058007506632,0.07246230575021494,0.07246422903301923,0.07246634561979684,0.07246865115424325,0.07247114122793899,0.07247381138098449,0.07247665710277344,0.07247967383289274,0.07248285696214815,0.0724862018337131,0.07248970374439648,0.0724933579460269,0.07249715964695148,0.07250110401364102,0.07250518617239517,0.07250940121115969,0.07251374418143619,0.07251821010028829,0.07252279395243455,0.07252749069241833,0.0725322952469048,0.07253720251698942,0.07254220738062851,0.07254730469510497,0.07255248929959775,0.07255775601778432,0.07256309966051144,0.07256851502851304,0.07257399691518009,0.07257954010936928,0.07258513939825739,0.07259078957022835,0.07259648541779108,0.07260222174052344,0.07260799334803829,0.07261379506296668,0.07261962172395625,0.07262546818867587,0.0726313293368181,0.0726372000731126,0.07264307533032907,0.07264895007227302,0.07265481929676577,0.07266067803860234,0.07266652137251116,0.07267234441605233,0.07267814233250779,0.07268391033373149,0.0726896436829624,0.07269533769759162,0.07270098775188942,0.07270658927967392,0.07271213777693121,0.07271762880437288,0.07272305798993753,0.07272842103122537,0.0727337136978648,0.07273893183380785,0.07274407135955074,0.07274912827427751,0.07275409865792519,0.07275897867316351,0.07276376456728344,0.07276845267400808,0.07277303941520682,0.07277752130252362,0.07278189493890158,0.07278615702001258,0.07279030433560714,0.07279433377073663,0.07279824230689058,0.07280202702303583,0.07280568509654284,0.07280921380401184,0.07281261052200429,0.07281587272765384,0.07281899799918423,0.07282198401631748,0.07282482856058106,0.07282752951550987,0.07283008486674475,0.07283249270202821,0.07283475121109853,0.07283685868548298,0.07283881351819373,0.07284061420332341,0.07284225933553799,0.07284374760948567,0.07284507781910765,0.07284624885686003,0.07284725971284402,0.07284810947385138,0.07284879732232787,0.07284932253525214,0.07284968448293432,0.0728498826277505,0.07284991652278715,0.07284978581042395,0.07284949022085548,0.0728490295705371,0.07284840376057866,0.07284761277507548,0.07284665667939069,0.07284553561838508,0.07284424981460011,0.07284279956639732,0.07284118524605791,0.07283940729784595,0.07283746623604058,0.07283536264293693,0.07283309716681494,0.07283067051989667,0.07282808347627948,0.07282533686985587,0.07282243159221849,0.07281936859055599,0.07281614886555303,0.07281277346927457,0.07280924350306155,0.07280556011541817,0.07280172449992504,0.07279773789314578,0.07279360157256029,0.07278931685450003,0.07278488509211087,0.07278030767333098,0.07277558601889805,0.07277072158037995,0.07276571583823319,0.07276057029989161,0.07275528649788697,0.07274986598800338,0.07274431034746913,0.07273862117318397,0.07273280007997755,0.07272684869891939,0.07272076867566402,0.07271456166884027,0.07270822934848033,0.07270177339449403,0.07269519549518809,0.07268849734582891,0.07268168064724988,0.07267474710450533,0.07266769842556958,0.07266053632007767,0.07265326249812205,0.07264587866907957,0.07263838654049272,0.07263078781698967,0.07262308419925344,0.07261527738303206,0.07260736905819115,0.07259936090780848,0.07259125460730916,0.07258305182364108,0.07257475421449139,0.07256636342753904,0.07255788109973782,0.0725493088566462,0.07254064831178673,0.07253190106604111,0.0725230687070745,0.07251415280878816,0.07250515493082256,0.0724960766180584,0.07248691940016143,0.07247768479116219,0.07246837428904154,0.0724589893753511,0.07244953151485843,0.07244000215520713,0.07243040272660138,0.07242073464150685,0.07241099929437365,0.07240119806137547,0.07239133230016481,0.07238140334964403,0.07237141252975104,0.07236136114125902,0.07235125046559102,0.07234108176464643,0.07233085628063088,0.07232057523591032,0.07231023983286984,0.07229985125378577,0.07228941066070449,0.07227891919532962,0.0722683779789351,0.07225778811226377,0.07224715067545205,0.07223646672795525,0.07222573730849256,0.07221496343499254,0.0722041461045578,0.07219328629343082,0.07218238495697614,0.07217144302966975,0.07216046142510538,0.0721494410360109,0.07213838273427767,0.07212728737100323,0.07211615577654831,0.07210498876060865,0.0720937871123041,0.0720825516002829,0.07207128297283533,0.07205998195803676,0.07204864926390402,0.07203728557857283,0.07202589157049263,0.07201446788864044,0.0720030151627713,0.0719915340036684,0.07198002500342604,0.07196848873577022,0.07195692575637774,0.07194533660323603,0.07193372179702577,0.0719220818415287,0.07191041722406033,0.07189872841592729,0.07188701587291588,0.07187528003580541,0.0718635213309085,0.07185174017063845,0.07183993695410348,0.0718281120677278,0.07181626588590077,0.07180439877165172,0.07179251107734197,0.07178060314539449,0.07176867530904245,0.07175672789310428,0.07174476121477814,0.07173277558445763,0.07172077130658339,0.07170874868049269,0.07169670800129567,0.07168464956079242,0.07167257364836696,0.07166048055192134,0.07164837055882195,0.0716362439568509,0.071624101035172,0.07161194208530329,0.07159976740209957,0.07158757728473923,0.0715753720377145,0.07156315197182345,0.07155091740516197,0.07153866866411356,0.07152640608433682,0.07151413001174638,0.07150184080347745,0.07148953882885262,0.07147722447032552,0.07146489812443446,0.07145256020270661,0.07144021113256496,0.07142785135821371,0.07141548134149793,0.0714031015627484,0.07139071252157426,0.07137831473767133,0.0713659087515694,0.07135349512536618,0.07134107444341649,0.07132864731299547,0.07131621436492327,0.07130377625415794,0.07129133366034877,0.07127888728835066,0.07126643786869893,0.07125398615804297,0.07124153293953783,0.07122907902319466,0.07121662524618735,0.07120417247310488,0.07119172159617208,0.07117927353541877,0.07116682923880462,0.07115438968229486,0.07114195586989083,0.07112952883361376,0.07111710963344092,0.07110469935719367,0.07109229912037986,0.07107991006598846,0.07106753336423423,0.07105517021226548,0.07104282183381196,0.07103048947879427,0.07101817442288448,0.07100587796702575,0.07099360143690571,0.070981346182386,0.07096911357688851,0.07095690501673947,0.07094472192047184,0.07093256572808831,0.07092043790028466,0.07090833991762409,0.07089627327968683,0.07088423950417702,0.07087224012599383,0.07086027669626666,0.07084835078135687,0.07083646396182658,0.07082461783137502,0.07081281399574274,0.07080105407158863,0.07078933968533543,0.07077767247198556,0.07076605407392013,0.07075448613965821,0.07074297032259942,0.07073150827973988,0.07072010167036984,0.0707087521547481,0.07069746139275641,0.07068623104253494,0.07067506275909984,0.0706639581929441,0.07065291898862461,0.0706419467833348,0.070631043205454,0.07062020987309835,0.0706094483926548,0.07059876035730792,0.07058814734555467,0.07057761091971344,0.07056715262442252,0.07055677398514966,0.07054647650668143,0.07053626167161642,0.07052613093885808,0.07051608574210472,0.07050612748835322,0.07049625755639242,0.0704864772953095,0.07047678802300121,0.07046719102469726,0.07045768755149247,0.07044827881889137,0.07043896600536634,0.07042975025093196,0.07042063265573668,0.0704116142786754,0.07040269613602379,0.07039387920008552,0.07038516439787795,0.07037655260983924,0.07036804466856632,0.07035964135758077,0.07035134341012969,0.07034315150802165,0.07033506628049856,0.07032708830314327,0.07031921809683152,0.07031145612673255,0.07030380280133801,0.07029625847155253,0.07028882342981904,0.07028149790930052,0.07027428208311085,0.07026717606360128,0.07026017990169953,0.07025329358630458,0.07024651704373826,0.07023985013725517,0.07023329266661175,0.0702268443676968,0.07022050491222455,0.07021427390747803,0.07020815089612965,0.07020213535611883,0.07019622670059548,0.07019042427792446,0.07018472737175657,0.07017913520116373,0.07017364692083851,0.07016826162135649,0.07016297832950467,0.07015779600867772,0.07015271355932662,0.07014772981948426,0.07014284356534095,0.07013805351188719,0.07013335831361614,0.07012875656528923,0.07012424680275928,0.07011982750385168,0.07011549708930266,0.07011125392375338,0.07010709631679832,0.07010302252408786,0.07009903074848443,0.07009511914125713,0.07009128580333897,0.07008752878662222,0.07008384609531301,0.07008023568730982,0.07007669547563689,0.07007322332991385,0.07006981707786585,0.07006647450686648,0.07006319336552402,0.07005997136528987,0.07005680618210439,0.07005369545807175,0.07005063680316331,0.07004762779694336,0.07004466599032022,0.0700417489073225,0.07003887404689473,0.07003603888471208,0.07003324087501277,0.07003047745244628,0.07002774603393618,0.07002504402055691,0.07002236879942376,0.07001971774558087,0.07001708822391231,0.07001447759105486,0.07001188319731907,0.07000930238861154,0.07000673250834953,0.0700041708994347,0.07000161490614334,0.06999906187607463,0.06999650916207482,0.06999395412417667,0.06999139413152314,0.06998882656429459,0.0699862488156277,0.06998365829352933,0.069981052422785,0.06997842864686224,0.06997578442980518,0.06997311725812055,0.06997042464265464,0.06996770412045972,0.06996495325664993,0.06996216964624608,0.06995935091601,0.0699564947262527,0.06995359877264301,0.06995066078799511,0.06994767854404128,0.06994464985318488,0.06994157257023673,0.0699384445941328,0.06993526386963067,0.06993202838898356,0.06992873619359395,0.06992538537564205,0.06992197407968649,0.06991850050424765,0.06991496290335178,0.06991135958805011,0.0699076889279077,0.0699039493524623,0.06990013935264841,0.06989625748218604,0.06989230235893285,0.06988827266619808,0.0698841671540165,0.06987998464038153,0.06987572401243482,0.06987138422760619,0.06986696431471257,0.06986246337501009,0.06985788058318047,0.06985321518828669,0.0698484665146589,0.06984363396273524,0.06983871700983456,0.06983371521087069,0.06982862819902383,0.06982345568631915,0.06981819746416068,0.06981285340379165,0.06980742345669252,0.06980190765490096,0.06979630611126426,0.06979061901962083,0.06978484665490615,0.06977898937318336,0.06977304761159694,0.0697670218882487,0.06976091280199488,0.0697547210321639,0.06974844733819623,0.06974209255918977,0.06973565761337801,0.06972914349751952,0.06972255128620572,0.06971588213108436,0.06970913725999926,0.06970231797604964,0.06969542565656342,0.06968846175198862,0.06968142778470143,0.06967432534773595,0.06966715610342746,0.06965992178198731,0.06965262417998326,0.06964526515874914,0.06963784664271838,0.06963037061768497,0.06962283912898964,0.06961525427963525,0.0696076182283328,0.0695999331874809,0.06959220142108032,0.06958442524258718,0.06957660701270915,0.06956874913713199,0.06956085406420626,0.06955292428257685,0.06954496231876675,0.0695369707347126,0.06952895212525934,0.06952090911561858,0.06951284435878902,0.06950476053294372,0.06949666033879752,0.06948854649693802,0.06948042174514026,0.06947228883567229,0.06946415053257145,0.06945600960891739,0.06944786884409873,0.0694397310210775,0.0694315989236531,0.06942347533372972,0.06941536302859178,0.06940726477818968,0.06939918334244001,0.0693911214685436,0.06938308188832748,0.06937506731559737,0.06936708044353158,0.06935912394209703,0.06935120045550425,0.06934331259968872,0.06933546295983133,0.06932765408793168,0.06931988850040359,0.06931216867572935,0.06930449705214727,0.06929687602540473,0.06928930794654767,0.06928179511976887,0.06927433980030503,0.06926694419238612,0.06925961044724387,0.0692523406611781,0.06924513687367934,0.0692380010656103,0.06923093515744692,0.06922394100757925,0.0692170204106737,0.06921017509609668,0.06920340672640164,0.06919671689587173,0.06919010712913243,0.06918357887982578,0.06917713352934278,0.06917077238562648,0.06916449668203574,0.06915830757626597,0.06915220614934649,0.06914619340468647,0.0691402702672134,0.06913443758253611,0.06912869611619815,0.06912304655299237,0.06911748949633538,0.06911202546770774,0.06910665490616057,0.06910137816788771,0.06909619552586277,0.06909110716954173,0.06908611320463161,0.0690812136529252,0.06907640845220255,0.0690716974561995,0.06906708043464739,0.0690625570733653,0.06905812697443624,0.06905378965644529,0.0690495445547876,0.06904539102204384,0.06904132832842452,0.06903735566228685,0.06903347213071802,0.06902967676018941,0.06902596849728038,0.06902234620947512,0.06901880868602464,0.06901535463889098,0.06901198270374612,0.06900869144104685,0.06900547933718275,0.06900234480569409,0.06899928618855841,0.06899630175754638,0.06899338971564639,0.06899054819855738,0.06898777527624905,0.0689850689545891,0.06898242717704023,0.0689798478264067,0.06897732872666035,0.06897486764482232,0.06897246229290824,0.06897011032992922,0.06896780936394967,0.06896555695421046,0.06896335061329256,0.06896118780933462,0.06895906596832152,0.06895698247638621,0.06895493468217584,0.06895291989927162,0.06895093540862056,0.06894897846102392,0.06894704627965685,0.06894513606261982,0.06894324498551847,0.06894137020407004,0.0689395088567321,0.06893765806735165,0.06893581494783052,0.06893397660080458,0.06893214012233491,0.06893030260459862,0.0689284611385906,0.06892661281683117,0.06892475473603744,0.06892288399983477,0.06892099772142962,0.06891909302626913,0.06891716705469282,0.06891521696455034,0.06891323993379915,0.06891123316311583,0.06890919387840691,0.06890711933332566,0.0689050068117406,0.06890285363016517,0.06890065714014712,0.06889841473061004,0.06889612383014442,0.06889378190924575,0.06889138648249697,0.06888893511069215,0.06888642540289897,0.0688838550184573,0.06888122166891458,0.06887852311987981,0.0688757571928188,0.06887292176676765,0.06887001477998284,0.06886703423149429,0.06886397818259235,0.06886084475820399,0.06885763214817872,0.06885433860839721,0.06885096246166572,0.06884750209981944,0.06884395598388007,0.06884032264492061,0.06883660068489288,0.0688327887773293,0.06882888566794776,0.06882489017516026,0.06882080119049001,0.06881661767889763,0.06881233867901677,0.06880796330329893,0.06880349073806717,0.06879892024347893,0.06879425115339902,0.06878948287517626,0.06878461488933453,0.06877964674917193,0.06877457808026452,0.06876940857988599,0.06876413801633556,0.06875876622816311,0.06875329312332604,0.06874771867824452,0.06874204293675584,0.068736266009015,0.06873038807027096,0.06872440935957165,0.06871833017838296,0.06871215088911188,0.06870587191355192,0.06869949373124126,0.06869301687773473,0.06868644194279103,0.06867976956847471,0.0686730004471735,0.06866613531953042,0.06865917497229101,0.06865212023606947,0.06864497198301335,0.06863773112439726,0.0686303986081234,0.06862297541613394,0.06861546256173451,0.06860786108682616,0.068600172059049,0.06859239656883181,0.06858453572634696,0.06857659065838287,0.06856856250510862,0.06856045241675311,0.06855226155019652,0.06854399106546082,0.06853564212210904,0.0685272158755629,0.06851871347333163,0.06851013605115722,0.06850148472907981,0.06849276060742754,0.06848396476273592,0.06847509824360236,0.06846616206648246,0.06845715721143908,0.06844808461783514,0.06843894518000503,0.06842973974289843,0.0684204690977031,0.06841113397747313,0.06840173505276088,0.06839227292726503,0.06838274813352271,0.06837316112864156,0.06836351229009514,0.06835380191159895,0.06834403019907322,0.06833419726672721,0.06832430313325158,0.068314347718158,0.06830433083828316,0.06829425220446676,0.06828411141842233,0.06827390796981904,0.06826364123359187,0.06825331046749694,0.06824291480992938,0.06823245327802009,0.06822192476603334,0.06821132804405831,0.06820066175704391,0.0681899244241682,0.06817911443856337,0.06816823006740713,0.0681572694523914,0.06814623061059152,0.06813511143572222,0.06812390969980932,0.06811262305528246,0.0681012490374839,0.06808978506760799,0.06807822845608064,0.06806657640636127,0.06805482601918153,0.06804297429722572,0.06803101815024129,0.068018954400578,0.06800677978915155,0.06799449098182435,0.06798208457619602,0.06796955710879331,0.067956905062649,0.0679441248752622,0.06793121294690418,0.06791816564928722,0.06790497933455811,0.06789165034460436,0.06787817502065234,0.06786454971313709,0.06785077079182628,0.06783683465616877,0.06782273774584609,0.06780847655151666,0.06779404762569671,0.06777944759378053,0.06776467316516747,0.06774972114445492,0.06773458844267773,0.06771927208857588,0.0677037692398503,0.06768807719438162,0.06767219340138363,0.06765611547246282,0.06763984119255573,0.06762336853071592,0.06760669565072254,0.06758982092148728,0.06757274292721567,0.06755546047732104,0.06753797261603717,0.06752027863166203,0.06750237806567029,0.06748427072127094,0.067465956671639,0.06744743626774721,0.06742871014576117,0.06740977923399698,0.06739064475943522,0.06737130825374285,0.06735177155879465,0.06733203683170215,0.06731210654929708,0.06729198351209258,0.06727167084769411,0.06725117201365367,0.06723049079975883,0.06720963132975018,0.06718859806246119,0.0671673957923764,0.06714602964960546,0.06712450509927603,0.06710282794032578,0.06708100430372393,0.0670590406501035,0.06703694376682726,0.0670147207644631,0.06699237907269609,0.06696992643570801,0.06694737090696364,0.06692472084348369,0.06690198489958196,0.06687917202008524,0.06685629143304667,0.06683335264197433,0.06681036541757676,0.06678733978904831,0.06676428603491723,0.06674121467346489,0.06671813645273733,0.06669506234016734,0.06667200351182671,0.06664897134132838,0.0666259773883987,0.06660303338714087,0.06658015123401297,0.06655734297553172,0.06653462079573899,0.06651199700344478,0.06648948401926423,0.06646709436248395,0.06644484063777227,0.0664227355217349,0.06640079174939335,0.06637902210054876,0.06635743938609083,0.06633605643425207,0.0663148860768424,0.06629394113548648,0.06627323440787056,0.06625277865402847,0.06623258658269464,0.06621267083773329,0.06619304398466702,0.06617371849732354,0.06615470674461939,0.06613602097749839,0.06611767331604276,0.06609967573677335,0.06608204006016101,0.06606477793834424,0.0660479008430974,0.06603142005404658,0.06601534664715067,0.06599969148346027,0.06598446519816699,0.06596967818995794,0.06595534061068264,0.06594146235534461,0.0659280530524285,0.06591512205457221,0.06590267842958761,0.0658907309518551,0.06587928809406668,0.06586835801935095,0.06585794857378507,0.06584806727928919,0.06583872132691194,0.06582991757051114,0.06582166252083341,0.06581396233999542,0.06580682283636967,0.0658002494598761,0.06579424729768622,0.06578882107032065,0.06578397512816815,0.06577971344840969,0.06577603963234958,0.06577295690315207,0.0657704681039813,0.06576857569654633,0.06576728176004244,0.06576658799048889,0.06576649570046018,0.06576700581920655,0.06576811889315479,0.06576983508680165,0.06577215418396143,0.06577507558939069,0.06577859833078141,0.06578272106110758,0.06578744206132195,0.06579275924339653,0.06579867015369942,0.06580517197670058,0.0658122615389991,0.06581993531366373,0.06582818942488337,0.06583701965289991,0.06584642143924163,0.06585638989223276,0.06586691979277337,0.06587800560037849,0.06588964145946753,0.06590182120589935,0.0659145383737341,0.06592778620221786,0.0659415576429802,0.06595584536743208,0.06597064177435161,0.06598593899766307,0.06600172891436508,0.06601800315262672,0.06603475310003751,0.06605196991199123,0.06606964452019722,0.06608776764130754,0.0661063297856499,0.0661253212660551,0.0661447322067685,0.0661645525524346,0.06618477207714896,0.06620538039354806,0.06622636696195244,0.06624772109953829,0.06626943198952935,0.06629148869039836,0.06631388014506741,0.06633659519010231,0.06635962256488277,0.06638295092074425,0.06640656883008175,0.0664304647954049,0.06645462725833207,0.06647904460853117,0.06650370519256367,0.06652859732265484,0.06655370928537613,0.06657902935022411,0.06660454577809133,0.06663024682962185,0.066656120773444,0.06668215589427343,0.06670834050087965,0.06673466293390981,0.06676111157356826,0.06678767484712766,0.06681434123629112,0.06684109928438711,0.06686793760339337,0.06689484488078536,0.06692180988620391,0.06694882147794484,0.06697586860925554,0.06700294033444076,0.06703002581478847,0.06705711432427953,0.06708419525511083,0.06711125812302271,0.06713829257241144,0.06716528838124139,0.06719223546575911,0.067219123884998,0.06724594384507715,0.06727268570329392,0.06729933997200999,0.06732589732233149,0.06735234858758386,0.06737868476658175,0.0674048970266979,0.06743097670672385,0.06745691531953486,0.06748270455455894,0.06750833628003619,0.06753380254510193,0.06755909558166516,0.06758420780610516,0.06760913182077721,0.06763386041533863,0.06765838656788822,0.06768270344594124,0.06770680440722204,0.06773068300029585,0.06775433296502766,0.06777774823288164,0.06780092292706952,0.06782385136254437,0.06784652804584698,0.06786894767480937,0.06789110513811995,0.06791299551475563,0.067934614073285,0.06795595627104813,0.06797701775322189,0.06799779435175929,0.06801828208422964,0.06803847715255465,0.0680583759416444,0.06807797501794005,0.0680972711278663,0.06811626119620376,0.0681349423243787,0.06815331178867941,0.06817136703840489,0.06818910569394722,0.06820652554481133,0.06822362454759179,0.06824040082387436,0.06825685265810313,0.06827297849540537,0.06828877693937345,0.06830424674980963,0.06831938684043727,0.06833419627658138,0.06834867427282124,0.06836282019061786,0.06837663353591865,0.06839011395674538,0.06840326124075186,0.0684160753127732,0.06842855623235954,0.06844070419129449,0.06845251951109999,0.06846400264052802,0.06847515415304448,0.06848597474429823,0.06849646522958074,0.06850662654127727,0.06851645972630695,0.06852596594355057,0.06853514646128234,0.06854400265456756,0.06855253600266542,0.06856074808642292,0.06856864058565633,0.06857621527652295,0.06858347402888279,0.06859041880365041,0.06859705165013706,0.0686033747033833,0.0686093901814823,0.06861510038289853,0.06862050768376685,0.06862561453519225,0.06863042346054335,0.06863493705273829,0.06863915797152702,0.06864308894076859,0.0686467327457102,0.06865009223026314,0.068653170294281,0.06865596989084409,0.06865849402354804,0.06866074574379928,0.068662728148135,0.06866444437553225,0.06866589760474964,0.06866709105168901,0.0686680279667777,0.06866871163237723,0.068669145360221,0.06866933248888535,0.06866927638129665,0.06866898042227844,0.06866844801614178,0.06866768258432596,0.06866668756308088,0.06866546640120953,0.06866402255786175,0.06866235950041379,0.06866048070237467,0.06865838964139327,0.06865608979728818,0.0686535846502157,0.06865087767887039,0.06864797235877432,0.06864487216065017,0.06864158054887323,0.06863810098001928,0.0686344369014815,0.0686305917501865,0.0686265689514017,0.06862237191763122,0.06861800404760339,0.06861346872535026,0.06860876931937915,0.06860390918193648,0.06859889164836294,0.06859372003653987,0.06858839764642843,0.06858292775968976,0.06857731363939706,0.06857155852983382,0.06856566565637696,0.06855963822545653,0.0685534794245947,0.06854719242252645,0.06854078036938373,0.06853424639695364,0.06852759361900233,0.06852082513166043,0.06851394401386542,0.06850695332786516,0.06849985611975874,0.06849265542008988,0.06848535424448393,0.06847795559431975,0.06847046245743375,0.0684628778088519,0.06845520461154428,0.06844744581719818,0.06843960436700466,0.06843168319245374,0.06842368521613766,0.06841561335254313,0.06840747050884455,0.06839925958568918,0.0683909834779667,0.06838264507555919,0.06837424726406655,0.06836579292549572,0.06835728493894627,0.06834872618123644,0.06834011952749687,0.06833146785172571,0.06832277402728457,0.06831404092736544,0.06830527142537966,0.06829646839530976,0.06828763471200183,0.06827877325139547,0.0682698868906906,0.06826097850844735,0.06825205098463234,0.06824310720057863,0.06823415003888524,0.06822518238324499,0.06821620711820393,0.06820722712883821,0.06819824530036299,0.06818926451767082,0.06818028766479028,0.06817131762427585,0.0681623572765168,0.06815340949894821,0.06814447716528135,0.06813556314456282,0.06812667030019497,0.06811780148888914,0.06810895955954764,0.06810014735209217,0.06809136769620089,0.06808262340999892,0.06807391729868653,0.0680652521531057,0.06805663074824951,0.06804805584171682,0.06803953017211484,0.0680310564574121,0.06802263739324478,0.0680142756511793,0.06800597387693792,0.06799773468857724,0.06798956067463735,0.06798145439226287,0.06797341836529416,0.06796545508233483,0.06795756699479696,0.06794975651493408,0.06794202601383234,0.06793437781856043,0.06792681419549257,0.06791933737257845,0.06791194952818577,0.06790465278620407,0.0678974492266097,0.06789034086594872,0.06788332965956914,0.06787641750079665,0.06786960621922941,0.06786289757888846,0.067856293276379,0.06784979493910835,0.06784340412357259,0.06783712231371634,0.06783095091937053,0.06782489127475609,0.0678189446370681,0.06781311218514088,0.06780739501818744,0.06780179415461707,0.06779631053092462,0.0677909450006494,0.06778569833349722,0.06778057121443401,0.06777556424290539,0.0677706779321431,0.0677659127085484,0.06776126891117468,0.0677567467912679,0.06775234651191141,0.06774806814775475,0.0677439116848275,0.06773987702044015,0.06773596396317262,0.06773217223295054,0.06772850146120976,0.06772495119114907,0.06772152087807132,0.06771820988981646,0.06771501750727382,0.06771194292498574,0.06770898525184314,0.06770614351186542,0.06770341664506735,0.067700803508409,0.06769830287683441,0.06769591344439209,0.0676936338254339,0.06769146255590215,0.0676893980946914,0.06768743882508682,0.06768558305629062,0.06768382902499882,0.06768217489706667,0.06768061876924189,0.06767915867096343,0.06767779256622439,0.06767651835549664,0.06767533387771409,0.06767423691231156,0.06767322518131584,0.06767229635148585,0.06767144803650141,0.06767067779918563,0.06766998315376749,0.06766936156818311,0.06766881046639407,0.06766832723061036,0.0676679092025929,0.06766755368014853,0.0676672579343547,0.06766701920407046,0.06766683469715272,0.06766670159309647,0.06766661704529209,0.06766657818369241,0.06766658211722866,0.06766662593617094,0.06766670671445775,0.06766682151200436,0.06766696737698961,0.06766714134811709,0.06766734045684668,0.06766756172959183,0.06766780218987865,0.06766805886046291,0.06766832876540506,0.0676686089320886,0.06766889639318895,0.06766918818859409,0.06766948136726533,0.0676697729890409,0.06767006012637163,0.06767033986598203,0.06767060931052134,0.0676708655800985,0.06767110581375305,0.06767132717115627,0.06767152683373472,0.06767170200606161,0.06767184991714113,0.06767196782165108,0.06767205300113373,0.06767210276514095,0.06767211445233942,0.06767208543157924,0.06767201310292974,0.06767189489868644,0.06767172828435285,0.06767151075960112,0.06767123985921714,0.06767091315402914,0.06767052825182776,0.067670082798288,0.06766957447786777,0.06766900101473762,0.06766836017369851,0.06766764976110108,0.06766686762579417,0.06766601166007259,0.06766507980063555,0.06766407002957862,0.06766298037538755,0.06766180891396505,0.06766055376965438,0.06765921311629908,0.06765778517831843,0.06765626823179997,0.06765466060560867,0.0676529606825115,0.06765116690031582,0.06764927775301897,0.06764729179196721,0.0676452076270209,0.06764302392772623,0.06764073942448062,0.06763835290969518,0.06763586323895364,0.0676332693321729,0.067630570174729,0.06762776481857868,0.06762485238335374,0.0676218320574388,0.06761870309901513,0.06761546483706342,0.0676121166723542,0.06760865807837965,0.06760508860226096,0.0676014078655853,0.06759761556521611,0.06759371147404947,0.06758969544171696,0.06758556739523458,0.0675813273395952,0.06757697535830337,0.06757251161385096,0.06756793634813214,0.06756324988279719,0.06755845261954692,0.06755354504035777,0.06754852770764289,0.06754340126435575,0.06753816643403021,0.06753282402075136,0.06752737490906065,0.0675218200638101,0.06751616052993456,0.0675103974321686,0.06750453197469503,0.06749856544073718,0.06749249919207721,0.06748633466852326,0.06748007338728781,0.06747371694232061,0.06746726700357213,0.06746072531619018,0.0674540936996505,0.06744737404681996,0.06744056832295267,0.0674336785646174,0.06742670687855581,0.0674196554404706,0.06741252649374534,0.06740532234808651,0.06739804537809094,0.06739069802174658,0.06738328277885523,0.06737580220937893,0.06736825893170703,0.0673606556208487,0.06735299500653825,0.06734527987122331,0.06733751304780167,0.06732969741817968,0.0673218359105084,0.0673139314969882,0.06730598719151118,0.06729800604722887,0.06728999115403432,0.06728194563596755,0.06727387264854794,0.06726577537603515,0.06725765702862131,0.06724952083955661,0.06724137006221108,0.06723320796707558,0.06722503783870756,0.06721686297261732,0.06720868667210118,0.06720051224503593,0.06719234300062595,0.0671841822461128,0.06717603328344718,0.06716789940593501,0.06715978389485594,0.06715169001605797,0.06714362101654239,0.06713558012103556,0.06712757052855348,0.06711959540897912,0.06711165789962083,0.0671037611018045,0.06709590807747909,0.06708810184584643,0.06708034538002249,0.06707264160373679,0.06706499338807709,0.06705740354828627,0.06704987484061885,0.06704240995926462,0.06703501153334954,0.06702768212401432,0.06702042422158075,0.0670132402428243,0.06700613252835184,0.06699910334009154,0.06699215485890536,0.06698528918233296,0.0669785083224797,0.06697181420404441,0.06696520866250714,0.0669586934424844,0.06695227019624383,0.06694594048241505,0.06693970576486048,0.06693356741176124,0.0669275266948967,0.06692158478912974,0.06691574277210385,0.06691000162415767,0.06690436222846174,0.06689882537138221,0.06689339174307479,0.06688806193831293,0.06688283645755455,0.06687771570824327,0.06687270000634551,0.0668677895781373,0.06686298456222638,0.06685828501181561,0.06685369089720046,0.0668492021085059,0.0668448184586535,0.0668405396865531,0.06683636546052378,0.06683229538192913,0.0668283289890227,0.066824465761009,0.06682070512227656,0.06681704644684086,0.06681348906296082,0.06681003225792387,0.06680667528299013,0.06680341735848405,0.06680025767902258,0.06679719541886689,0.06679422973738561,0.06679135978461585,0.06678858470691121,0.0667859036526564,0.06678331577803363,0.06678082025284038,0.06677841626632851,0.06677610303305752,0.06677387979874042,0.0667717458460744,0.06676970050053609,0.06676774313612255,0.06676587318103405,0.06676409012327204,0.0667623935161408,0.06676078298364875,0.06675925822576004,0.06675781902352804,0.06675646524406867,0.06675519684536539,0.06675401388089278,0.06675291650404569,0.06675190497236151,0.06675097965152321,0.06675014101913207,0.06674938966823854,0.0667487263106238,0.0667481517798161,0.06674766703383096,0.06674727315764299,0.06674697136536514,0.0667467630021361,0.06674664954570321,0.06674663260770523,0.06674671393463984,0.06674689540851457,0.06674717904718325,0.06674756700436078,0.06674806156931222,0.0667486651662281,0.06674938035325245,0.06675020982120844,0.06675115639199569,0.06675222301666696,0.06675341277318741,0.06675472886387981,0.06675617461256024,0.06675775346136888,0.06675946896730206,0.06676132479845141,0.06676332472995947,0.06676547263969473,0.06676777250365112,0.06677022839109605,0.06677284445946649,0.06677562494901902,0.06677857417724954,0.06678169653309686,0.06678499647093435,0.06678847850436394,0.06679214719982636,0.06679600717004334,0.06680006306729526,0.06680431957656223,0.06680878140851321,0.0668134532923948,0.06681833996881031,0.06682344618240793,0.06682877667449261,0.06683433617557571,0.06684012939787715,0.06684616102779412,0.06685243571835077,0.06685895808164333,0.06686573268129611,0.0668727640249397,0.06688005655672163,0.0668876146498805,0.06689544259936754,0.06690354461456754,0.06691192481209796,0.06692058720871107,0.0669295357143232,0.06693877412516108,0.06694830611705736,0.06695813523889364,0.06696826490620617,0.066978698394974,0.06698943883556778,0.0670004892069133,0.06701185233085048,0.06702353086670305,0.06703552730606727,0.06704784396782727,0.06706048299340396,0.06707344634224435,0.06708673578755693,0.06710035291229881,0.06711429910542145,0.0671285755583756,0.06714318326187353,0.0671581230029315,0.06717339536217708,0.06718900071143193,0.06720493921156326,0.0672212108106253,0.06723781524225961,0.06725475202438032,0.06727202045813281,0.06728961962713319,0.06730754839697466,0.06732580541501539,0.06734438911041445,0.06736329769445526,0.06738252916112607,0.06740208128796023,0.06742195163713262,0.06744213755680757,0.06746263618273404,0.06748344444008259,0.06750455904551904,0.06752597650950919,0.0675476931388501,0.06756970503941948,0.06759200811912876,0.06761459809109525,0.0676374704770057,0.06766062061067608,0.06768404364179133,0.06770773453982669,0.06773168809813696,0.067755898938204,0.0677803615140464,0.06780507011676944,0.06783001887925513,0.06785520178099048,0.0678806126529972,0.06790624518289747,0.06793209292007922,0.06795814928096089,0.0679844075543465,0.06801086090686422,0.06803750238848003,0.06806432493807867,0.06809132138910451,0.06811848447525438,0.06814580683621667,0.06817328102344693,0.06820089950596418,0.0682286546761833,0.06825653885575642,0.06828454430142615,0.06831266321087706,0.06834088772858639,0.06836920995166229,0.0683976219356608,0.0684261157003867,0.06845468323565944,0.06848331650704514,0.06851200746155454,0.06854074803327474,0.06856953014896983,0.06859834573361845,0.06862718671589019,0.06865604503355602,0.06868491263882859,0.06871378150362766,0.06874264362476726,0.06877149102905995,0.06880031577833512,0.06882910997436884,0.0688578657637207,0.06888657534246434,0.0689152309608326,0.06894382492775483,0.06897234961529149,0.06900079746295702,0.06902916098193929,0.06905743275920412,0.06908560546148242,0.06911367183914677,0.06914162472999895,0.06916945706288352,0.06919716186121995,0.06922473224639528,0.06925216144105148,0.06927944277224461,0.06930656967448111,0.06933353569263077,0.06936033448471592,0.06938695982457668,0.06941340560441196,0.0694396658371963,0.0694657346589725,0.06949160633102167,0.06951727524190991,0.06954273590940192,0.06956798298226693,0.06959301124194936,0.0696178156041307,0.06964239112016134,0.06966673297837733,0.06969083650529832,0.0697146971667029,0.06973831056859545,0.06976167245805197,0.06978477872395393,0.06980762539761481,0.06983020865327803,0.06985252480852427,0.0698745703245646,0.06989634180642773,0.06991783600304284,0.06993904980722,0.06995998025552992,0.06998062452808511,0.07000097994822416,0.07002104398210149,0.07004081423818541,0.07006028846666641,0.07007946455876783,0.07009834054598195,0.07011691459921822,0.07013518502786999,0.07015315027880216,0.07017080893525625,0.07018815971569188,0.07020520147254178,0.07022193319088313,0.07023835398712842,0.07025446310753344,0.070270259926706,0.07028574394603383,0.07030091479206937,0.07031577221485337,0.07033031608618559,0.07034454639784517,0.07035846325976318,0.07037206689814991,0.07038535765357898,0.07039833597903122,0.07041100243790051,0.07042335770196498,0.07043540254932673,0.07044713786230783,0.07045856462533417,0.07046968392278481,0.07048049693682229,0.07049100494519644,0.07050120931903107,0.07051111152059887,0.07052071310106982,0.07053001569825781,0.07053902103435086,0.07054773091363511,0.07055614722021543,0.07056427191571635,0.07057210703699815,0.07057965469386622,0.07058691706678193,0.07059389640457665,0.07060059502217078,0.07060701529829971,0.07061315967324798,0.07061903064659367,0.07062463077496446,0.07062996266980795,0.07063502899517864,0.07063983246552721,0.07064437584352408,0.0706486619378948,0.07065269360127766,0.07065647372809909,0.07066000525247511,0.07066329114613518,0.07066633441636617,0.07066913810398852,0.0706717052813538,0.07067403905037091,0.0706761425405621,0.07067801890713343,0.07067967132909003,0.07068110300737473,0.070682317163036,0.07068331703542528,0.07068410588042422,0.07068468696870132,0.07068506358399824,0.07068523902144556,0.07068521658590726,0.07068499959035483,0.07068459135427196,0.07068399520207186,0.0706832144615585,0.0706822524624051,0.070681112534661,0.07067979800727756,0.07067831220665982,0.07067665845523775,0.07067484007005238,0.07067286036136741,0.07067072263129033,0.07066843017241121,0.07066598626645507,0.07066339418293273,0.07066065717781594,0.07065777849221415,0.07065476135105651,0.07065160896177781,0.0706483245130058,0.07064491117324906,0.07064137208958322,0.07063771038633442,0.07063392916375796,0.07063003149671221,0.07062602043332722,0.07062189899365547,0.07061767016832725,0.07061333691718341,0.07060890216791106,0.07060436881466303,0.07059973971665316,0.07059501769676679,0.07059020554013945,0.07058530599273219,0.07058032175989834,0.07057525550493915,0.07057010984765302,0.07056488736286691,0.07055959057897657,0.07055422197647788,0.07054878398649651,0.07054327898931781,0.07053770931291982,0.07053207723151168,0.07052638496408031,0.07052063467294879,0.07051482846234897,0.07050896837701331,0.07050305640079184,0.0704970944552785,0.0704910843984857,0.07048502802354273,0.07047892705743669,0.0704727831597899,0.07046659792168752,0.07046037286455317,0.07045410943907528,0.07044780902419948,0.07044147292617657,0.07043510237768126,0.07042869853700057,0.0704222624872875,0.07041579523590583,0.07040929771385197,0.07040277077526214,0.07039621519700816,0.07038963167838508,0.07038302084089336,0.07037638322811879,0.07036971930571216,0.07036302946147129,0.07035631400552764,0.07034957317064348,0.07034280711259934,0.0703360159107096,0.07032919956843826,0.07032235801413,0.07031549110184682,0.07030859861231928,0.07030168025400685,0.07029473566426409,0.07028776441062266,0.07028076599217514,0.07027373984106816,0.07026668532409841,0.07025960174440218,0.07025248834325704,0.07024534430197538,0.07023816874389212,0.07023096073644289,0.07022371929332999,0.07021644337677191,0.07020913189983327,0.07020178372883111,0.07019439768581336,0.07018697255110629,0.07017950706593101,0.0701719999350621,0.07016444982956203,0.0701568553895583,0.07014921522707265,0.07014152792888925,0.07013379205946693,0.07012600616388551,0.07011816877082037,0.07011027839555338,0.07010233354300197,0.0700943327107744,0.07008627439224101,0.07007815707961412,0.0700699792670522,0.07006173945376981,0.07005343614715487,0.07004506786589189,0.0700366331430881,0.07002813052940147,0.07001955859616832,0.070010915938529,0.07000220117855055,0.06999341296834474,0.06998454999318587,0.06997561097460245,0.0699665946734816,0.06995749989315496,0.06994832548247884,0.06993907033889885,0.0699297334115067,0.06992031370408236,0.06991081027811827,0.06990122225583645,0.06989154882318233,0.06988178923280558,0.06987194280701851,0.06986200894072825,0.06985198710435729,0.06984187684673558,0.0698316777979662,0.0698213896722627,0.06981101227075545,0.06980054548426476,0.06978998929603743,0.06977934378444438,0.0697686091256355,0.06975778559614883,0.06974687357547624,0.06973587354855612,0.06972478610822942,0.06971361195762553,0.06970235191248544,0.06969100690339707,0.06967957797765204,0.0696680663019147,0.06965647316400016,0.06964479997474325,0.06963304826986186,0.0696212197115861,0.06960931609030538,0.06959733932607526,0.06958529147001162,0.06957317470555822,0.06956099134962845,0.06954874385361576
9.75,1.0035653171584284,1.007153649559083,1.0107640680604102,1.0143959029722118,1.0180487104930704,1.0217222421363656,1.0254164169313353,1.0291312961970858,1.0328670606986445,1.036623990005075,1.0404024438802753,1.044202845547338,1.048025666677267,1.0518714139623386,1.0557406171435595,1.059633818370416,1.0635515627794057,1.0674943901858143,1.0714628277907394,1.075457383812505,1.0794785419583517,1.0835267566587001,1.0876024489922578,1.0917060032358976,1.0958377639785333,1.0999980337431774,1.104187071065994,1.108405088985499,1.1126522538990746,1.1169286847477005,1.121234452493311,1.125569579856405,1.1299340412843744,1.134327763124054,1.138750623974254,1.1432024551961715,1.1476830415628676,1.1521921220291012,1.1567293906060219,1.161294497326366,1.1658870492873148,1.1705066117595373,1.1751527093521674,1.1798248272245817,1.184522412336854,1.1892448747316589,1.193991588841222,1.19876189481364,1.203555099853548,1.2083704795727062,1.2132072793465722,1.2180647156734214,1.2229419775330652,1.2278382277422817,1.2327526043049215,1.2376842217545807,1.2426321724861789,1.2475955280779474,1.2525733406006294,1.2575646439023667,1.262568454903114,1.2675837748541385,1.2726095905830304,1.2776448757211347,1.2826885919119009,1.2877396899992033,1.2927971111948833,1.2978597882248692,1.3029266464533191,1.307996604984269,1.3130685777403421,1.318141474518107,1.3232142020197046,1.3282856648604047,1.3333547665517704,1.338420410460145,1.3434815007402319,1.3485369432432681,1.3535856463998988,1.3586265220773213,1.3636584864101657,1.3686804606059872,1.3736913717238721,1.3786901534265672,1.3836757467059118,1.388647100581361,1.3936031727714469,1.398542930338028,1.403465350303198,1.4083694202387567,1.4132541388281439,1.4181185164007715,1.4229615754387062,1.4277823510556666,1.4325798914483436,1.4373532583200472,1.4421015272767248,1.446823788195409,1.4515191455651901,1.4561867188008166,1.4608256425290616,1.4654350668480187,1.4700141575595114,1.4745620963748338,1.4790780810940545,1.4835613257591547,1.4880110607812904,1.4924265330424902,1.496807005972144,1.5011517595986392,1.5054600905765483,1.509731312189784,1.5139647543311643,1.51815976345887,1.52231570253027,1.5264319509136473,1.5305079042783578,1.5345429744639898,1.538536589329107,1.5424881925801819,1.5463972435813513,1.5502632171456248,1.5540856033082313,1.5578639070827736,1.5615976482008946,1.5652863608361747,1.5689295933129832,1.5725269078010389,1.5760778799964283,1.5795820987898683,1.5830391659229763,1.5864486956333541,1.5898103142892765,1.5931236600147984,1.5963883823060945,1.5996041416398454,1.6027706090744787,1.605887465845115,1.608954402953069,1.6119711207506893,1.6149373285225128,1.6178527440633428,1.62071709325406,1.6235301096359993,1.6262915339846264,1.6290011138832847,1.6316586032977467,1.6342637621523102,1.6368163559081987,1.6393161551450242,1.6417629351460632,1.64415647548813,1.646496559636792,1.648782974547694,1.651015510274727,1.6531939595857839,1.655318117586816,1.6573877813548963,1.6594027495809787,1.661362822223011,1.6632678001700552,1.6651174849180277,1.6669116782576574,1.668650181975228,1.6703327975666369,1.671959325965287,1.6735295672842807,1.6750433205733641,1.6765003835910326,1.6779005525921677,1.679243622131566,1.6805293848836518,1.6817576314786622,1.6829281503555387,1.6840407276317293,1.6850951469900814,1.6860911895829485,1.687028633953624,1.687907255975167,1.688726828806651,1.6894871228668442,1.6901879058252849,1.690828942610694,1.6914099954366215,1.6919308238442146,1.692391184761936,1.6927908325820669,1.6931295192537619,1.6934069943924301,1.6936230054051693,1.6937772976319567,1.693869614502267,1.6938996977066871,1.693867287382792,1.693772122317017,1.6936139401589603,1.6933924776493379,1.693107470858223,1.6927586554358038,1.6923457668714643,1.6918685408171732,1.691326713334302,1.6907200211872602,1.6900482021481449,1.6893109953068592,1.6885081413840985,1.6876393830474754,1.6867044652297472,1.6857031354491994,1.684635144131815,1.6835002449348382,1.6822981950719933,1.6810287556402699,1.6796916919484612,1.6782867738476666,1.6768137760640027,1.6752724785337523,1.6736626667411716,1.6719841320591595,1.6702366720929105,1.6684200910266682,1.6665341999735994,1.6645788173287648,1.6625537691250911,1.6604588893921806,1.6582940205177263,1.6560590136112439,1.6537537288697575,1.6513780359450219,1.6489318143118128,1.6464149536367594,1.6438273541471466,1.641168926999085,1.6384395946443904,1.6356392911955062,1.6327679627877678,1.6298255679382765,1.6268120779006643,1.6237274770149952,1.6205717630520564,1.6173449475512944,1.6140470561516558,1.6106781289145866,1.6072382206384828,1.6037274011638867,1.6001457556687337,1.596493384953003,1.5927704057121226,1.588976950798535,1.5851131694708338,1.581179227629932,1.577175308041748,1.5731016105459388,1.5689583522502228,1.5647457677099113,1.5604641090922597,1.5561136463253296,1.5516946672310494,1.5472074776422429,1.5426524015033922,1.5380297809549686,1.5333399764011872,1.5285833665610813,1.5237603485028264,1.5188713376612855,1.5139167678387717,1.5088970911890618,1.5038127781847306,1.4986643175678886,1.4934522162844721,1.4881769994022183,1.4828392100125134,1.4774394091163208,1.4719781754944197,1.466456105562211,1.4608738132093528,1.455231929624541,1.4495311031057332,1.4437719988561544,1.4379552987664352,1.4320817011832416,1.4261519206647744,1.4201666877235295,1.4141267485567208,1.408032864764773,1.4018858130583087,1.3956863849540504,1.389435386460084,1.383133637750911,1.3767819728327437,1.3703812391994852,1.3639322974798513,1.3574360210760823,1.3508932957947029,1.3443050194697843,1.337672101579159,1.330995462854047,1.3242760348825393,1.3175147597073906,1.3107125894185638,1.3038704857409682,1.296989419617831,1.2900703707901333,1.2831143273725376,1.2761222854262306,1.2690952485290916,1.2620342273436034,1.2549402391829025,1.2478143075753687,1.2406574618281359,1.2334707365899111,1.2262551714134726,1.219011810318211,1.2117417013530705,1.2044458961602393,1.1971254495399266,1.1897814190165656,1.1824148644067518,1.1750268473892376,1.1676184310772895,1.1601906795937051,1.152744657648768,1.1452814301214302,1.1378020616439777,1.1303076161904533,1.1227991566690751,1.1152777445189046,1.1077444393109854,1.1002002983541852,1.092646376305955,1.0850837247882088,1.0775133920085218,1.0699364223868428,1.0623538561878905,1.0547667291594125,1.047176072176474,1.0395829108919208,1.031988265393174,1.0243931498654897,1.016798572261812,1.009205533979353,1.0016150295430017,0.994028046295675,0.986445564095715,0.9788685550214163,0.9712979830827709,0.9637348039405187,0.9561799646325526,0.9486344033077616,0.9410990489673593,0.9335748212137513,0.926062630006981,0.9185633754287934,0.911077947454348,0.903607225731603,0.8961520793683891,0.8887133667271886,0.881291935227621,0.8738886211566375,0.8665042494864237,0.8591396336999969,0.8517955756244799,0.8444728652720368,0.8371722806884396,0.8298945878092399,0.8226405403235054,0.8154108795450847,0.8082063342913546,0.8010276207694049,0.7938754424695981,0.7867504900664606,0.7796534413268291,0.7725849610252012,0.7655457008662105,0.7585362994141636,0.7515573820295574,0.7446095608125018,0.7376934345529643,0.7308095886877516,0.7239585952641424,0.7171410129100831,0.7103573868108461,0.7036082486920636,0.6968941168090357,0.6902154959422114,0.6835728773987484,0.6769667390200336,0.6703975451950731,0.6638657468796263,0.6573717816210015,0.6509160735883757,0.6444990336085359,0.6381210592069358,0.6317825346539405,0.6254838310161519,0.6192253062126931,0.613007305076336,0.6068301594193539,0.6006941881039776,0.59459969711734,0.5885469796507828,0.5825363161834092,0.5765679745697574,0.5706422101314812,0.564759265752907,0.5589193719803532,0.5531227471250854,0.547369597369794,0.541660116878466,0.5359944879095359,0.5303728809321918,0.5247954547457195,0.5192623566017691,0.5137737223294182,0.5083296764629177,0.5029303323720109,0.49757579239469685,0.49226614797233115,0.48700147978695324,0.4817818579007155,0.4766073418973161,0.47147798102531313,0.46639381434322014,0.4613548708662682,0.4563611697147308,0.4514127202637038,0.44650952229423824,0.4416515661457206,0.4368388328694023,0.4320712943829746,0.4273489136260933,0.4226716447167558,0.41803943310843383,0.4134522157478692,0.40890992123343506,0.4044124699739253,0.3999597743474462,0.3955517388617907,0.39118826031345644,0.38686922794744555,0.38259452361704416,0.3783640219434734,0.37417759047535987,0.3700350898479544,0.3659363739420383,0.36188129004244735,0.3578696789961597,0.3539013753698827,0.349976207607086,0.3460939981844232,0.34225456376749036,0.3384577153658682,0.3347032584873982,0.33099099329164,0.3273207147424613,0.3236922127597167,0.32010527236996134,0.3165596738561583,0.3130551929063295,0.3095916007611052,0.30616866436013795,0.3027861464873189,0.299443805914768,0.2961413975455586,0.2928786725551236,0.2896553785313136,0.2864712596130656,0.28332605662764526,0.2802195072264272,0.27715134601917446,0.2741213047067917,0.2711291122125136,0.2681744948115002,0.2652571762588098,0.2623768779157217,0.2595333188743818,0.25672621608074914,0.25395528445581367,0.2512202370150684,0.2485207849862174,0.24585663792509463,0.24322750382978167,0.24063308925290527,0.23807309941209995,0.23554723829862817,0.23305520878413857,0.23059671272555624,0.2281714510680982,0.2257791239464051,0.2234194307837804,0.22109207038954046,0.21879674105446148,0.21653314064433216,0.21430096669160262,0.21209991648513823,0.20992968715807547,0.20778997577378405,0.20568047940993953,0.20360089524071265,0.2015509206170809,0.19953025314527156,0.1975385907633416,0.19557563181590487,0.19364107512702214,0.1917346200712589,0.18985596664292737,0.18800481552352233,0.18618086814736778,0.18438382676548806,0.18261339450771805,0.18086927544306938,0.17915117463836935,0.17745879821518934,0.17579185340507988,0.17415004860313532,0.17253309341989845,0.17094069873163345,0.16937257672897946,0.16782844096401214,0.16630800639572865,0.164810989433979,0.1633371079818646,0.16188608147662542,0.16045763092903828,0.15905147896134741,0.15766734984374892,0.1563049695294498,0.15496406568832433,0.15364436773918191,0.15234560688065868,0.15106751612086175,0.14980983030557427,0.14857228614518248,0.14735462224033258,0.1461565791063192,0.1449778991962141,0.14381832692280155,0.14267760867929818,0.14155549285891678,0.14045172987327534,0.13936607216969824,0.13829827424742272,0.13724809267274332,0.13621528609311662,0.13519961525025315,0.13420084299222135,0.13321873428458808,0.13225305622062006,0.1313035780305707,0.1303700710900728,0.12945230892765927,0.12855006723144,0.1276631238549492,0.12679125882218767,0.12593425433187735,0.12509189476094995,0.1242639666672847,0.12345025879172539,0.1226505620593747,0.12186466958020525,0.12109237664897875,0.12033348074451036,0.11958778152829062,0.11885508084246871,0.11813518270722737,0.11742789331755524,0.11673302103943729,0.11605037640547444,0.11537977210994874,0.11472102300334719,0.11407394608635907,0.11343836050335987,0.11281408753539617,0.11220095059268223,0.11159877520662191,0.11100738902137255,0.11042662178495802,0.10985630533994967,0.10929627361371716,0.10874636260827078,0.10820641038970447,0.10767625707724798,0.10715574483194204,0.10664471784495172,0.10614302232552009,0.10565050648858132,0.10516702054204365,0.10469241667374724,0.10422654903811512,0.10376927374250206,0.1033204488332575,0.1028799342815099,0.10244759196868368,0.10202328567176035,0.10160688104829335,0.10119824562118793,0.10079724876325695,0.10040376168156184,0.10001765740154916,0.09963881075099637,0.09926709834377662,0.09890239856344149,0.09854459154665679,0.09819355916647955,0.09784918501549222,0.09751135438881364,0.09717995426698578,0.0968548732987529,0.09653600178374226,0.09622323165505549,0.09591645646178457,0.09561557135145721,0.09532047305242773,0.09503105985621792,0.09474723159982429,0.09446888964799775,0.09419593687550656,0.09392827764939309,0.09366581781123363,0.09340846465941172,0.093156126931415,0.09290871478616321,0.09266613978637572,0.092428314880995,0.09219515438766701,0.09196657397529237,0.09174249064665346,0.0915228227211273,0.09130748981749932,0.09109641283687024,0.09088951394567847,0.09068671655884325,0.09048794532302736,0.09029312610003491,0.09010218595035274,0.08991505311682915,0.08973165700851123,0.08955192818463663,0.0893757983387913,0.08920320028323463,0.08903406793339881,0.0888683362925662,0.08870594143672936,0.08854682049963748,0.08839091165803391,0.08823815411708484,0.08808848809600324,0.08794185481387438,0.08779819647567907,0.08765745625852432,0.08751957829807047,0.08738450767516392,0.08725219040268954,0.08712257341260628,0.08699560454320295,0.08687123252655642,0.08674940697619375,0.08663007837495763,0.086513198063077,0.08639871822643337,0.08628659188502949,0.08617677288165225,0.08606921587073078,0.0859638763073849,0.08586071043666127,0.08575967528295401,0.08566072863960619,0.08556382905868812,0.08546893584094947,0.08537600902593812,0.08528500938228367,0.08519589839814146,0.08510863827179141,0.08502319190238479,0.0849395228808378,0.08485759548086269,0.0847773746501369,0.08469882600159574,0.0846219158048517,0.08454661097773056,0.08447287907792063,0.08440068829472713,0.08433000744093017,0.08426080594473495,0.08419305384181444,0.08412672176743394,0.08406178094865675,0.08399820319662236,0.0839359608988927,0.08387502701186109,0.08381537505321873,0.08375697909447388,0.08369981375351919,0.08364385418724073,0.08358907608416291,0.08353545565713134,0.08348296963602263,0.08343159526048022,0.08338131027267003,0.08333209291005439,0.08328392189817965,0.08323677644347416,0.083190636226053,0.08314548139252785,0.08310129254881814,0.08305805075296005,0.08301573750791619,0.08297433475437495,0.08293382486354685,0.08289419062994922,0.08285541526418419,0.08281748238570492,0.08278037601557016,0.08274408056918683,0.08270858084904009,0.08267386203741105,0.08263990968908304,0.08260670972403428,0.08257424842011805,0.0825425124057357,0.08251148865249834,0.08248116446788119,0.08245152748786998,0.0824225656696029,0.08239426728401032,0.0823666209084517,0.08233961541935375,0.08231323998485422,0.08228748405744875,0.08226233736664718,0.08223778991164364,0.08221383195399773,0.08219045401033594,0.08216764684507095,0.0821454014631482,0.08212370910281891,0.08210256122844425,0.08208194952333425,0.0820618658826251,0.08204230240619857,0.08202325139164839,0.08200470532729497,0.08198665688525139,0.08196909891455159,0.08195202443433722,0.0819354266271109,0.08191929883205691,0.08190363453843605,0.08188842737905694,0.08187367112382794,0.0818593596733928,0.08184548705285505,0.08183204740559376,0.08181903498717304,0.0818064441593546,0.08179426938420625,0.08178250521832034,0.08177114630713754,0.0817601873793855,0.08174962324163106,0.08173944877295049,0.0817296589197202,0.08172024869053081,0.08171121315122708,0.08170254742007721,0.0816942466630715,0.08168630608935179,0.08167872094678007,0.08167148651764168,0.08166459811448797,0.08165805107611804,0.08165184076370344,0.08164596255705432,0.08164041185103205,0.08163518405210529,0.08163027457505309,0.081625678839815,0.08162139226848715,0.08161741028247074,0.08161372829976253,0.08161034173239837,0.08160724598404204,0.08160443644772512,0.08160190850373411,0.08159965751764495,0.08159767883850473,0.08159596779715991,0.08159451970472997,0.08159332985122673,0.08159239350431594,0.08159170590821878,0.08159126228275893,0.08159105782254655,0.0815910876963014,0.08159134704631023,0.0815918309880145,0.08159253460975092,0.08159345297259159,0.08159458111033425,0.0815959140296028,0.08159744671008806,0.08159917410489692,0.08160109114102441,0.08160319271993897,0.08160547371828172,0.0816079289886733,0.08161055336063024,0.0816133416415837,0.08161628861799897,0.08161938905659212,0.08162263770564072,0.08162602929638513,0.0816295585445179,0.081633220151756,0.08163700880749034,0.08164091919051651,0.08164494597083631,0.08164908381152877,0.08165332737068569,0.08165767130340663,0.08166211026386232,0.08166663890739584,0.08167125189268377,0.08167594388394073,0.08168070955316632,0.08168554358242859,0.08169044066618411,0.08169539551362436,0.08170040285105036,0.08170545742426687,0.08171055400099678,0.08171568737330809,0.08172085236005086,0.08172604380929978,0.08173125660079851,0.08173648564840195,0.08174172590251333,0.08174697235251036,0.08175222002915497,0.08175746400699044,0.08176269940671416,0.08176792139752877,0.08177312519946042,0.08177830608564579,0.08178345938459178,0.08178858048238351,0.08179366482485767,0.08179870791973191,0.08180370533868124,0.08180865271936494,0.08181354576740289,0.08181838025828805,0.08182315203924413,0.08182785703101869,0.08183249122961328,0.08183705070794584,0.08184153161744406,0.08184593018956761,0.0818502427372572,0.08185446565630894,0.08185859542667295,0.08186262861367347,0.08186656186914633,0.08187039193250123,0.08187411563169995,0.0818777298841531,0.08188123169753228,0.08188461817049926,0.08188788649335178,0.08189103394858332,0.08189405791135741,0.08189695584990267,0.08189972532581541,0.08190236399428177,0.08190486960421851,0.08190723999832505,0.08190947311305653,0.0819115669785125,0.0819135197182472,0.08191532954899906,0.08191699478034144,0.08191851381425642,0.0819198851446326,0.08192110735668867,0.08192217912632542,0.08192309921940603,0.08192386649096452,0.08192447988435218,0.08192493843031667,0.0819252412460193,0.0819253875339905,0.08192537658102667,0.0819252077570357,0.08192488051382218,0.08192439438382669,0.08192374897881081,0.08192294398850417,0.08192197917920092,0.08192085439232123,0.0819195695429284,0.08191812461821438,0.08191651967594986,0.08191475484290651,0.0819128303132507,0.08191074634691216,0.08190850326793032,0.0819061014627812,0.08190354137868675,0.081900823521911,0.08189794845604326,0.08189491680026849,0.08189172922763603,0.08188838646332101,0.0818848892828845,0.0818812385105321,0.08187743501737584,0.08187347971970017,0.0818693735772344,0.081865117591433,0.08186071280376694,0.08185616029402708,0.08185146117863973,0.08184661660900278,0.08184162776983221,0.0818364958775318,0.08183122217858023,0.08182580794794204,0.08182025448750056,0.08181456312451427,0.08180873521009818,0.0818027721177313,0.08179667524179049,0.08179044599611283,0.0817840858125857,0.08177759613976211,0.08177097844151096,0.0817642341956943,0.08175736489287602,0.08175037203505954,0.0817432571344548,0.08173602171228546,0.08172866729761322,0.08172119542620011,0.08171360763940581,0.08170590548310684,0.08169809050665143,0.08169016426184544,0.0816821283019656,0.08167398418080395,0.0816657334517405,0.08165737766684658,0.08164891837601582,0.08164035712612344,0.08163169546021311,0.08162293491671065,0.0816140770286646,0.08160512332301334,0.08159607531987732,0.08158693453187246,0.08157770246345344,0.08156838061027795,0.08155897045859523,0.08154947348465592,0.08153989115414273,0.08153022492163037,0.08152047623005522,0.08151064651021299,0.08150073718027238,0.08149074964531264,0.0814806852968759,0.08147054551254249,0.08146033165552019,0.08145004507425409,0.0814396871020522,0.08142925905673087,0.08141876224027653,0.08140819793852423,0.08139756742085341,0.0813868719399001,0.08137611273128616,0.08136529101336573,0.08135440798698808,0.08134346483527355,0.08133246272341164,0.08132140279847361,0.08131028618924292,0.08129911400606193,0.08128788734069485,0.08127660726621552,0.08126527483690305,0.08125389108815971,0.08124245703645434,0.08123097367927265,0.08121944199509414,0.08120786294338755,0.08119623746462608,0.08118456648032213,0.08117285089308253,0.08116109158668618,0.08114928942618278,0.08113744525801328,0.0811255599101523,0.08111363419227333,0.08110166889593655,0.08108966479480076,0.08107762264485811,0.08106554318468887,0.08105342713574543,0.08104127520265769,0.08102908807356382,0.08101686642046355,0.0810046108995949,0.08099232215184239,0.08098000080315869,0.08096764746501417,0.08095526273488057,0.08094284719672062,0.08093040142151209,0.08091792596779424,0.08090542138223414,0.08089288820021648,0.08088032694645429,0.08086773813562205,0.08085512227300873,0.08084247985519036,0.08082981137072193,0.08081711730084724,0.08080439812022618,0.08079165429767912,0.08077888629694632,0.08076609457745815,0.08075327959512357,0.08074044180312609,0.08072758165274106,0.08071469959414775,0.08070179607725873,0.0806888715525558,0.08067592647192949,0.08066296128952694,0.08064997646259021,0.08063697245231564,0.08062394972469825,0.0806109087513826,0.08059785001050475,0.08058477398753305,0.08057168117610121,0.08055857207883613,0.08054544720817533,0.08053230708717435,0.08051915225030169,0.08050598324422062,0.08049280062855571,0.08047960497664379,0.08046639687626705,0.08045317693036237,0.080439945757716,0.08042670399363373,0.0804134522905886,0.08040019131884255,0.08038692176704358,0.0803736443427955,0.0803603597731998,0.08034706880536763,0.08033377220690234,0.08032047076635056,0.08030716529361938,0.08029385662036535,0.08028054560034309,0.08026723310972274,0.08025392004737043,0.08024060733509458,0.08022729591785453,0.08021398676393209,0.0802006808650653,0.08018737923654404,0.08017408291726721,0.08016079296976174,0.0801475104801626,0.08013423655814922,0.08012097233684828,0.08010771897269481,0.08009447764525375,0.08008124955700201,0.08006803593307105,0.08005483802095054,0.08004165709015273,0.08002849443183727,0.08001535135839867,0.08000222920301434,0.07998912931915356,0.07997605308005347,0.07996300187815138,0.07994997712448376,0.07993698024804763,0.0799240126951278,0.07991107592858822,0.07989817142712846,0.07988530068450651,0.07987246520872793,0.07985966652120248,0.07984690615586937,0.07983418565829158,0.07982150658471483,0.07980887050110302,0.07979627898214224,0.07978373361021732,0.07977123597436009,0.0797587876691719,0.0797463902937205,0.07973404545041318,0.07972175474384462,0.07970951977962354,0.07969734216317689,0.07968522349853199,0.07967316538708379,0.07966116942633711,0.07964923720863472,0.07963737031986777,0.07962557033817269,0.07961383883261339,0.07960217736185021,0.07959058747279776,0.07957907069927211,0.07956762856062924,0.07955626256039629,0.07954497418489696,0.07953376490186725,0.07952263615907375,0.07951158938292745,0.07950062597709805,0.07948974732112774,0.0794789547690486,0.07946824964800436,0.07945763325687742,0.07944710686492246,0.07943667171041204,0.07942632899928966,0.07941607990383522,0.07940592556134887,0.07939586707284453,0.07938590550176412,0.0793760418727098,0.07936627717019869,0.07935661233743951,0.07934704827513347,0.07933758584030133,0.07932822584513834,0.07931896905589836,0.07930981619181002,0.0793007679240259,0.07929182487460104,0.07928298761551358,0.07927425666772042,0.07926563250025241,0.07925711552934872,0.07924870611763374,0.0792404045733371,0.07923221114955796,0.07922412604357405,0.07921614939619885,0.0792082812911856,0.07920052175467898,0.07919287075472067,0.07918532820080007,0.07917789394345895,0.07917056777394763,0.07916334942393528,0.07915623856527279,0.07914923480980986,0.07914233770926589,0.07913554675515609,0.07912886137877219,0.07912228095121876,0.07911580478350583,0.07910943212669122,0.07910316217208466,0.07909699405150263,0.07909092683758481,0.0790849595441558,0.0790790911266472,0.0790733204825715,0.07906764645205036,0.07906206781839387,0.07905658330873576,0.07905119159471512,0.07904589129321149,0.07904068096712985,0.07903555912623468,0.07903052422803078,0.07902557467869155,0.07902070883403468,0.07901592500054226,0.0790112214364249,0.07900659635272883,0.07900204791448458,0.07899757424189648,0.07899317341157186,0.07898884345778948,0.078984582373799,0.07898038811316317,0.07897625859113136,0.07897219168604767,0.07896818524078907,0.07896423706422873,0.07896034493275512,0.07895650659178,0.0789527197572996,0.07894898211747055,0.07894529133421786,0.07894164504485983,0.07893804086375801,0.07893447638398605,0.07893094917901776,0.07892745680443382,0.07892399679964622,0.0789205666896381,0.07891716398671815,0.07891378619228884,0.07891043079862672,0.0789070952906743,0.07890377714784252,0.07890047384582322,0.0788971828584039,0.0788939016592962,0.07889062772396745,0.07888735853147794,0.07888409156632051,0.07888082432026376,0.07887755429419693,0.07887427899997496,0.07887099596226257,0.07886770272037774,0.07886439683013173,0.07886107586566417,0.07885773742127712,0.07885437911325803,0.0788509985816972,0.07884759349229689,0.07884416153817189,0.07884070044163852,0.07883720795599179,0.07883368186726919,0.07883011999600002,0.07882652019893895,0.07882288037078283,0.07881919844586913,0.07881547239985234,0.07881170025136205,0.07880788006363916,0.07880400994614119,0.07880008805613194,0.07879611260023707,0.07879208183597616,0.0787879940732601,0.07878384767585721,0.078779641062835,0.07877537270995348,0.07877104115103127,0.0787666449792706,0.0787621828485455,0.0787576534746449,0.07875305563647478,0.07874838817721626,0.07874365000543748,0.07873884009615739,0.07873395749186037,0.07872900130345985,0.07872397071120946,0.07871886496556031,0.07871368338796401,0.07870842537161259,0.07870309038212635,0.0786976779581792,0.07869218771206288,0.078686619330188,0.07868097257352073,0.07867524727795544,0.07866944335461955,0.0786635607901111,0.0786575996466671,0.0786515600622639,0.07864544225064421,0.07863924650127838,0.0786329731792462,0.0786266227250493,0.07862019565435024,0.07861369255763885,0.07860711409982377,0.07860046101974984,0.07859373412964116,0.07858693431446963,0.07858006253124941,0.07857311980825761,0.07856610724418236,0.07855902600719199,0.07855187733393781,0.07854466252848234,0.07853738296115727,0.07853004006734976,0.07852263534622,0.07851517035935134,0.07850764672933276,0.07850006613827493,0.0784924303262661,0.07848474108976056,0.07847700027990809,0.078469209800829,0.07846137160782476,0.07845348770553713,0.0784455601460543,0.07843759102696703,0.07842958248937563,0.07842153671585102,0.07841345592835196,0.07840534238610104,0.07839719838342223,0.07838902624754222,0.07838082833636006,0.07837260703617988,0.07836436475942216,0.07835610394230624,0.07834782704251336,0.07833953653682578,0.07833123491874933,0.07832292469612803,0.07831460838873754,0.07830628852587652,0.07829796764394578,0.07828964828403197,0.07828133298948425,0.07827302430349609,0.07826472476668962,0.07825643691470582,0.07824816327580567,0.07823990636848362,0.07823166869909463,0.07822345275949785,0.07821526102471872,0.07820709595063233,0.0781989599716697,0.0781908554985493,0.07818278491603621,0.07817475058072736,0.07816675481887075,0.0781587999242168,0.07815088815590145,0.07814302173636864,0.07813520284932897,0.07812743363775405,0.07811971620191711,0.07811205259746824,0.07810444483356573,0.07809689487103381,0.07808940462057735,0.07808197594104184,0.07807461063771907,0.07806731046070198,0.07806007710328977,0.07805291220044418,0.07804581732729725,0.07803879399771164,0.07803184366289441,0.07802496771006531,0.07801816746118026,0.07801144417171095,0.0780047990294831,0.07799823315356545,0.07799174759322416,0.07798534332693356,0.07797902126144703,0.07797278223092785,0.07796662699614076,0.07796055624370675,0.07795457058541849,0.07794867055761952,0.07794285662064634,0.07793712915833607,0.07793148847759637,0.07792593480804604,0.0779204683017141,0.07791508903280786,0.0779097969975486,0.07790459211407477,0.07789947422241209,0.07789444308451171,0.07788949838435662,0.07788463972813651,0.07787986664449179,0.07787517858482627,0.07787057492369147,0.07786605495923281,0.07786161791371264,0.0778572629340994,0.07785298909272717,0.07784879538802282,0.0778446807453013,0.07784064401763399,0.07783668398677863,0.07783279936417796,0.07782898879203509,0.07782525084443952,0.07782158402856736,0.07781798678595185,0.07781445749380456,0.07781099446640834,0.0778075959565706,0.0778042601571371,0.07780098520256516,0.07779776917055498,0.07779461008373749,0.07779150591141759,0.07778845457137076,0.07778545393169156,0.0777825018126934,0.07777959598885283,0.07777673419080375,0.07777391410737843,0.07777113338767558,0.07776838964318952,0.0777656804499645,0.07776300335078457,0.07776035585740079,0.07775773545278403,0.07775513959341067,0.07775256571157105,0.07775001121769826,0.07774747350272218,0.07774494994043528,0.07774243788987434,0.07773993469771524,0.07773743770067641,0.07773494422792813,0.07773245160350463,0.07772995714871678,0.07772745818456199,0.07772495203412871,0.0777224360249925,0.0777199074916025,0.0777173637776479,0.07771480223841311,0.07771222024310917,0.07770961517718898,0.07770698444462737,0.07770432547018075,0.07770163570160381,0.07769891261184379,0.0776961537011797,0.07769335649931736,0.07769051856754876,0.07768763750070837,0.07768471092915091,0.0776817365206831,0.07767871198243687,0.07767563506269053,0.0776725035526326,0.07766931528806703,0.07766606815105831,0.07766276007151468,0.07765938902870777,0.07765595305272703,0.07765245022586732,0.07764887868394896,0.07764523661756544,0.0776415222732626,0.07763773395464496,0.07763387002340623,0.07762992890028801,0.07762590906596205,0.07762180906182992,0.07761762749075382,0.07761336301770408,0.07760901437032093,0.07760458033940823,0.07760005977933625,0.07759545160836573,0.07759075480889027,0.0775859684275917,0.07758109157551522,0.07757612342806013,0.0775710632248857,0.07756591026973221,0.07756066393015673,0.07755532363718359,0.07754988888486887,0.07754435922977893,0.07753873429038498,0.07753301374636365,0.07752719733781785,0.07752128486440785,0.07751527618439483,0.07750917121359653,0.07750296992425379,0.07749667234380976,0.07749027855359848,0.07748378868744274,0.07747720293016666,0.07747052151601062,0.07746374472695848,0.07745687289097537,0.07744990638014944,0.07744284560874055,0.07743569103113965,0.07742844313973414,0.07742110246268032,0.07741366956158306,0.07740614502908315,0.07739852948635267,0.07739082358049929,0.07738302798188045,0.07737514338133081,0.07736717048729615,0.07735911002288824,0.07735096272285524,0.07734272933046933,0.07733441059434075,0.07732600726515658,0.07731752009234731,0.07730894982069285,0.07730029718686472,0.07729156291591334,0.07728274771770767,0.0772738522833294,0.07726487728143677,0.07725582335459197,0.07724669111556975,0.07723748114365639,0.07722819398094345,0.07721883012862721,0.07720939004332332,0.07719987413340698,0.07719028275538904,0.07718061621033935,0.07717087474036831,0.07716105852518113,0.07715116767870599,0.07714120224582409,0.0771311621992034,0.07712104743625176,0.07711085777620115,0.07710059295733523,0.07709025263437859,0.07707983637604915,0.07706934366279601,0.07705877388473373,0.07704812633978017,0.07703740023201436,0.07702659467026857,0.07701570866695677,0.07700474113715654,0.07699369089795714,0.07698255666807968,0.07697133706777935,0.07696003061903899,0.07694863574606148,0.07693715077606875,0.0769255739404135,0.07691390337600942,0.07690213712708781,0.07689027314727338,0.07687830930199827,0.07686624337124597,0.07685407305262955,0.076841795964803,0.07682940965120566,0.0768169115841391,0.07680429916917075,0.07679156974986104,0.07677872061281571,0.07676574899304335,0.07675265207962385,0.07673942702167753,0.07672607093461946,0.07671258090669265,0.0766989540057737,0.0766851872864337,0.07667127779724325,0.07665722258830783,0.07664301871901921,0.07662866326600791,0.07661415333128038,0.07659948605052472,0.07658465860156928,0.07656966821296855,0.07655451217270956,0.07653918783700721,0.07652369263918614,0.07650802409861551,0.07649217982967557,0.07647615755074713,0.07645995509318983,0.07644357041029991,0.07642700158621725,0.07641024684477453,0.07639330455825391,0.07637617325603369,0.07635885163311519,0.07634133855849096,0.07632363308335126,0.07630573444910055,0.07628764209516713,0.07626935566658624,0.07625087502133869,0.07623220023742715,0.07621333161967274,0.07619426970621493,0.07617501527470188,0.07615556934814559,0.07613593320044121,0.076116108361527,0.07609609662218055,0.07607590003842526,0.07605552093554568,0.07603496191171176,0.07601422584117044,0.075993315877028,0.07597223545359999,0.07595098828832524,0.07592957838323658,0.0759080100259873,0.075886287790423,0.07586441653669931,0.07584240141094596,0.07582024784447275,0.0757979615525179,0.07577554853253986,0.0757530150620543,0.07573036769601893,0.07570761326376953,0.07568475886551185,0.07566181186837576,0.0756387799020329,0.07561567085389166,0.07559249286387404,0.07556925431877995,0.07554596384625475,0.07552263030836671,0.07549926279479438,0.0754758706156615,0.07545246329400351,0.07542905055789566,0.07540564233224532,0.07538224873026868,0.0753588800446659,0.07533554673850278,0.07531225943581753,0.07528902891197163,0.07526586608375503,0.07524278199926333,0.0752197878275628,0.0751968948481597,0.07517411444028997,0.07515145807204647,0.0751289372893598,0.07510656370485255,0.07508434898657385,0.07506230484664478,0.07504044302982316,0.07501877530200644,0.07499731343868905,0.07497606921339034,0.07495505438607164,0.07493428069155594,0.07491375982796769,0.07489350344520854,0.07487352313348498,0.07485383041190076,0.07483443671713702,0.07481535339222023,0.07479659167540391,0.07477816268917824,0.07476007742941679,0.0747423467546751,0.0747249813756544,0.07470799184484264,0.07469138854634533,0.0746751816859177,0.07465938128120937,0.07464399715223495,0.07462903891207152,0.07461451595780598,0.07460043746173387,0.07458681236282064,0.07457364935843316,0.07456095689634952,0.07454874316705665,0.07453701609633974,0.07452578333817189,0.07451505226791033,0.07450482997580421,0.07449512326081799,0.07448593862478232,0.07447728226686139,0.07446916007835352,0.07446157763782742,0.07445454020659212,0.07444805272450548,0.07444211980612246,0.07443674573718495,0.0744319344714544,0.07442768962788746,0.07442401448815511,0.07442091199450739,0.0744183847479737,0.07441643500691068,0.07441506468588845,0.07441427535491552,0.0744140682389989,0.07441444421803721,0.0744154038270461,0.07441694725670857,0.07441907435424922,0.07442178462462835,0.074425077232051,0.07442895100178461,0.07443340442228819,0.07443843564763195,0.07444404250021548,0.07445022247377657,0.07445697273668114,0.07446429013548912,0.07447217119878985,0.07448061214129986,0.07448960886821623,0.07449915697981799,0.07450925177630797,0.07451988826289009,0.07453106115506473,0.07454276488414668,0.07455499360299049,0.07456774119191598,0.0745810012648252,0.07459476717550194,0.07460903202408722,0.07462378866371842,0.07463902970732526,0.07465474753457385,0.07467093429894893,0.07468758193496373,0.07470468216549646,0.07472222650922729,0.07474020628818195,0.07475861263536954,0.07477743650250215,0.07479666866778878,0.0748162997437941,0.07483632018535316,0.07485672029753301,0.07487749024363236,0.07489862005321012,0.07492009963013675,0.0749419187606507,0.07496406712142319,0.07498653428761683,0.07500930974093027,0.07503238287762098,0.0750557430164973,0.07507937940687544,0.07510328123648813,0.07512743763934018,0.07515183770351015,0.07517647047887548,0.07520132498476839,0.07522639021755376,0.07525165515811316,0.07527710877923702,0.07530274005291981,0.07532853795754826,0.07535449148497846,0.07538058964749651,0.0754068214846578,0.07543317606999965,0.07545964251762326,0.07548620998864002,0.07551286769747977,0.07553960491805255,0.07556641098976621,0.07559327532339465,0.07562018740678685,0.07564713681042806,0.07567411319283653,0.07570110630580262,0.07572810599946204,0.07575510222720624,0.07578208505042298,0.07580904464307452,0.07583597129610235,0.07586285542166597,0.07588968755720733,0.07591645836934534,0.07594315865760161,0.07596977935795461,0.07599631154622329,0.07602274644128074,0.07604907540809887,0.07607528996062479,0.07610138176449019,0.07612734263955492,0.07615316456228892,0.07617883966798546,0.07620436025281849,0.07622971877574128,0.07625490786022822,0.07627992029586271,0.07630474903977331,0.07632938721792255,0.07635382812624848,0.07637806523166313,0.07640209217291216,0.07642590276129684,0.07644949098126094,0.07647285099085405,0.07649597712205643,0.07651886388098648,0.07654150594798886,0.07656389817760445,0.0765860355984274,0.07660791341285199,0.07662952699671365,0.07665087189882694,0.07667194384042439,0.07669273871449958,0.07671325258505977,0.07673348168628395,0.07675342242159922,0.07677307136267446,0.07679242524833432,0.07681148098339667,0.07683023563743598,0.07684868644347818,0.07686683079662594,0.07688466625261922,0.07690219052633433,0.07691940149022221,0.07693629717268807,0.07695287575642207,0.07696913557666535,0.07698507511943171,0.07700069301968053,0.0770159880594411,0.0770309591658913,0.07704560540939251,0.07705992600148197,0.07707392029282442,0.07708758777112426,0.07710092805899972,0.07711394091182243,0.07712662621551633,0.07713898398432613,0.07715101435855319,0.07716271760225898,0.07717409410093844,0.07718514435916332,0.07719586899819926,0.07720626875359463,0.077216344472744,0.07722609711242874,0.07723552773633376,0.07724463751254199,0.07725342771101566,0.0772618997010474,0.07727005494870169,0.07727789501424166,0.07728542154954135,0.07729263629548647,0.07729954107936561,0.0773061378122538,0.0773124284863906,0.07731841517255451,0.07732410001743666,0.07732948524101668,0.07733457313393839,0.07733936605489392,0.07734386642801332,0.07734807674027726,0.07735199953892571,0.07735563742889885,0.07735899307027398,0.07736206917575475,0.07736486850816476,0.07736739387797291,0.07736964814084991,0.07737163419525583,0.07737335498006781,0.07737481347223772,0.0773760126844956,0.07737695566309712,0.07737764548561628,0.07737808525878652,0.07737827811639292,0.07737822721721767,0.07737793574304094,0.07737740689669942,0.07737664390020448,0.07737564999292323,0.07737442842981886,0.07737298247975809,0.07737131542388498,0.07736943055406285,0.07736733117138275,0.07736502058474151,0.07736250210949291,0.0773597790661653,0.07735685477925236,0.07735373257607504,0.07735041578571467,0.07734690773801611,0.07734321176266505,0.07733933118832934,0.07733526934187264,0.07733102954763742,0.07732661512679417,0.0773220293967567,0.07731727567066153,0.07731235725691035,0.07730727745877317,0.07730203957405056,0.07729664689479263,0.07729110270707473,0.0772854102908201,0.07727957291967531,0.07727359386093335,0.07726747637550044,0.07726122371790387,0.07725483913633775,0.07724832587274513,0.07724168716293253,0.07723492623671234,0.07722804631807252,0.07722105062536802,0.07721394237153008,0.07720672476429843,0.07719940100645402,0.07719197429606924,0.07718444782676384,0.07717682478796262,0.07716910836515266,0.07716130174013681,0.07715340809128127,0.07714543059375176,0.07713737241973768,0.07712923673866004,0.07712102671736218,0.07711274552027472,0.07710439630955811,0.07709598224521995,0.07708750648519996,0.07707897218542564,0.07707038249983118,0.07706174058033959,0.07705304957681258,0.07704431263695184,0.07703553290616184,0.07702671352736785,0.07701785764078764,0.07700896838366289,0.07700004888993026,0.07699110228985134,0.07698213170959217,0.076973140270751,0.07696413108983437,0.07695510727768139,0.07694607193883554,0.07693702817086404,0.07692797906362442,0.07691892769847895,0.07690987714745844,0.07690083047236974,0.07689179072385423,0.0768827609403971,0.07687374414728568,0.07686474335551916,0.07685576156066977,0.07684680174169964,0.07683786685972803,0.076828959856671,0.07682008365218361,0.07681124114511398,0.07680243521102274,0.07679366870038024,0.0767849444384865,0.0767762652219164,0.0767676338173888,0.0767590529602448,0.07675052535279389,0.07674205366261336,0.07673364052082327,0.07672528852034621,0.07671700021415771,0.07670877811353144,0.07670062468628565,0.0766925423550279,0.0766845334954088,0.07667660043438772,0.07666874544851122,0.07666097076220925,0.07665327854610982,0.07664567091537797,0.07663814992808807,0.07663071758361448,0.07662337582106005,0.07661612651771978,0.07660897148757956,0.07660191247986202,0.07659495117760225,0.07658808919627719,0.076581328082481,0.07657466931264928,0.07656811429183447,0.0765616643525348,0.07655532075357868,0.07654908467906661,0.07654295723737191,0.07653693946020254,0.07653103230172736,0.07652523663776209,0.07651955326502245,0.07651398290044645,0.07650852618058371,0.07650318366105474,0.07649795581607956,0.0764928430380801,0.07648784563735454,0.07648296384182306,0.0764781977968514,0.07647354756514708,0.07646901312673042,0.07646459437898721,0.07646029113678644,0.07645610313268196,0.07645203001718992,0.07644807135914171,0.07644422664611293,0.07644049528492836,0.07643687660224205,0.07643336984519229,0.07642997418213074,0.07642668870342466,0.07642351242233315,0.07642044427595082,0.07641748312622211,0.07641462776102667,0.07641187689532976,0.0764092291723863,0.07640668316490558,0.07640423737569083,0.07640189024074127,0.07639964012978641,0.07639748534765384,0.07639542413584015,0.07639345467408941,0.07639157508205724,0.0763897834209826,0.07638807769540236,0.07638645585490172,0.07638491579590004,0.07638345536347009,0.07638207235318875,0.0763807645130159,0.07637952954519865,0.07637836510819837,0.07637726881863675,0.07637623825326027,0.07637527095091379,0.07637436441452515,0.07637351611309927,0.0763727234837143,0.07637198393351924,0.07637129484172714,0.07637065356160322,0.07637005742244873,0.07636950373156773,0.07636898977622092,0.07636851282559129,0.07636807013268111,0.07636765893622369,0.07636727646255821,0.076366919927489,0.07636658653811788,0.07636627349464992,0.07636597799217172,0.07636569722240175,0.07636542837541241,0.07636516864132283,0.07636491521196315,0.07636466528250956,0.0763644160530916,0.07636416473037001,0.07636390852908712,0.07636364467359451,0.0763633703993446,0.07636308295437168,0.0763627796007422,0.07636245761597989,0.07636211429447949,0.07636174694889533,0.07636135291151049,0.07636092953559824,0.07636047419676208,0.07635998429427016,0.07635945725236808,0.07635889052159014,0.07635828158006132,0.07635762793479177,0.07635692712296618,0.07635617671322839,0.07635537430696306,0.07635451753957452,0.07635360408176416,0.07635263164080636,0.07635159796182532,0.07635050082906801,0.07634933806717667,0.07634810754246163,0.07634680716417905,0.07634543488579727,0.07634398870626713,0.07634246667128633,0.07634086687456412,0.07633918745907803,0.07633742661832033,0.07633558259754757,0.07633365369501184,0.07633163826318973,0.07632953470998678,0.07632734149993778,0.07632505715538915,0.07632268025766362,0.0763202094482054,0.07631764342970417,0.07631498096719574,0.07631222088913783,0.07630936208845898,0.07630640352357858,0.07630334421939813,0.07630018326825692,0.0762969198308535,0.07629355313713435,0.07629008248714562,0.07628650725184385,0.07628282687386552,0.07627904086826154,0.07627514882318057,0.07627115040051198,0.07626704533648171,0.07626283344220526,0.07625851460418845,0.07625408878478604,0.07624955602259914,0.07624491643283088,0.07624017020758853,0.0762353176161328,0.07623035900507344,0.0762252947985107,0.07622012549812147,0.07621485168318948,0.07620947401057847,0.0762039932146478,0.0761984101071107,0.07619272557683042,0.0761869405895552,0.07618105618759556,0.07617507348943806,0.07616899368929589,0.07616281805659444,0.07615654793539409,0.07615018474374517,0.07614372997297181,0.07613718518687138,0.07613055202093463,0.07612383218137352,0.07611702744414603,0.07611013965389256,0.07610317072280812,0.07609612262943984,0.07608899741741133,0.07608179719407379,0.0760745241290837,0.07606718045290715,0.07605976845525027,0.07605229048341641,0.07604474894058993,0.07603714628404838,0.07602948502329991,0.07602176771814759,0.07601399697668686,0.07600617545323098,0.07599830584616814,0.0759903908957497,0.07598243338181429,0.0759744361214463,0.07596640196657005,0.0759583338014858,0.07595023454034586,0.075942107124573,0.07593395452023079,0.07592577971533043,0.07591758571709895,0.07590937554919935,0.07590115224890794,0.07589291886425249,0.07588467845111475,0.07587643407030104,0.07586818878458441,0.07585994565572328,0.07585170774145962,0.07584347809250351,0.07583525974950449,0.07582705574001529,0.07581886907545847,0.07581070274809633,0.07580255972800899,0.07579444296008739,0.07578635536104775,0.07577829981647241,0.07577027917788096,0.07576229625984161,0.07575435383712738,0.07574645464192081,0.07573860136108203,0.07573079663346866,0.07572304304733624,0.07571534313781277,0.07570769938445683,0.07570011420890577,0.07569258997262099,0.07568512897473649,0.07567773345001766,0.07567040556693642,0.07566314742586927,0.0756559610574256,0.07564884842090924,0.07564181140291902,0.07563485181610044,0.07562797139804699,0.07562117181035981,0.07561445463786762,0.07560782138801513,0.07560127349042149,0.07559481229661147,0.07558843907992777,0.0755821550356223,0.07557596128113082,0.07556985885653841,0.07556384872522083,0.0755579317746844,0.0755521088175927,0.07554638059298256,0.07554074776766924,0.07553521093784006,0.07552977063083503,0.0755244273071125,0.07551918136239759,0.07551403313001022,0.0755089828833704,0.07550403083867405,0.07549917715773383,0.07549442195098728,0.07548976528065907,0.0754852071640751,0.07548074757711903,0.07547638645782732,0.07547212371011333,0.07546795920761083,0.07546389279763349,0.07545992430523701,0.07545605353737567,0.07545228028714981,0.07544860433811713,0.07544502546868011,0.07544154345652566,0.07543815808310948,0.07543486913817406,0.07543167642428965,0.07542857976140688,0.07542557899140974,0.07542267398265781,0.07541986463450599,0.07541715088179181,0.07541453269927594,0.07541201010602377,0.0754095831697239,0.07540725201092544,0.07540501680718609,0.0754028777971175,0.07540083528432173,0.07539888964120348,0.07539704131264935,0.07539529081956647,0.07539363876226891,0.0753920858237014,0.07539063277249757,0.07538928046584843,0.07538802985219349,0.07538688197371413,0.07538583796862484,0.07538489907325525,0.07538406662391657,0.07538334205854667,0.0753827269181284,0.075382222847876,0.07538183159818566,0.0753815550253468,0.07538139509200933,0.07538135386740187,0.07538143352730625,0.07538163635378219,0.07538196473463898,0.07538242116265613,0.07538300823455485,0.07538372864971724,0.07538458520865579,0.0753855808112356,0.07538671845465313,0.07538800123116994,0.07538943232561192,0.07539101501262377,0.07539275265370134,0.07539464869399579,0.07539670665889718,0.07539893015040341,0.07540132284328095,0.07540388848102422,0.07540663087162044,0.0754095538831279,0.07541266143907537,0.07541595751369193,0.07541944612697406,0.07542313133959765,0.07542701724769198,0.07543110797747135,0.0754354076797523,0.07543992052435058,0.07544465069437321,0.07544960238042188,0.0754547797747076,0.075460187065097,0.07546582842909452,0.07547170802777371,0.07547782999967262,0.0754841984546493,0.07549081746772869,0.07549769107293909,0.07550482325715185,0.07551221795393512,0.07551987903743221,0.07552781031627534,0.07553601552754484,0.07554449833078436,0.07555326230208187,0.07556231092822759,0.07557164760095636,0.0755812756112814,0.07559119814393765,0.0756014182719351,0.07561193895123511,0.07562276301555337,0.0756338931713075,0.075645331992702,0.07565708191696983,0.07566914523977242,0.0756815241107689,0.07569422052935466,0.07570723634058338,0.07572057323126244,0.07573423272624748,0.07574821618492769,0.07576252479790928,0.07577715958390108,0.07579212138680597,0.07580741087302119,0.07582302852895027,0.0758389746587291,0.07585524938216802,0.0758718526329124,0.0758887841568218,0.07590604351056449,0.07592363006043855,0.07594154298140969,0.07595978125637119,0.07597834367562105,0.07599722883655974,0.07601643514360416,0.07603596080831561,0.07605580384974459,0.07607596209498452,0.0760964331799347,0.07611721455027298,0.07613830346262128,0.0761596969859203,0.07618139200299709,0.07620338521232455,0.0762256731299692,0.07624825209172235,0.07627111825541065,0.07629426760338112,0.07631769594515578,0.07634139892025096,0.07636537200115678,0.07638961049647063,0.07641410955417477,0.07643886416506328,0.07646386916630331,0.07648911924512958,0.07651460894266285,0.07654033265784993,0.07656628465151719,0.07659245905052997,0.07661884985205723,0.07664545092792938,0.07667225602908637,0.07669925879011252,0.0767264527338392,0.07675383127602821,0.07678138773011738,0.07680911531202539,0.07683700714500985,0.07686505626457243,0.07689325562340565,0.0769215980963749,0.0769500764855305,0.0769786835251436,0.0770074118867614,0.07703625418427532,0.07706520297899183,0.0770942507847119,0.07712339007280454,0.0771526132772733,0.07718191279980698,0.07721128101481724,0.07724071027444807,0.07727019291355874,0.07729972125467746,0.07732928761291796,0.07735888430085175,0.07738850363334063,0.07741813793231178,0.07744777953148808,0.07747742078105926,0.07750705405229256,0.07753667174207995,0.07756626627741825,0.07759583011981905,0.07762535576964545,0.07765483577037256,0.07768426271276903,0.07771362923899781,0.07774292804663296,0.07777215189258511,0.07780129359694567,0.07783034604673354,0.07785930219955554,0.07788815508716729,0.07791689781894051,0.07794552358523178,0.07797402566064997,0.07800239740722668,0.07803063227748203,0.07805872381738843,0.07808666566923293,0.07811445157436633,0.07814207537585564,0.07816953102102746,0.07819681256390483,0.07822391416753721,0.07825083010622315,0.07827755476762559,0.07830408265477971,0.07833040838799346,0.07835652670664056,0.07838243247084728,0.07840812066307276,0.07843358638957867,0.07845882488179844,0.0784838314975995,0.07850860172244137,0.0785331311704301,0.07855741558526716,0.07858145084110206,0.07860523294327872,0.07862875802898202,0.07865202236779475,0.07867502236214531,0.0786977545476668,0.07872021559345377,0.07874240230223306,0.0787643116104401,0.07878594058820496,0.07880728643924947,0.07882834650069749,0.0788491182427996,0.07886959926857416,0.07888978731336652,0.07890968024432814,0.07892927605981821,0.07894857288872968,0.07896756898973474,0.07898626275046583,0.07900465268662196,0.07902273744100917,0.0790405157825123,0.07905798660500406,0.07907514892619226,0.0790920018864041,0.07910854474731623,0.07912477689062662,0.07914069781667336,0.0791563071430037,0.07917160460288614,0.07918659004378338,0.07920126342577724,0.07921562481995065,0.0792296744067285,0.07924341247417985,0.0792568394162835,0.07926995573115879,0.07928276201926407,0.07929525898156481,0.07930744741767358,0.0793193282239653,0.07933090239166109,0.07934217100489774,0.07935313523877395,0.07936379635737892,0.07937415571180309,0.0793842147381358,0.07939397495545,0.07940343796377412,0.0794126054420578,0.0794214791461282,0.07943006090664148,0.07943835262703157,0.07944635628144961,0.07945407391271052,0.07946150763023714,0.079468659608007,0.07947553208250224,0.07948212735066465,0.07948844776785687,0.07949449574583087,0.07950027375070533,0.07950578430095254,0.07951102996539647,0.0795160133612241,0.07952073715200217,0.0795252040457156,0.07952941679281607,0.07953337818428742,0.07953709104972428,0.07954055825542831,0.0795437827025201,0.07954676732506556,0.07954951508822268,0.07955202898640217,0.07955431204144629,0.0795563673008252,0.07955819783584396,0.07955980673987284,0.07956119712659132,0.07956237212824764,0.07956333489393337,0.0795640885878729,0.07956463638772665,0.07956498148290775,0.07956512707291136,0.07956507636565585,0.07956483257583533,0.07956439892328347,0.0795637786313419,0.07956297492524357,0.07956199103049774,0.07956083017128784,0.07955949556887314,0.07955799043998878,0.07955631799526271,0.07955448143762645,0.07955248396073164,0.07955032874736967,0.07954801896789183,0.07954555777863127,0.07954294832032013,0.07954019371651341,0.07953729707201025,0.07953426147127486,0.07953108997685696,0.07952778562781174,0.07952435143811977,0.07952079039510679,0.07951710545786399,0.07951329955566946,0.0795093755864116,0.07950533641501709,0.07950118487187473,0.0794969237512727,0.07949255580983765,0.07948808376498356,0.07948351029336737,0.07947883802935736,0.07947406956351337,0.07946920744107996,0.0794642541604999,0.07945921217194328,0.07945408387585999,0.07944887162155555,0.0794435777057884,0.07943820437140237,0.07943275380598805,0.07942722814057857,0.07942162944838216,0.07941595974355449,0.0794102209800137,0.07940441505030083,0.07939854378448842,0.07939260894914069,0.07938661224632748,0.07938055531269758,0.07937443971860327,0.07936826696729622,0.079362038494184,0.07935575566615634,0.07934941978097916,0.07934303206676267,0.07933659368150371,0.07933010571270281,0.07932356917706347,0.07931698502026932,0.07931035411684517,0.07930367727010149,0.07929695521215978,0.07929018860407037,0.07928337803601529,0.07927652402759931,0.07926962702822993,0.07926268741758667,0.07925570550617965,0.07924868153599807,0.07924161568124787,0.07923450804917871,0.07922735868099953,0.07922016755288455,0.0792129345770577,0.07920565960297216,0.07919834241857034,0.0791909827516295,0.07918358027118677,0.07917613458904661,0.07916864526136556,0.07916111179031207,0.07915353362580406,0.07914591016731619,0.07913824076575916,0.07913052472542598,0.07912276130600049,0.07911494972463474,0.0791070891580851,0.07909917874490693,0.0790912175877056,0.07908320475544102,0.07907513928578366,0.07906702018751952,0.07905884644300176,0.07905061701064649,0.07904233082747085,0.07903398681167352,0.0790255838652436,0.07901712087661454,0.07900859672334722,0.07900001027484604,0.07899136039510206,0.07898264594546561,0.07897386578744334,0.07896501878551669,0.07895610380998613,0.0789471197398314,0.07893806546559252,0.07892893989226511,0.07891974194220754,0.07891047055806565,0.07890112470570655,0.07889170337716138,0.07888220559357552,0.07887263040816424,0.07886297690917206,0.07885324422283388,0.07884343151633581,0.07883353800077383,0.07882356293410817,0.07881350562411425,0.07880336543131533,0.07879314177191396,0.07878283412070566,0.07877244201397846,0.07876196505239035,0.07875140290379441,0.0787407553061332,0.07873002207021919,0.07871920308250684,0.07870829830783706,0.0786973077921336,0.07868623166506929,0.07867507014268332,0.07866382352995473,0.07865249222332271,0.07864107671315158,0.07862957758613696
10.25,1.0039237801060088,1.0078511014351401,1.0117829824798943,1.0157203426861519,1.0196640207848824,1.0236147904896213,1.0275733738431558,1.0315404524718852,1.035516676983227,1.0395026747200204,1.0434990560661048,1.047506419478982,1.0515253554086377,1.0555564492460858,1.0596002834309692,1.0636574388344968,1.067728495521952,1.0718140329881019,1.0759146299488116,1.0800308637630194,1.0841633095509235,1.0883125390666852,1.0924791193770587,1.0966636113911776,1.1008665682810863,1.1050885338275493,1.1093300407211006,1.1135916088441864,1.1178737435565935,1.1221769340030319,1.1265016514588353,1.1308483477271083,1.1352174535983806,1.139609377381657,1.1440245035140537,1.1484631912546412,1.1529257734664236,1.1574125554896686,1.161923814108345,1.166459796610638,1.171020719943739,1.1756067699624213,1.1802181007703374,1.184854834152513,1.1895170590970956,1.1942048314041103,1.1989181733786902,1.2036570736060592,1.2084214868053686,1.213211333759384,1.2180265013169154,1.2228668424648463,1.227732176466567,1.2326222890636591,1.2375369327376151,1.2424758270284506,1.2474386589074893,1.252425083200569,1.25743472305912,1.2624671704780825,1.2675219868506975,1.2725987035668789,1.2776968226473862,1.2828158174117315,1.2879551331774237,1.2931141879881107,1.2982923733682252,1.303489055101807,1.3087035740332593,1.313935246887862,1.3191833671099518,1.3244472057167505,1.329726012165894,1.335019015234791,1.340325423910006,1.3456444282849402,1.3509752004641231,1.3563168954725613,1.3616686521685362,1.3670295941584114,1.3723988307120742,1.3777754576774497,1.383158558393022,1.3885472045969713,1.393940457331726,1.3993373678427632,1.4047369784705446,1.4101383235345077,1.4155404302080798,1.420942319383727,1.426343006527089,1.4317415025192899,1.4371368144865497,1.4425279466162744,1.447913900958828,1.4532936782142298,1.458666278503061,1.4640307021208934,1.469385950275597,1.4747310258069146,1.4800649338877254,1.4853866827064528,1.4906952841301149,1.4959897543475384,1.5012691144922983,1.5065323912449766,1.511778617414366,1.51700683249728,1.5222160832166625,1.5274054240377195,1.532573917661835,1.5377206354980604,1.5428446581120012,1.5479450756519504,1.5530209882521644,1.5580715064131874,1.563095751359181,1.568092855372236,1.5730619621036794,1.5780022268624083,1.5829128168803355,1.5877929115550284,1.5926417026696915,1.5974583945906264,1.6022422044423785,1.6069923622607647,1.6117081111240357,1.6163887072624308,1.6210334201464371,1.6256415325540412,1.63021234061735,1.634745153848932,1.6392392951482757,1.6436941007887842,1.6481089203857362,1.652483116845683,1.656816066297643,1.6611071580069534,1.6653557942718609,1.6695613903035962,1.6737233740909527,1.6778411862486364,1.6819142798511462,1.6859421202525122,1.689924184892365,1.6938599630890878,1.69774895582059,1.701590675493353,1.7053846457004005,1.7091304009688733,1.712827486497825,1.7164754578869508,1.7200738808569171,1.7236223309619723,1.7271203932955352,1.7305676621894621,1.7339637409076925,1.737308241334972,1.7406007836613766,1.7438409960633343,1.7470285143818645,1.7501629817987396,1.7532440485112863,1.7562713714065201,1.7592446137353226,1.7621634447873544,1.765027539567392,1.7678365784737702,1.7705902469795962,1.7732882353174009,1.7759302381678679,1.7785159543532818,1.7810450865363134,1.7835173409247418,1.7859324269827064,1.7882900571490596,1.790589946563369,1.7928318128000977,1.7950153756114877,1.7971403566796234,1.7992064793781501,1.8012134685440973,1.803161050260224,1.8050489516482913,1.8068769006736345,1.8086446259613855,1.8103518566246768,1.8119983221051172,1.813583752025829,1.815107876057281,1.816570423796151,1.8179711246574026,1.8193097077796871,1.820585901943952,1.8217994355069653,1.8229500363473732,1.8240374318257864,1.8250613487567051,1.8260215133945354,1.8269176514307532,1.8277494880490226,1.8285167479179854,1.8292191552345887,1.8298564337832675,1.8304283070072473,1.830934498091182,1.83137473005595,1.8317487258651042,1.8320562085429466,1.8322969013037427,1.8324705276915085,1.832576811730086,1.8326154780830166,1.8325862522228256,1.8324888606093719,1.8323230308769343,1.832088492029714,1.831784974645501,1.8314122110872266,1.830969935722188,1.8304578851487316,1.8298757984301872,1.8292234173358786,1.828500486589029,1.827706754121385,1.8268419713343809,1.825905893366677,1.8248982793678705,1.8238188927781973,1.8226675016140081,1.821443878758802,1.8201478022595805,1.818779055628254,1.8173374281478412,1.8158227151831488,1.814234718495625,1.8125732465620394,1.8108381148966362,1.8090291463763726,1.8071461715688468,1.8051890290624897,1.8031575657985814,1.8010516374046364,1.7988711085286764,1.7966158531739165,1.7942857550333435,1.7918807078236874,1.7894006156182556,1.7868453931781039,1.7842149662809939,1.7815092720476138,1.7787282592645004,1.775871888703126,1.772940133434605,1.7699329791394836,1.7668504244120615,1.7636924810587407,1.760459174389856,1.7571505435044907,1.753766641567776,1.7503075360801763,1.746773309138306,1.7431640576867997,1.7394798937608107,1.7357209447187023,1.731887353464537,1.7279792786599677,1.723996894925174,1.719940393028494,1.7158099800644304,1.7116058796197278,1.7073283319272463,1.7029775940073735,1.6985539397967369,1.6940576602640176,1.6894890635126703,1.684848474870388,1.6801362369651736,1.6753527097879022,1.670498270741274,1.665573314675094,1.6605782539078249,1.6555135182343874,1.6503795549202032,1.645176828681493,1.6399058216518736,1.6345670333353002,1.6291609805454375,1.6236881973315547,1.6181492348910513,1.612544661468754,1.606875062243122,1.6011410391995406,1.5953432109908636,1.5894822127854216,1.5835586961026846,1.577573328636823,1.5715267940683857,1.565419791864356,1.5592530370668347,1.5530272600706343,1.546743206390049,1.5404016364151056,1.5340033251575853,1.527549061987123,1.5210396503577033,1.5144759075248682,1.5078586642539658,1.501188764519775,1.494467065197833,1.4876944357478166,1.4808717578893185,1.4739999252703617,1.4670798431290075,1.4601124279484035,1.4530986071056262,1.4460393185146772,1.4389355102639747,1.431788140248706,1.4245981757983843,1.4173665932999733,1.4100943778169182,1.4027825227044413,1.3954320292214415,1.3880439061393492,1.3806191693482692,1.3731588414607576,1.3656639514135613,1.3581355340676542,1.3505746298068944,1.3429822841356227,1.335359547275523,1.327707473762057,1.3200271220407762,1.3123195540638157,1.3045858348868686,1.2968270322669275,1.2890442162610831,1.281238458826651,1.2734108334229068,1.2655624146146964,1.257694277678174,1.2498074982089284,1.2419031517327441,1.233982313319234,1.2260460571985834,1.2180954563816255,1.2101315822834755,1.2021555043509289,1.1941682896938393,1.18617100272067,1.1781647047784107,1.1701504537970504,1.1621293039387792,1.1541023052520947,1.1460705033309768,1.1380349389792885,1.129996647880552,1.1219566602732467,1.1139160006317668,1.1058756873531648,1.097836732449808,1.0898001412480656,1.0817669120931315,1.0737380360600932,1.0657144966713388,1.057697269620393,1.0496873225022714,1.0416856145504234,1.03369309638034,1.0257107097398916,1.0177393872664542,1.0097800522508769,1.0018336184083376,0.9939009896561293,0.9859830598984155,0.9780807128179789,0.9701948216749923,0.96232624911283,0.9544758469709331,0.9466444561047369,0.9388329062126661,0.9310420156701932,0.9232725913709552,0.9155254285749199,0.9078013107635832,0.9001010095021751,0.8924252843088567,0.8847748825308673,0.8771505392276036,0.8695529770605812,0.861982906190241,0.8544410241795567,0.8469280159043935,0.8394445534705631,0.831991296137522,0.8245688902486512,0.8171779691680562,0.809819153223819,0.8024930496576372,0.7952002525807718,0.7879413429362356,0.7807168884671397,0.7735274436911206,0.7663735498807637,0.7592557350499405,0.7521745139459679,0.7451303880475071,0.7381238455681037,0.7311553614652808,0.7242253974550876,0.7173344020320073,0.7104828104941258,0.7036710449734628,0.6968995144713606,0.6901686148988327,0.6834787291217658,0.6768302270108691,0.6702234654962715,0.6636587886266501,0.6571365276327935,0.6506570009954831,0.6442205145175895,0.6378273614002732,0.6314778223231778,0.6251721655285096,0.6189106469088914,0.612693510098879,0.6065209865700336,0.6003932957294368,0.5943106450215382,0.5882732300332277,0.5822812346020196,0.5763348309272408,0.570434179684113,0.5645794301406128,0.5587707202769586,0.5530081769079016,0.5472919158071562,0.5416220418343366,0.5359986490641319,0.5304218209176091,0.5248916302955435,0.5194081397136684,0.5139714014397435,0.5085814576323349,0.503238340481208,0.4979420723492329,0.49269266591570154,0.4874901243209635,0.4823344413122825,0.4772256013908227,0.47216357995967384,0.46714834347282225,0.46217984958498287,0.45725804730220615,0.45238287713317316,0.4475542712410982,0.44277215359615507,0.4380364401283468,0.4333470388807457,0.42870385016301815,0.42410676670516323,0.4195556738113941,0.415050449514081,0.41059096472769285,0.40617708340266145,0.40180866267910215,0.3974855530403244,0.3932075984660631,0.38897463658536896,0.3847864988290931,0.38064301058190503,0.37654399133378197,0.37248925483091094,0.3684786092259466,0.3645118572275676,0.3605887962492758,0.3567092185573851,0.3528729114181496,0.3490796572439778,0.34532923373868535,0.34162141404173674,0.3379559668714309,0.33433265666698686,0.3307512437294825,0.3272114843616074,0.323713131006189,0.3202559323834521,0.3168396336269746,0.3134639764183044,0.310128699120201,0.3068335369084706,0.30357822190236183,0.3003624832934931,0.29718604747328364,0.2940486381588586,0.29094997651740534,0.2878897812889544,0.28486776890756443,0.28188365362088885,0.2789371476081034,0.27602796109617683,0.27315580247446936,0.2703203784076402,0.2675213939468524,0.26475855263925907,0.2620315566357621,0.2593401067970311,0.2566839027977741,0.2540626432292512,0.25147602570002603,0.24892374693494726,0.24640550287235793,0.24392098875952828,0.24146989924630924,0.239051928477007,0.23666677018047724,0.2343141177584416,0.2319936643720277,0.22970510302653507,0.22744812665443231,0.22522242819658864,0.22302770068174793,0.22086363730424918,0.218729931500003,0.2166262770207311,0.21455236800647787,0.2125078990564048,0.21049256529787447,0.20850606245384723,0.20654808690858156,0.2046183357716611,0.20271650694036597,0.20084229916039228,0.19899541208492946,0.19717554633212583,0.1953824035409371,0.1936156864253859,0.19187509882723805,0.1901603457671204,0.18847113349409103,0.18680716953368187,0.18516816273443015,0.1835538233129175,0.18196386289733485,0.1803979945695928,0.17885593290599677,0.17733739401650683,0.17584209558260136,0.17436975689376508,0.1729200988826243,0.17149284415874688,0.17008771704112982,0.16870444358939368,0.16734275163370607,0.16600237080345492,0.16468303255469202,0.16338447019636643,0.16210641891537472,0.16084861580043733,0.159610799864832,0.15839271206800198,0.1571940953360548,0.1560146945811777,0.1548542567199858,0.15371253069082502,0.15258926747004822,0.15148422008728418,0.15039714363971904,0.1493277953054092,0.14827593435564432,0.14724132216637997,0.1462237222287572,0.14522290015872716,0.14423862370580173,0.14327066276094452,0.14231878936362363,0.14138277770803864,0.14046240414854405,0.13955744720428423,0.13866768756305617,0.13779290808441702,0.13693289380205576,0.1360874319254393,0.13525631184075476,0.1344393251111622,0.13363626547637134,0.13284692885156088,0.13207111332565338,0.13130861915896302,0.13055924878023006,0.1298228067830568,0.1290990999217601,0.12838793710665536,0.12768912939878546,0.1270024900041102,0.126327834267169,0.12566497966423165,0.12501374579595137,0.12437395437953484,0.12374542924043662,0.12312799630360319,0.12252148358426995,0.12192572117832674,0.12134054125226981,0.12076577803274757,0.12020126779571642,0.11964684885521927,0.11910236155179857,0.11856764824055863,0.11804255327888773,0.11752692301385488,0.11702060576929157,0.11652345183257365,0.11603531344111433,0.11555604476858092,0.11508550191084754,0.11462354287169661,0.11417002754828075,0.11372481771635819,0.11328777701531208,0.11285877093296616,0.11243766679021086,0.11202433372544902,0.11161864267887439,0.11122046637659318,0.11082967931460105,0.11044615774262963,0.11006977964786685,0.1097004247385689,0.10933797442757374,0.10898231181572308,0.10863332167520783,0.10829089043284781,0.10795490615331127,0.10762525852229028,0.10730183882963859,0.10698453995248401,0.10667325633832354,0.1063678839881116,0.10606832043935062,0.10577446474919303,0.10548621747756375,0.10520348067031238,0.10492615784240193,0.10465415396114373,0.10438737542948677,0.10412573006936839,0.10386912710513553,0.10361747714703994,0.10337069217481656,0.10312868552135843,0.10289137185647813,0.10265866717077785,0.10243048875962664,0.10220675520725139,0.1019873863709461,0.10177230336540703,0.10156142854719373,0.10135468549932486,0.10115199901600976,0.10095329508752128,0.10075850088521192,0.10056754474667717,0.10038035616106848,0.10019686575455804,0.10001700527595819,0.09984070758249688,0.09966790662575015,0.09949853743773353,0.09933253611715373,0.09916983981582071,0.09901038672521982,0.09885411606324579,0.09870096806109646,0.09855088395032877,0.09840380595007175,0.09825967725439991,0.09811844201986349,0.09798004535317541,0.09784443329905189,0.09771155282820683,0.09758135182549554,0.0974537790782078,0.09732878426450577,0.0972063179420064,0.09708633153650399,0.09696877733083042,0.09685360845385005,0.09674077886958608,0.09663024336647501,0.09652195754674642,0.09641587781592337,0.09631196137243947,0.09621016619737209,0.0961104510442848,0.09601277542917676,0.09591709962053444,0.09582338462948253,0.0957315922000302,0.09564168479940834,0.09555362560849429,0.09546737851232046,0.09538290809066274,0.09530017960870447,0.09521915900777446,0.09513981289615168,0.09506210853993675,0.09498601385398381,0.09491149739289226,0.09483852834205286,0.0947670765087458,0.09469711231328772,0.09462860678022428,0.09456153152956591,0.0944958587680644,0.09443156128052621,0.09436861242116064,0.09430698610496259,0.09424665679912536,0.09418759951448269,0.09412978979697731,0.09407320371915542,0.09401781787168537,0.09396360935489836,0.09391055577035086,0.09385863521240828,0.09380782625984735,0.0937581079674777,0.09370945985778333,0.09366186191258065,0.0936152945646961,0.09356973868966056,0.0935251755974238,0.09348158702408708,0.09343895512365524,0.09339726245980892,0.09335649199769752,0.09331662709575436,0.09327765149753503,0.09323954932357988,0.09320230506330097,0.09316590356689855,0.09313033003730542,0.09309557002216266,0.0930616094058274,0.09302843440141577,0.09299603154288283,0.09296438767714155,0.09293348995622297,0.0929033258294807,0.09287388303584151,0.0928451495961042,0.09281711380529194,0.09278976422505615,0.09276308967613901,0.09273707923089435,0.09271172220587234,0.09268700815446898,0.09266292685964352,0.09263946832670722,0.09261662277618588,0.09259438063675901,0.0925727325382794,0.09255166930487445,0.09253118194813197,0.09251126166037618,0.09249189980803378,0.09247308792509397,0.09245481770666478,0.09243708100262896,0.09241986981140092,0.09240317627378948,0.09238699266696612,0.09237131139854345,0.09235612500076526,0.09234142612480987,0.09232720753521198,0.0923134621043998,0.0923001828073548,0.09228736271639258,0.09227499499606914,0.09226307289821288,0.09225158975708421,0.0922405389846646,0.09222991406607635,0.09221970855513455,0.09220991607003287,0.09220053028916339,0.09219154494707094,0.0921829538305459,0.09217475077485353,0.09216692966010147,0.09215948440774525,0.09215240897723107,0.09214569736278691,0.09213934359033994,0.09213334171458315,0.09212768581617485,0.0921223699990854,0.09211738838807744,0.09211273512632746,0.09210840437318445,0.09210439030206712,0.0921006870984972,0.09209728895826999,0.09209419008575988,0.09209138469235971,0.09208886699505345,0.09208663121512033,0.09208467157696915,0.09208298230710203,0.09208155763320466,0.09208039178336054,0.09207947898539139,0.09207881346631777,0.0920783894519398,0.09207820116653484,0.0920782428326696,0.09207850867112992,0.09207899290095418,0.09207968973957892,0.09208059340308913,0.0920816981065715,0.09208299806456716,0.0920844874916227,0.0920861606029343,0.09208801161508413,0.09209003474686413,0.09209222422018622,0.09209457426107416,0.09209707910073422,0.09209973297670172,0.0921025301340595,0.09210546482672576,0.09210853131880754,0.09211172388601599,0.09211503681713885,0.0921184644155704,0.09212200100089145,0.09212564091049856,0.09212937850127605,0.0921332081513086,0.09213712426163508,0.09214112125802977,0.09214519359281716,0.09214933574671308,0.09215354223068715,0.0921578075878443,0.09216212639532416,0.09216649326620875,0.09217090285144097,0.09217534984174688,0.09217982896956013,0.09218433501094396,0.09218886278750776,0.09219340716831503,0.09219796307177915,0.09220252546754383,0.09220708937834568,0.09221164988185462,0.09221620211248871,0.0922207412632033,0.09222526258724904,0.092229761399897,0.09223423308012711,0.09223867307227884,0.09224307688766087,0.09224744010611684,0.09225175837754497,0.09225602742337219,0.09226024303797456,0.0922644010900473,0.09226849752392212,0.09227252836082615,0.09227648970008515,0.09228037772026663,0.09228418868026353,0.09228791892031557,0.09229156486296793,0.09229512301396553,0.09229858996308264,0.09230196238488637,0.09230523703943412,0.09230841077290361,0.0923114805181538,0.09231444329522007,0.09231729621174029,0.09232003646331274,0.09232266133378532,0.09232516819547641,0.09232755450932968,0.09232981782499847,0.09233195578086502,0.09233396610399079,0.09233584661000425,0.09233759520292038,0.09233920987489835,0.09234068870593327,0.09234202986348705,0.09234323160205717,0.09234429226268646,0.09234521027241371,0.0923459841436669,0.09234661247360065,0.09234709394337906,0.09234742731740608,0.09234761144250483,0.09234764524704717,0.09234752774003416,0.0923472580101329,0.09234683522466804,0.09234625862857165,0.09234552754329203,0.09234464136566438,0.09234359956674543,0.092342401690613,0.09234104735313338,0.09233953624069802,0.09233786810893196,0.092336042781375,0.09233406014814019,0.09233192016454717,0.09232962284973667,0.0923271682852653,0.09232455661368472,0.09232178803710565,0.092318862815749,0.0923157812664859,0.09231254376136867,0.0923091507261542,0.09230560263882229,0.0923019000280895,0.09229804347191932,0.09229403359603408,0.09228987107242648,0.0922855566178739,0.09228109099245617,0.09227647499807783,0.09227170947700102,0.09226679531038032,0.09226173341680975,0.09225652475088186,0.09225117030175448,0.09224567109173187,0.09224002817485995,0.09223424263553454,0.09222831558712556,0.09222224817061676,0.09221604155326303,0.09220969692726501,0.0922032155084618,0.09219659853504253,0.09218984726627717,0.09218296298126728,0.09217594697771724,0.0921688005707259,0.09216152509159778,0.09215412188667767,0.09214659231620571,0.09213893775319484,0.09213115958232908,0.09212325919888374,0.09211523800767102,0.09210709742200267,0.09209883886267833,0.09209046375699415,0.09208197353777563,0.09207336964243072,0.09206465351202665,0.09205582659038708,0.09204689032321205,0.09203784615721892,0.09202869553930619,0.0920194399157381,0.09201008073135081,0.09200061942877993,0.09199105744770893,0.09198139622413881,0.09197163718967875,0.09196178177085744,0.0919518313884533,0.0919417874568477,0.09193165138339732,0.0919214245678273,0.09191110840164407,0.09190070426756772,0.09189021353898774,0.09187963757943422,0.09186897774207092,0.09185823536921126,0.09184741179184927,0.09183650832921368,0.09182552628834156,0.0918144669636722,0.09180333163666071,0.09179212157541193,0.09178083803433519,0.09176948225381973,0.09175805545993035,0.09174655886412421,0.09173499366298846,0.09172336103799894,0.09171166215530083,0.09169989816551036,0.09168807020353673,0.09167617938842827,0.09166422682323956,0.09165221359492141,0.09164014077423249,0.09162800941567326,0.09161582055744602,0.09160357522143321,0.09159127441320034,0.0915789191220271,0.09156651032095378,0.09155404896685619,0.09154153600054396,0.09152897234688129,0.09151635891493191,0.09150369659812765,0.09149098627446123,0.09147822880670238,0.09146542504263787,0.0914525758153348,0.09143968194342758,0.09142674423142791,0.09141376347005827,0.09140074043660794,0.09138767589530998,0.09137457059774268,0.09136142528325039,0.09134824067939094,0.0913350175023969,0.09132175645766127,0.09130845824024307,0.09129512353539106,0.09128175301908797,0.09126834735860728,0.09125490721309583,0.09124143323416643,0.09122792606650988,0.0912143863485189,0.09120081471292792,0.09118721178746515,0.09117357819551777,0.09115991455680783,0.09114622148807845,0.0911324996037894,0.09111874951682035,0.09110497183918154,0.09109116718273057,0.09107733615989391,0.09106347938439008,0.09104959747195789,0.09103569104108489,0.09102176071373617,0.09100780711608134,0.09099383087921963,0.09097983263990142,0.09096581304124465,0.09095177273344512,0.09093771237447981,0.09092363263080144,0.09090953417802271,0.0908954177015915,0.09088128389745123,0.09086713347268947,0.09085296714617098,0.09083878564915636,0.09082458972590321,0.09081038013424961,0.09079615764617821,0.09078192304836082,0.09076767714268148,0.09075342074673794,0.0907391546943202,0.09072487983586308,0.09071059703887643,0.09069630718834874,0.0906820111871242,0.09066770995625233,0.09065340443530957,0.09063909558269233,0.0906247843758804,0.09061047181166992,0.09059615890637661,0.09058184669600688,0.09056753623639711,0.09055322860332259,0.09053892489257113,0.09052462621998524,0.09051033372147015,0.09049604855296932,0.09048177189040547,0.09046750492958763,0.09045324888608382,0.09043900499505947,0.09042477451108141,0.09041055870788735,0.09039635887812131,0.09038217633303201,0.09036801240214004,0.09035386843286887,0.09033974579014284,0.09032564585594982,0.09031157002887079,0.09029751972357582,0.09028349637028676,0.09026950141420656,0.09025553631491635,0.09024160254574039,0.09022770159307801,0.09021383495570671,0.09020000414405129,0.09018621067942402,0.09017245609323454,0.09015874192617106,0.09014506972735252,0.0901314410534528,0.09011785746779749,0.09010432053943394,0.09009083184217549,0.0900773929536208,0.09006400545414889,0.09005067092588877,0.09003739095166878,0.09002416711394345,0.09001100099369967,0.08999789416934263,0.08998484821556323,0.08997186470218778,0.08995894519301088,0.08994609124461225,0.08993330440516051,0.0899205862132019,0.08990793819643711,0.08989536187048931,0.08988285873765942,0.08987043028567476,0.08985807798643,0.08984580329472298,0.08983360764698593,0.08982149246001375,0.08980945912969063,0.08979750902971652,0.0897856435103351,0.08977386389706454,0.08976217148943307,0.08975056755971773,0.0897390533516936,0.08972763007939025,0.08971629892585935,0.08970506104195326,0.08969391754511756,0.08968286951819845,0.08967191800826663,0.0896610640254589,0.08965030854183975,0.08963965249028358,0.08962909676337885,0.0896186422123582,0.08960828964605129,0.08959803982986568,0.08958789348479552,0.08957785128646058,0.08956791386417552,0.08955808180005169,0.0895483556281322,0.08953873583356166,0.0895292228517919,0.08951981706782483,0.08951051881549384,0.08950132837678192,0.08949224598118287,0.0894832718051018,0.0894744059713004,0.08946564854838122,0.08945699955031812,0.08944845893603028,0.08944002660900172,0.08943170241694591,0.08942348615151799,0.08941537754807191,0.0894073762854657,0.0893994819859144,0.08939169421489097,0.0893840124810747,0.0893764362363481,0.08936896487584278,0.08936159773803391,0.08935433410488282,0.08934717320202853,0.08934011419902764,0.0893331562096425,0.08932629829217777,0.08931953944986541,0.0893128786312944,0.08930631473089086,0.08929984658944387,0.08929347299467788,0.08928719268187052,0.08928100433451314,0.08927490658502793,0.08926889801551181,0.08926297715853553,0.08925714249798057,0.089251392469922,0.08924572546354968,0.08924013982213148,0.08923463384401562,0.08922920578367173,0.08922385385277037,0.08921857622129983,0.08921337101871928,0.08920823633514711,0.08920317022258394,0.08919817069616892,0.08919323573546885,0.08918836328579885,0.0891835512595745,0.08917879753769038,0.08917409997093088,0.08916945638140707,0.08916486456402065,0.08916032228795294,0.0891558272981787,0.08915137731700357,0.08914697004562397,0.08914260316570802,0.0891382743409974,0.08913398121892828,0.08912972143226977,0.08912549260078156,0.08912129233288531,0.0891171182273516,0.08911296787500124,0.08910883886041933,0.08910472876368106,0.08910063516208792,0.08909655563191342,0.08909248775015685,0.08908842909630457,0.08908437725409722,0.08908032981330159,0.08907628437148542,0.08907223853579566,0.08906818992473839,0.08906413616995548,0.08906007491800447,0.08905600383213252,0.08905192059404914,0.08904782290569119,0.08904370849098196,0.0890395750975862,0.08903542049864988,0.08903124249453352,0.08902703891453226,0.0890228076185838,0.08901854649895989,0.08901425348194238,0.08900992652948206,0.08900556364083802,0.08900116285419671,0.08899672224826846,0.08899223994386084,0.08898771410542668,0.08898314294258555,0.08897852471161788,0.08897385771692634,0.08896914031246915,0.0889643709031593,0.08895954794622962,0.08895466995256156,0.08894973548797662,0.0889447431744891,0.08893969169151773,0.08893457977705548,0.08892940622879537,0.08892416990521207,0.08891886972659557,0.0889135046760394,0.0889080738003761,0.0889025762110634,0.08889701108501792,0.08889137766539627,0.08888567526232065,0.08887990325354858,0.08887406108508554,0.08886814827173917,0.08886216439761414,0.08885610911654679,0.08884998215247877,0.08884378329976603,0.08883751242342743,0.08883116945932824,0.08882475441429981,0.08881826736619308,0.08881170846386684,0.08880507792710998,0.08879837604649701,0.08879160318317589,0.08878475976859104,0.08877784630413646,0.08877086336074252,0.08876381157839766,0.08875669166559953,0.08874950439874116,0.08874225062143026,0.08873493124374324,0.08872754724141305,0.0887200996549523,0.08871258958871221,0.0887050182098781,0.0886973867474023,0.08868969649087588,0.08868194878934033,0.08867414505003732,0.08866628673710338,0.08865837537020632,0.08865041252312768,0.08864239982228934,0.08863433894522824,0.08862623161902314,0.08861807961866792,0.08860988476540098,0.08860164892498594,0.0885933740059525,0.088585061957793,0.08857671476912023,0.08856833446578692,0.08855992310896901,0.08855148279321567,0.08854301564446837,0.08853452381804977,0.08852600949662567,0.08851747488814159,0.08850892222373653,0.08850035375563588,0.08849177175502582,0.08848317850991158,0.08847457632296042,0.08846596750933367,0.08845735439450898,0.08844873931209392,0.08844012460163525,0.08843151260642455,0.0884229056713011,0.088414306140458,0.08840571635524828,0.08839713865200169,0.0883885753598402,0.08838002879850768,0.08837150127620992,0.08836299508746635,0.08835451251097637,0.0883460558075027,0.088337627217773,0.08832922896040123,0.08832086322983104,0.08831253219430256,0.0883042379938441,0.08829598273829103,0.0882877685053328,0.08827959733859077,0.08827147124572454,0.08826339219657425,0.08825536212133626,0.08824738290877476,0.08823945640447045,0.08823158440910751,0.08822376867680136,0.08821601091346679,0.08820831277522881,0.08820067586687717,0.08819310174036625,0.08818559189336005,0.08817814776782698,0.0881707707486797,0.08816346216246568,0.0881562232761089,0.08814905529570331,0.08814195936535851,0.0881349365660994,0.0881279879148204,0.08812111436329513,0.08811431679724263,0.08810759603545135,0.0881009528289617,0.08809438786030493,0.08808790174280501,0.0880814950199397,0.0880751681647634,0.08806892157939154,0.08806275559454695,0.08805667046917169,0.08805066639009967,0.08804474347179389,0.0880389017561527,0.08803314121237402,0.08802746173688884,0.08802186315336274,0.08801634521275736,0.08801090759346185,0.08800554990148993,0.08800027167074291,0.08799507236333902,0.08798995137000888,0.08798490801055696,0.08797994153438868,0.08797505112110335,0.08797023588115203,0.08796549485656081,0.08796082702171665,0.08795623128421852,0.08795170648579308,0.08794725140326538,0.08794286474960131,0.08793854517500453,0.08793429126807366,0.08793010155702001,0.0879259745109409,0.08792190854115192,0.08791790200257166,0.08791395319516129,0.08791006036541843,0.08790622170791905,0.08790243536690977,0.08789869943794851,0.08789501196959147,0.08789137096512391,0.08788777438433394,0.08788422014532668,0.08788070612637751,0.08787723016782181,0.08787379007397977,0.08787038361511446,0.08786700852941769,0.08786366252502702,0.08786034328206695,0.08785704845471698,0.08785377567329683,0.08785052254637442,0.08784728666288544,0.08784406559427366,0.0878408568966369,0.08783765811288585,0.08783446677491408,0.08783128040576194,0.08782809652178757,0.08782491263483705,0.08782172625440947,0.08781853488981713,0.08781533605233702,0.08781212725735094,0.08780890602647193,0.08780566988965459,0.08780241638728695,0.08779914307226115,0.087795847512021,0.08779252729058391,0.08778918001053372,0.08778580329498442,0.08778239478951086,0.08777895216404404,0.0877754731147304,0.08777195536575207,0.08776839667110328,0.08776479481632775,0.08776114762020863,0.08775745293640894,0.08775370865506804,0.08774991270434349,0.08774606305190118,0.08774215770635167,0.0877381947186284,0.0877341721833097,0.0877300882398814,0.08772594107393815,0.08772172891832239,0.08771745005419962,0.08771310281206827,0.08770868557270323,0.08770419676803128,0.08769963488193899,0.08769499845100664,0.08769028606517415,0.08768549636833357,0.08768062805884774,0.08767567988999454,0.08767065067033528,0.08766553926400687,0.0876603445909361,0.08765506562697484,0.08764970140395804,0.0876442510096784,0.08763871358778126,0.08763308833757856,0.08762737451377803,0.08762157142612838,0.08761567843898135,0.087609694970768,0.08760362049338889,0.0875974545315174,0.0875911966618156,0.08758484651206193,0.0875784037601905,0.08757186813324098,0.0875652394062199,0.0875585174008692,0.0875517019843475,0.08754479306782038,0.08753779060495914,0.08753069459035122,0.08752350505781999,0.08751622207865403,0.08750884575975001,0.08750137624166586,0.08749381369658737,0.0874861583262101,0.08747841035953574,0.08747057005058931,0.08746263767605218,0.08745461353281868,0.08744649793547826,0.08743829121372536,0.08742999370969978,0.08742160577526192,0.08741312776920644,0.08740456005441875,0.08739590299497889,0.08738715695321778,0.08737832228673247,0.08736939934536109,0.0873603884681306,0.08735128998017928,0.08734210418966168,0.08733283138464297,0.08732347182998941,0.08731402576426595,0.08730449339664283,0.08729487490382458,0.08728517042700887,0.087275380068882,0.08726550389066136,0.08725554190919597,0.08724549409412971,0.08723536036513961,0.08722514058926005,0.08721483457830044,0.08720444208636666,0.08719396280749604,0.08718339637341553,0.08717274235143291,0.08716200024247046,0.08715116947925064,0.08714024942464425,0.08712923937018548,0.08711813853476971,0.08710694606353801,0.08709566102695829,0.08708428242011018,0.08707280916218196,0.08706124009618689,0.08704957398890494,0.08703780953105583,0.0870259453377131,0.0870139799489569,0.08700191183077709,0.08698973937622911,0.08697746090684318,0.08696507467429146,0.08695257886231746,0.08693997158892672,0.08692725090884007,0.08691441481621011,0.08690146124759968,0.08688838808522165,0.08687519316043749,0.08686187425751223,0.08684842911762293,0.08683485544311317,0.0868211509019933,0.08680731313267592,0.08679333974895011,0.08677922834517048,0.08676497650166733,0.08675058179036692,0.08673604178060626,0.08672135404514061,0.08670651616632653,0.08669152574247697,0.08667638039437034,0.08666107777190313,0.08664561556087799,0.08662999148990636,0.08661420333741922,0.08659824893876909,0.08658212619340937,0.08656583307213667,0.08654936762438142,0.08653272798553173,0.08651591238427478,0.08649891914994134,0.08648174671983783,0.08646439364654662,0.086446858605185,0.08642914040060247,0.08641123797450478,0.08639315041248315,0.086374876950937,0.08635641698388048,0.08633777006960244,0.08631893593717997,0.0862999144928235,0.08628070582604087,0.08626131021560551,0.08624172813531676,0.08622196025953661,0.08620200746849076,0.08618187085332386,0.0861615517208944,0.08614105159829888,0.08612037223711437,0.08609951561734898,0.08607848395109068,0.0860572796858454,0.08603590550755573,0.0860143643432932,0.08599265936361447,0.08597079398457817,0.08594877186941503,0.08592659692984483,0.08590427332703861,0.08588180547222085,0.08585919802690381,0.08583645590276352,0.08581358426114312,0.08579058851219046,0.08576747431362523,0.08574424756913848,0.0857209144264263,0.08569748127485619,0.08567395474277009,0.08565034169442932,0.08562664922660235,0.08560288466480089,0.08557905555916882,0.08555516968003027,0.08553123501310178,0.08550725975437658,0.0854832523046873,0.08545922126395641,0.08543517542513819,0.08541112376786708,0.08538707545181815,0.08536303980978986,0.08533902634051925,0.08531504470123977,0.08529110469999332,0.08526721628770689,0.08524338955004515,0.08521963469905153,0.0851959620645893,0.08517238208559429,0.08514890530115482,0.08512554234142523,0.08510230391839099,0.08507920081649796,0.08505624388315741,0.08503344401914022,0.0850108121688736,0.08498835931065372,0.0849660964467874,0.08494403459367605,0.08492218477185529,0.08490055799600442,0.08487916526493469,0.08485801755157528,0.08483712579296644,0.08481650088027334,0.08479615364883324,0.0847760948682481,0.08475633523253627,0.0847368853503537,0.0847177557352973,0.0846989567963026,0.08468049882814657,0.08466239200206634,0.08464464635650804,0.08462727178800941,0.08461027804223271,0.08459367470515688,0.08457747119443768,0.08456167675094495,0.0845463004304871,0.08453135109573094,0.08451683740832533,0.08450276782123711,0.08448915057130658,0.08447599367203136,0.08446330490658108,0.0844510918210557,0.08443936171799002,0.08442812165011124,0.08441737841435465,0.0844071385461427,0.08439740831393305,0.0843881937140385,0.08437950046572362,0.08437133400658185,0.084363699488196,0.08435660177208404,0.08435004542593696,0.08434403472014237,0.08433857362460288,0.08433366580584908,0.08432931462444676,0.08432552313269936,0.0843222940726462,0.08431962987435597,0.08431753265451551,0.08431600421531261,0.08431504604361188,0.08431465931042331,0.08431484487065748,0.08431560326317078,0.0843169347110954,0.08431883912245146,0.08432131609103818,0.08432436489760083,0.08432798451127049,0.08433217359127125,0.08433693048889161,0.08434225324971556,0.08434813961610838,0.08435458702995154,0.08436159263562494,0.08436915328322381,0.08437726553201085,0.08438592565409714,0.08439512963834353,0.08440487319447741,0.08441515175741822,0.08442596049180506,0.08443729429671977,0.08444914781059845,0.08446151541632443,0.08447439124649665,0.0844877691888619,0.08450164289190924,0.08451600577061616,0.08453085101233902,0.08454617158284061,0.08456196023244643,0.08457820950232366,0.08459491173087252,0.08461205906022354,0.08462964344283551,0.08464765664817986,0.08466609026950948,0.08468493573070358,0.08470418429317636,0.08472382706284581,0.08474385499715498,0.08476425891213629,0.08478502948951216,0.08480615728382424,0.0848276327295837,0.08484944614843562,0.08487158775632987,0.0848940476706915,0.08491681591758414,0.08493988243885764,0.08496323709927543,0.08498686969361495,0.08501076995373054,0.08503492755557979,0.08505933212620029,0.08508397325063523,0.08510884047879863,0.08513392333227755,0.08515921131106274,0.08518469390020628,0.08521036057639719,0.08523620081445317,0.08526220409372051,0.08528835990437977,0.0853146577536534,0.08534108717190973,0.08536763771865999,0.08539429898844429,0.08542106061660343,0.08544791228493286,0.08547484372721585,0.08550184473463299,0.08552890516104603,0.08555601492815033,0.08558316403049802,0.08561034254038771,0.08563754061261877,0.08566474848910881,0.08569195650337266,0.08571915508486229,0.08574633476316568,0.08577348617206403,0.08580060005344733,0.08582766726108697,0.08585467876426474,0.08588162565126188,0.08590849913270002,0.08593529054474183,0.08596199135215021,0.0859885931512046,0.08601508767247641,0.08604146678346404,0.08606772249108874,0.08609384694405224,0.08611983243505753,0.08614567140289413,0.08617135643439026,0.08619688026623024,0.08622223578664281,0.08624741603696069,0.08627241421305278,0.08629722366663123,0.08632183790643534,0.08634625059929492,0.08637045557107421,0.08639444680749918,0.08641821845487056,0.08644176482066453,0.08646508037402244,0.08648815974613626,0.08651099773052279,0.08653358928319806,0.08655592952275085,0.08657801373031711,0.08659983734945778,0.08662139598594257,0.0866426854074418,0.08666370154312833,0.08668444048319196,0.08670489847826844,0.0867250719387859,0.08674495743422768,0.08676455169231773,0.08678385159812863,0.0868028541931143,0.08682155667406947,0.08683995639201748,0.08685805085102932,0.08687583770697441,0.08689331476620572,0.08691047998418162,0.08692733146402482,0.08694386745502086,0.08696008635106105,0.086975986689023,0.0869915671470997,0.0870068265430752,0.08702176383254857,0.0870363781071079,0.08705066859245641,0.08706463464649257,0.08707827575734568,0.08709159154136908,0.08710458174109262,0.08711724622313712,0.08712958497609023,0.08714159810834847,0.08715328584592501,0.08716464853023201,0.08717568661582634,0.0871864006681353,0.0871967913611477,0.08720685947509617,0.08721660589410997,0.08722603160385213,0.0872351376891411,0.08724392533155832,0.08725239580704688,0.08726055048349758,0.08726839081833104,0.08727591835607622,0.08728313472594686,0.08729004163941939,0.08729664088781403,0.08730293433988197,0.08730892393940119,0.08731461170278312,0.08731999971669283,0.08732509013568573,0.08732988517986114,0.08733438713253723,0.0873385983379497,0.08734252119897598,0.0873461581748863,0.08734951177912509,0.0873525845771257,0.08735537918415759,0.08735789826321082,0.08736014452291874,0.08736212071552084,0.0873638296348672,0.08736527411446819,0.08736645702558633,0.08736738127537674,0.08736804980507579,0.08736846558823862,0.08736863162902743,0.08736855096055099,0.08736822664325655,0.08736766176337497,0.08736685943141968,0.08736582278073957,0.08736455496612777,0.08736305916248283,0.08736133856352618,0.08735939638057494,0.08735723584136898,0.0873548601889525,0.08735227268060902,0.08734947658685104,0.0873464751904609,0.08734327178558406,0.0873398696768736,0.08733627217868385,0.08733248261431241,0.08732850431529215,0.08732434062072361,0.08731999487665539,0.08731547043550682,0.08731077065553124,0.08730589890031844,0.08730085853833418,0.08729565294249511,0.08729028548977666,0.08728475956085235,0.08727907853976169,0.08727324581360589,0.08726726477226575,0.08726113880814308,0.0872548713159224,0.08724846569234897,0.08724192533602315,0.0872352536472064,0.08722845402763833,0.08722152988036154,0.08721448460955145,0.0872073216203499,0.08720004431869935,0.08719265611117487,0.08718516040481541,0.08717756060694352,0.08716986012498029,0.08716206236624978,0.08715417073777035,0.08714618864603162,0.08713811949675446,0.08712996669463291,0.08712173364305544,0.08711342374380418,0.08710504039673046,0.08709658699940577,0.08708806694674368,0.08707948363059469,0.08707084043931188,0.08706214075728544,0.08705338796444516,0.08704458543572967,0.08703573654052288,0.08702684464205437,0.08701791309675662,0.087008945253399,0.08699994445269021,0.08699091402641286,0.0869818572966006,0.08697277757486467,0.0869636781613104,0.08695456234367786,0.08694543339640239,0.08693629457962307,0.08692714913814882,0.086918000300384,0.08690885127721544,0.08689970526086208,0.08689056542368857,0.08688143491698512,0.08687231686971238,0.08686321438721581,0.08685413054991169,0.08684506841194506,0.08683603099982236,0.0868270213110204,0.08681804231257469,0.08680909693964944,0.08680018809408926,0.08679131864295801,0.08678249141706564,0.08677370920948438,0.08676497477406135,0.08675629082392042,0.08674766002996602,0.08673908501938661,0.08673056837416049,0.08672211262956667,0.08671372027270327,0.08670539374101588,0.08669713542083814,0.08668894764594717,0.08668083269613627,0.08667279279580758,0.08666483011258487,0.08665694675595098,0.0866491447759127,0.08664142616169351,0.08663379284045725,0.08662624667606426,0.08661878946786344,0.08661142294952089,0.0866041487878868,0.08659696858190515,0.08658988386156496,0.08658289608689652,0.08657600664701642,0.08656921685921623,0.08656252796810426,0.08655594114479877,0.0865494574861737,0.08654307801415916,0.08653680367509738,0.086530635339156,0.08652457379979958,0.08651861977332048,0.08651277389843025,0.08650703673591303,0.08650140876833934,0.08649589039984339,0.08649048195596465,0.08648518368355328,0.08647999575073878,0.08647491824695239,0.08646995118294787,0.08646509449115197,0.0864603480257915,0.08645571156317192,0.08645118480203517,0.08644676736397658,0.0864424587939293,0.08643825856070311,0.08643416605758743,0.08643018060301365,0.08642630144127686,0.08642252774331578,0.08641885860755012,0.08641529306077422,0.08641183005910587,0.08640846848898855,0.08640520716824646,0.08640204484719079,0.08639898020977384,0.08639601187479089,0.08639313839712917,0.08639035826906022,0.08638766992157446,0.08638507172575528,0.086382561994192,0.08638013898242874,0.08637780089044605,0.08637554586417484,0.08637337199704247,0.08637127733154049,0.08636925986082303,0.086367317530322,0.08636544823938663,0.08636364984294088,0.08636192015315645,0.0863602569411397,0.08635865793863054,0.08635712083971114,0.08635564330252243,0.08635422295098663,0.08635285737653403,0.08635154413983256,0.08635028077251748,0.08634906477892075,0.08634789363779989,0.08634676480405892,0.0863456757104711,0.0863446237693926,0.0863436063744685,0.08634262090233534,0.0863416647143128,0.08634073515808598,0.08633982956938199,0.08633894527363409,0.08633807958763884,0.08633722982119867,0.086336393278758,0.0863355672610286,0.08633474906660478,0.08633393599356863,0.08633312534108559,0.08633231441099051,0.0863315005093646,0.08633068094810335,0.08632985304647617,0.08632901413267823,0.08632816154537325,0.08632729263522877,0.08632640476644443,0.08632549531827657,0.08632456168655131,0.08632360128517425,0.08632261154763249,0.0863215899284926,0.08632053390489146,0.08631944097801894,0.08631830867459989,0.08631713454836551,0.08631591618152253,0.08631465118621018,0.08631333720595472,0.08631197191711593,0.08631055303032574,0.08630907829191864,0.08630754548535316,0.08630595243262401,0.08630429699566385,0.08630257707773394,0.08630079062480285,0.08629893562691321,0.08629701011953299,0.08629501218489175,0.08629293995330241,0.08629079160446616,0.08628856536875804,0.08628625952849292,0.08628387241917403,0.08628140243071612,0.08627884800864742,0.08627620765528676,0.08627347993089747,0.08627066345481217,0.0862677569065334,0.08626475902679974,0.08626166861862604,0.08625848454831145,0.0862552057464148,0.08625183120869614,0.08624835999702359,0.08624479124024395,0.08624112413501632,0.08623735794660722,0.08623349200964645,0.08622952572884282,0.08622545857965722,0.08622129010893238,0.08621701993548041,0.08621264775062468,0.08620817331869582,0.08620359647748,0.08619891713861984,0.08619413528796575,0.08618925098587575,0.08618426436746308,0.08617917564279959,0.08617398509705361,0.08616869309058146,0.08616330005895752,0.0861578065129515,0.0861522130384473,0.08614652029630268,0.08614072902214931,0.0861348400261323,0.08612885419258787,0.0861227724796588,0.08611659591884652,0.08611032561449902,0.08610396274323458,0.08609750855329895,0.08609096436385562,0.08608433156421133,0.08607761161297332,0.0860708060371393,0.08606391643111864,0.08605694445568636,0.0860498918368681,0.08604276036475583,0.08603555189225637,0.08602826833377068,0.0860209116638048,0.08601348391551505,0.086005987179181,0.08599842360061533,0.08599079537950682,0.08598310476769773,0.0859753540673964,0.08596754562932665,0.08595968185081493,0.08595176517381618,0.08594379808288051,0.08593578310306169,0.08592772279777033,0.08591961976657152,0.08591147664292964,0.08590329609190489,0.0858950808078015,0.08588683351177054,0.0858785569493698,0.0858702538880847,0.08586192711481204,0.08585357943330948,0.0858452136616154,0.08583683262944185,0.08582843917554339,0.08582003614506903,0.08581162638689296,0.08580321275093852,0.08579479808549334,0.08578638523452163,0.08577797703497782,0.0857695763141264,0.08576118588687248,0.08575280855310835,0.08574444709508047,0.08573610427478251,0.08572778283137972,0.08571948547866869,0.08571121490257778,0.08570297375871636,0.08569476466997522,0.08568659022418525,0.08567845297183822,0.08567035542387727,0.08566230004956052,0.08565428927440359,0.08564632547820765,0.0856384109931766,0.08563054810212876,0.08562273903681114,0.08561498597631279,0.08560729104559262,0.08559965631411981,0.08559208379463286,0.08558457544202122,0.0855771331523336,0.08556975876191686,0.08556245404668857,0.08555522072154698,0.08554806043992098,0.08554097479346327,0.08553396531188805,0.08552703346295454,0.08552018065260165,0.08551340822523151,0.08550671746414466,0.08550010959212627,0.08549358577218497,0.08548714710844335,0.08548079464717885,0.08547452937801639,0.08546835223526913,0.08546226409942648,0.08545626579878961,0.08545035811124438,0.08544454176617884,0.08543881744653585,0.08543318579099868,0.08542764739630544,0.085422202819688,0.08541685258143054,0.08541159716754274,0.08540643703254219,0.08540137260233986,0.08539640427722359,0.08539153243493158,0.08538675743380889,0.08538207961604317,0.08537749931096954,0.08537301683843795,0.085368632512235,0.08536434664355354,0.08536015954450037,0.08535607153163433,0.0853520829295273,0.08534819407433902,0.08534440531739641,0.08534071702877187,0.08533712960084415,0.08533364345184306,0.08533025902936321,0.08532697681383934,0.08532379732197458,0.08532072111011312,0.08531774877754858,0.08531488096975978,0.0853121183815654,0.0853094617601894,0.08530691190822988,0.0853044696865222,0.08530213601688803,0.08529991188476647,0.08529779834171769,0.08529579650779134,0.08529390757375449,0.08529213280317305,0.08529047353433936,0.0852889311820406,0.08528750723916313,0.08528620327812828,0.08528502095215297,0.08528396199633415,0.08528302822854665,0.0852822215501592,0.0852815439465605,0.08528099748749368,0.0852805843271969,0.08528030670434807,0.08528016694181235,0.08528016744619153,0.08528031070717418,0.08528059929668691,0.085281035867847,0.08528162315371637,0.0852823639658574,0.08528326119269543,0.08528431779768378,0.08528553681728165,0.0852869213587405,0.08528847459770439,0.08529019977563013,0.08529210019702681,0.08529417922652256,0.08529644028576114,0.08529888685013334,0.0853015224453512,0.08530435064386299,0.08530737506112487,0.08531059935172887,0.08531402720539552,0.08531766234283732,0.0853215085115003,0.08532556948119066,0.08532984903959369,0.08533435098769275,0.08533907913509597,0.08534403729527869,0.08534922928074912,0.08535465889814403,0.08536032994326669,0.08536624619607175,0.085372411415607,0.08537882933491892,0.08538550365593432,0.08539243804432049,0.08539963612433689,0.08540710147368512,0.08541483761836706,0.08542284802755705,0.08543113610849977,0.08543970520143497,0.08544855857456674,0.08545769941907895,0.08546713084420628,0.08547685587236853,0.08548687743437552,0.08549719836471022,0.08550782139689674,0.08551874915896096,0.08552998416898953,0.08554152883079501,0.08555338542969222,0.08556555612839065,0.0855780429630131,0.08559084783924185,0.08560397252860008,0.08561741866487188,0.08563118774066716,0.08564528110413493,0.08565969995582849,0.08567444534572914,0.08568951817042882,0.08570491917047669,0.08572064892789434,0.0857367078638556,0.0857530962365427,0.08576981413917534,0.08578686149821538,0.08580423807174935,0.08582194344804957,0.08583997704431519,0.08585833810559385,0.08587702570388406,0.08589603873741915,0.0859153759301323,0.08593503583130245,0.08595501681537801,0.08597531708198289,0.08599593465609877,0.0860168673884254,0.08603811295591457,0.08605966886247852,0.08608153243986924,0.08610370084872572,0.08612617107978958,0.08614893995528296,0.08617200413044793,0.08619536009524521,0.08621900417620325,0.08624293253842294,0.08626714118772869,0.08629162597296372,0.08631638258842558,0.08634140657643823,0.08636669333005606,0.08639223809589645,0.08641803597709591,0.08644408193638571,0.086470370799283,0.0864968972573923,0.08652365587181066,0.08655064107663679,0.08657784718257562,0.08660526838063487,0.0866328987459072,0.08666073224143697,0.08668876272216157,0.08671698393892546,0.086745389542563,0.08677397308804254,0.08680272803866822,0.08683164777033577,0.08686072557583242,0.08688995466918362,0.0869193281900366,0.08694883920807728,0.08697848072747609,0.08700824569135748,0.08703812698628902,0.0870681174467851,0.087098209859821,0.08712839696935261,0.08715867148083803,0.08718902606575622,0.0872194533661164,0.08724994599895938,0.08728049656084054,0.08731109763229632,0.08734174178228535,0.08737242157260343,0.0874031295622677,0.08743385831186529,0.08746460038786577,0.08749534836689095,0.08752609483994032,0.08755683241656985,0.08758755372901575,0.0876182514362682,0.08764891822808685,0.08767954682895651,0.08771013000198037,0.08774066055270838,0.08777113133289788,0.08780153524420461,0.08783186524180153,0.08786211433792326,0.08789227560533473,0.08792234218072174,0.08795230726799921,0.08798216414154067,0.0880119061493231,0.08804152671598743,0.0880710193458127,0.08810037762560163,0.08812959522748019,0.08815866591160487,0.08818758352878031,0.08821634202298641,0.08824493543381166,0.0882733578987952,0.08830160365567191,0.08832966704452717,0.08835754250985613,0.08838522460252823,0.08841270798165725,0.08843998741637618,0.08846705778751766,0.08849391408919928,0.08852055143031455,0.08854696503592951,0.08857315024858567,0.08859910252950969,0.08862481745972736,0.08865029074108859,0.08867551819719868,0.08870049577425973,0.08872521954182071,0.08874968569343886,0.08877389054725256,0.0887978305464658,0.08882150225974776,0.08884490238154605,0.08886802773231604,0.08889087525866844,0.0889134420334315,0.08893572525563685,0.08895772225042513,0.08897943046887406,0.08900084748775058,0.08902197100918847,0.08904279886029284,0.0890633289926735,0.08908355948190841,0.08910348852693896,0.08912311444939915,0.08914243569288051,0.08916145082213098,0.08918015852219596,0.08919855759749862,0.08921664697086285,0.08923442568247966,0.08925189288882027,0.08926904786149674,0.08928588998607132,0.08930241876081868,0.0893186337954406,0.08933453480973574,0.08935012163222762,0.08936539419874776,0.08938035255098335,0.08939499683498621,0.0894093272996458,0.08942334429512867,0.08943704827128589,0.08945043977602991,0.08946351945368339,0.08947628804330082,0.08948874637696558,0.08950089537806356,0.08951273605953611,0.08952426952210936,0.0895354969525095,0.0895464196216589,0.08955703888285822,0.08956735616995377,0.0895773729954934,0.08958709094887116,0.08959651169446173,0.08960563696974821,0.08961446858344156,0.08962300841359515,0.08963125840571491,0.08963922057086327,0.08964689698376392,0.08965428978090392,0.08966140115863505,0.08966823337127579,0.08967478872921375,0.08968106959701044,0.08968707839150793,0.08969281757993881,0.08969828967803939,0.08970349724816708,0.08970844289742257,0.08971312927577439,0.08971755907419135,0.08972173502277732,0.08972565988891408,0.08972933647540854,0.08973276761864243,0.089735956186733,0.0897389050776949,0.08974161721760857,0.08974409555879444,0.08974634307799177,0.08974836277454268,0.08975015766857848,0.08975173079921371,0.08975308522274326,0.08975422401084363,0.08975515024877796,0.08975586703360494,0.0897563774723909,0.08975668468042544,0.08975679177944007,0.08975670189582978,0.08975641815887798,0.08975594369898468,0.08975528164589452,0.08975443512693142,0.0897534072652341,0.08975220117799655,0.08975081997471002,0.08974926675541033,0.08974754460892857,0.08974565661114588,0.08974360582325472,0.08974139529002477,0.08973902803807582,0.08973650707415813,0.08973383538343865,0.08973101592779915,0.08972805164414362,0.08972494544271672,0.0897217002054353,0.08971831878423316,0.08971480399942156,0.08971115863806632,0.08970738545238338,0.08970348715815407,0.08969946643316244,0.08969532591565708,0.08969106820283419,0.0896866958493522,0.08968221136587344,0.08967761721763812,0.08967291582307013,0.0896681095524192,0.08966320072643988,0.08965819161510924,0.08965308443638731,0.08964788135502039,0.0896425844813903,0.08963719587041158,0.08963171752047658,0.08962615137245512,0.089620499308747,0.08961476315239078,0.08960894466622982,0.08960304555213845,0.08959706745030953,0.08959101193860504,0.0895848805319716,0.08957867468192239,0.08957239577608703,0.08956604513783165,0.0895596240259457,0.08955313363440444,0.08954657509220233,0.08953994946326081,0.08953325774640969,0.08952650087544445,0.08951967971925899,0.08951279508205369,0.08950584770362159,0.08949883825971004,0.08949176736245998,0.0894846355609215,0.08947744334164474,0.08947019112934927,0.08946287928766894,0.0894555081199721,0.08944807787025695,0.08944058872412107,0.08943304080980471,0.08942543419930678,0.08941776890957252,0.08941004490375219,0.08940226209252926,0.0893944203355187,0.0893865194427283,0.08937855917609042,0.0893705392510567,0.08936245933825697,0.08935431906521922,0.08934611801815105,0.08933785574377977,0.08932953175124932,0.08932114551407483,0.08931269647215027,0.08930418403380999,0.08929560757794085,0.08928696645614274,0.08927825999493949,0.08926948749803522,0.0892606482486155,0.08925174151169163,0.08924276653648612,0.08923372255885827,0.08922460880376737,0.0892154244877724,0.0892061688215661,0.08919684101254209,0.08918744026739404,0.08917796579473987,0.08916841680777751,0.08915879252696442,0.08914909218272118,0.08913931501815583,0.08912946029180505,0.08911952728040215,0.089109515281651,0.08909942361701663,0.08908925163452641,0.08907899871157964,0.08906866425776368,0.08905824771767279,0.08904774857373039,0.0890371663490093,0.08902650061004809,0.08901575096966126
10.75,1.0037767518558653,1.0075822195621356,1.0114151901280715,1.015274561098823,1.0191593300473507,1.0230685855306467,1.0270014993023755,1.0309573195988404,1.0349353653375035,1.038935021087304,1.0429557326879617,1.0469970034114893,1.051058390573446,1.0551395025141983,1.0592399958817709,1.0633595731579277,1.0674979803779225,1.0716550050022065,1.0758304739052473,1.08002425145261,1.0842362376426906,1.088466366294077,1.0927146032634303,1.0969809446821952,1.1012654152033554,1.10556806625194,1.1098889742750693,1.1142282389891047,1.118585981622932,1.1229623431575735,1.127357482563358,1.1317715750366046,1.1362048102383988,1.140657390538488,1.1451295292676444,1.1496214489820171,1.154133379743282,1.1586655574181763,1.1632182220012002,1.167791615964108,1.1723859826357026,1.1770015646152971,1.181638602223016,1.1862973319899168,1.1909779851906903,1.1956807864214725,1.2004059522250674,1.205153689765638,1.2099241955547033,1.2147176542300286,1.2195342373887743,1.2243741024760457,1.229237391729795,1.2341242311827658,1.2390347297220625,1.243968978206699,1.2489270486429638,1.2539089934181622,1.2589148445922729,1.2639446132453303,1.2689982888866418,1.2740758389171103,1.2791772081481156,1.284302318375763,1.2894510680094984,1.2946233317541047,1.299818960344024,1.305037780328883,1.3102795939090446,1.3155441788199358,1.3208312882638629,1.326140650887969,1.3314719708069596,1.336824927669172,1.3421991767645525,1.3475943491730678,1.3530100519520771,1.3584458683611196,1.363901358122659,1.3693760577172347,1.3748694807114403,1.380381118117381,1.385910438781877,1.391456889803987,1.3970198969793381,1.4025988652697465,1.4081931792966416,1.4138022038568065,1.4194252844589714,1.4250617478798124,1.4307109027379206,1.436372040084324,1.4420444340081744,1.4477273422562191,1.4534200068647156,1.4591216548024541,1.4648314986235844,1.4705487371289727,1.4762725560348284,1.4820021286473755,1.4877366165423658,1.4934751702482583,1.4992169299319218,1.504961026085734,1.510706580214995,1.5164527055245904,1.5221985076038684,1.5279430851087348,1.5336855304399888,1.5394249304169627,1.545160366945544,1.5508909176797137,1.5566156566757379,1.562333655038206,1.5680439815571183,1.5737457033352729,1.579437886405228,1.5851195963351485,1.5907898988228717,1.5964478602775747,1.6020925483884385,1.6077230326797487,1.6133383850519019,1.618937680307818,1.624519996664291,1.6300844162478423,1.6356300255746765,1.6411559160143616,1.646661184236898,1.6521449326428712,1.6576062697764053,1.6630443107206754,1.6684581774757599,1.673846999318658,1.6792099131453055,1.6845460637944778,1.6898546043535054,1.6951346964456473,1.7003855104992105,1.7056062259983413,1.710796031715409,1.7159541259253672,1.7210797166018357,1.726172021595102,1.7312302687921994,1.7362536962591935,1.7412415523658789,1.7461930958930831,1.7511075961228089,1.7559843329114544,1.7608225967463995,1.765621688786238,1.7703809208849781,1.7750996156005405,1.7797771061879148,1.7844127365773448,1.7890058613379312,1.793555845627069,1.7980620651261383,1.802523905962893,1.806940764621013,1.8113120478372813,1.815637172486883,1.8199155654573234,1.8241466635114771,1.828329913140301,1.8324647704057329,1.8365507007743402,1.8405871789422568,1.8445736886519835,1.8485097225016154,1.8523947817470783,1.8562283760979492,1.8600100235074566,1.8637392499572412,1.8674155892374718,1.871038582722915,1.8746077791455384,1.8781227343642535,1.88158301113238,1.8849881788634224,1.8883378133957418,1.8916314967566994,1.8948688169268506,1.898049367604746,1.9011727479729115,1.9042385624655418,1.9072464205384603,1.910195936441869,1.9130867289964095,1.915918421373039,1.9186906408772222,1.9214030187379,1.9240551899016867,1.9266467928328777,1.929177469319529,1.931646864286098,1.9340546256127953,1.9364004039621585,1.938683852612837,1.9409046273076338,1.9430623861010252,1.945156789218742,1.947187498926796,1.9491541794097715,1.9510564966585149,1.9528941183675248,1.954666713842183,1.9563739539160327,1.958015510878216,1.9595910584111382,1.9611002715384511,1.9625428265833686,1.9639184011373465,1.965226674039098,1.9664673253639406,1.967640036423421,1.9687444897751605,1.9697803692428693,1.9707473599464296,1.9716451483419861,1.9724734222719291,1.9732318710246946,1.9739201854042545,1.9745380578092142,1.975085182321385,1.97556125480373,1.9759659730075567,1.9762990366888389,1.976560147733538,1.9767490102917913,1.9768653309208353,1.9769088187365125,1.9768791855732217,1.9767761461521496,1.9765994182576194,1.9763487229213879,1.976023784614702,1.9756243314479283,1.9751500953775512,1.9746008124203223,1.9739762228743387,1.973276071546816,1.9725001079882918,1.9716480867330182,1.970719767545247,1.9697149156711362,1.9686333020959614,1.9674747038063327,1.9662389040570791,1.9649256926424645,1.9635348661713918,1.9620662283462216,1.960519590244839,1.9588947706055875,1.957191596114665,1.9554099016955957,1.9535495308003545,1.9516103357017343,1.9495921777865226,1.9474949278490725,1.9453184663848129,1.9430626838832807,1.940727481120219,1.9383127694483018,1.9358184710860458,1.933244519404461,1.9305908592110004,1.9278574470303635,1.9250442513817285,1.9221512530519658,1.9191784453644132,1.9161258344427925,1.9129934394698478,1.9097812929403002,1.906489440907724,1.9031179432249488,1.8996668737776146,1.8961363207105058,1.892526386646319,1.8888371888965036,1.8850688596638605,1.8812215462365673,1.877295411173334,1.8732906324793996,1.8692074037730846,1.8650459344426524,1.8608064497932262,1.8564891911835302,1.8520944161522541,1.8476223985338305,1.8430734285634476,1.8384478129711401,1.8337458750648015,1.8289679548019904,1.8241144088504109,1.8191856106369793,1.8141819503853804,1.8091038351420583,1.8039516887905853,1.798725952054378,1.7934270824877405,1.788055554455232,1.78261185909937,1.777096504296699,1.771510014602263,1.7658529311825377,1.7601258117369005,1.754329230407706,1.7484637776790792,1.7425300602645304,1.73652870098351,1.7304603386270432,1.7243256278125876,1.7181252388282706,1.7118598574666761,1.705530184848356,1.6991369372352547,1.6926808458342462,1.6861626565909862,1.679583129974299,1.6729430407513146,1.6662431777535942,1.6594843436344735,1.652667354617874,1.6457930402388303,1.638862243075986,1.6318758184763267,1.624834634272407,1.6177395704923507,1.61059151906289,1.6033913835057314,1.5961400786275195,1.5888385302036916,1.5814876746565003,1.574088458727502,1.5666418391447936,1.5591487822852934,1.5516102638323537,1.5440272684290008,1.5364007893270955,1.528731828032705,1.5210213939479755,1.5132705040098045,1.5054801823255937,1.4976514598063766,1.4897853737976103,1.4818829677079088,1.4739452906360035,1.4659733969962203,1.457968346142735,1.449931201992895,1.4418630326498734,1.4337649100249237,1.4256379094595002,1.4174831093475087,1.4093015907579356,1.4010944370581215,1.3928627335379111,1.3846075670349431,1.3763300255613027,1.36803119793178,1.3597121733939663,1.3513740412604054,1.3430178905430288,1.334644809590084,1.326255885725768,1.3178522048927706,1.3094348512979228,1.3010049070611518,1.2925634518679212,1.2841115626253452,1.27565031312215,1.267180773692657,1.2587040108849472,1.2502210871333757,1.241733060435578,1.2332409840341272,1.2247459061029764,1.2162488694388287,1.2077509111575602,1.1992530623958222,1.1907563480179453,1.1822617863282525,1.1737703887888928,1.1652831597432984,1.1568010961453552,1.1483251872943836,1.1398564145760104,1.131395751209014,1.1229441619982132,1.1145026030934695,1.106072021754868,1.0976533561241293,1.0892475350023085,1.0808554776338275,1.0724780934968812,1.0641162821002546,1.0557709327865838,1.0474429245420855,1.039133125812779,1.0308423943272151,1.0225715769257284,1.0143215093962148,1.0060930163164437,0.9978869109028993,0.9897039948661464,0.9815450582727117,0.9734108794134668,0.9653022246784935,0.9572198484384098,0.9491644929321316,0.9411368881610387,0.9331377517895143,0.9251677890518162,0.9172276926652455,0.9093181427495652,0.9014398067526201,0.8935933393821124,0.8857793825434754,0.8779985652837912,0.8702515037416909,0.8625388011031798,0.8548610475633167,0.8472188202936863,0.839612683415589,0.8320431879788822,0.8245108719463917,0.8170162601838248,0.8095598644550982,0.8021421834230072,0.7947637026551491,0.7874248946350181,0.7801262187781874,0.772868121453488,0.7656510360090959,0.7584753828034263,0.7513415692408124,0.7442499898117393,0.7372010261376588,0.7301950470202462,0.7232324084950043,0.7163134538891185,0.7094385138834665,0.7026079065786796,0.6958219375651615,0.6890808999969594,0.6823850746693895,0.6757347301003149,0.6691301226149742,0.6625714964342596,0.6560590837663425,0.6495931049015474,0.6431737683103658,0.6368012707445183,0.630475797340957,0.6241975217287091,0.6179666061384634,0.6117832015147984,0.605647447630952,0.599559473206037,0.593519396024601,0.5875273230584357,0.5815833505905388,0.5756875643411321,0.5698400395956414,0.5640408413345424,0.558290024364983,0.5525876334540857,0.5469337034638398,0.5413282594874953,0.535771316987365,0.5302628819339495,0.524802950946296,0.5193915114335048,0.5140285417372982,0.5087140112755667,0.503447880686811,0.49823010197539513,0.4930606186575333,0.4879393659079265,0.48286627070697397,0.47784125198848026,0.472864220787781,0.46793508039021553,0.4630537264798683,0.4582200472885111,0.453433923744671,0.44869522962275765,0.44400383169217866,0.43935958986637813,0.4347623573517306,0.4302119807962269,0.42570830043788915,0.4212511502528522,0.41684035810305253,0.4124757458834639,0.4081571296688247,0.4038843198597979,0.3996571213285114,0.395475333563425,0.39133875081347147,0.3872471622314208,0.3832003520164218,0.37919809955567013,0.3752401795651592,0.37132636222946763,0.36745641334054135,0.36363009443542876,0.3598471629329275,0.3561073722691061,0.35241047203166126,0.34875620809307606,0.34514432274254453,0.34157455481662913,0.3380466398286201,0.3345603100965657,0.3311152948699454,0.327711320454958,0.3243481103383992,0.32102538531010366,0.31774286358392706,0.3145002609172482,0.31129729072896917,0.30813366421599353,0.3050090904681664,0.3019232765816566,0.29887592777076827,0.2958667474781656,0.29289543748349695,0.2899616980104093,0.28706522783193855,0.28420572437426567,0.28138288381883453,0.2785964012028194,0.27584597051793414,0.2731312848075845,0.27045203626235087,0.26780791631380274,0.2651986157266382,0.262623824689151,0.2600832329020199,0.2575765296654239,0.25510340396448167,0.2526635445530179,0.2502566400356595,0.24788237894826376,0.24554044983668444,0.24323054133387983,0.24095234223536838,0.23870554157303867,0.23648982868732243,0.23430489329773704,0.23215042557180662,0.23002611619237154,0.227931656423296,0.225866738173585,0.22383105405992063,0.22182429746763052,0.2198461626101017,0.21789634458664925,0.2159745394388565,0.2140804442053993,0.21221375697536735,0.21037417694009863,0.20856140444354093,0.20677514103115566,0.20501508949737965,0.20328095393166054,0.20157243976308165,0.19988925380359257,0.1982311042898621,0.19659770092377013,0.1949887549115549,0.1934039790016326,0.19184308752110735,0.19030579641098772,0.18879182326012844,0.18730088733791223,0.18583270962569198,0.18438701284700984,0.18296352149660994,0.18156196186826337,0.18018206208142368,0.17882355210672843,0.1774861637903667,0.17616963087732923,0.17487368903355838,0.17359807586701673,0.1723425309476908,0.1711067958265479,0.1698906140534639,0.16869373119413889,0.16751589484601806,0.16635685465323566,0.16521636232059858,0.1640941716266272,0.1629900384356705,0.1619037207091117,0.16083497851568312,0.15978357404090576,0.1587492715956685,0.15773183762396892,0.15673104070982674,0.15574665158338893,0.15477844312624325,0.15382619037595482,0.15288967052984362,0.1519686629480176,0.1510629491556784,0.15017231284471486,0.14929653987460081,0.14843541827261225,0.14758873823337937,0.14675629211779015,0.14593787445125964,0.14513328192138109,0.14434231337497358,0.143564769814542,0.14280045439416375,0.14204917241481793,0.14131073131917124,0.14058494068583494,0.1398716122231097,0.13917055976223072,0.13848159925012904,0.1378045487417227,0.13713922839175216,0.13648546044617632,0.13584306923313907,0.13521188115352464,0.134591724671114,0.13398243030235593,0.13338383060576678,0.1327957601709742,0.13221805560741515,0.13165055553270505,0.1310931005606895,0.13054553328919244,0.130007698287474,0.12947944208341094,0.1289606131504125,0.12845106189408462,0.12795064063865486,0.12745920361317128,0.12697660693748658,0.12650270860803986,0.12603736848344954,0.1255804482699271,0.12513181150652583,0.12469132355023327,0.12425885156092045,0.12383426448616161,0.12341743304592824,0.12300822971717579,0.1226065287183297,0.12221220599368211,0.12182513919770899,0.12144520767931907,0.12107229246604177,0.12070627624816632,0.12034704336283955,0.11999447977813245,0.11964847307708362,0.11930891244172864,0.11897568863712336,0.1186486939953694,0.11832782239964935,0.11801296926827967,0.11770403153878811,0.1174009076520225,0.1171034975362985,0.11681170259159215,0.11652542567378298,0.11624457107895485,0.11596904452775857,0.11569875314984333,0.11543360546836054,0.11517351138454548,0.11491838216238141,0.11466813041335047,0.11442267008127459,0.11418191642725123,0.11394578601468618,0.11371419669442748,0.11348706759000268,0.1132643190829626,0.11304587279833371,0.11283165159018137,0.11262157952728523,0.11241558187892933,0.11221358510080728,0.11201551682104458,0.11182130582633813,0.11163088204821352,0.11144417654940202,0.11126112151033589,0.11108165021576279,0.11090569704147901,0.11073319744118089,0.1105640879334346,0.11039830608876285,0.11023579051684797,0.11007648085385037,0.10992031774984111,0.10976724285634709,0.10961719881400847,0.10947012924034444,0.10932597871762849,0.10918469278086886,0.1090462179058943,0.1089105014975421,0.10877749187794644,0.10864713827492523,0.10851939081046287,0.10839420048928727,0.10827151918753837,0.10815129964152613,0.10803349543657481,0.10791806099595325,0.10780495156988668,0.10769412322464887,0.107585532831732,0.10747913805709165,0.10737489735046549,0.10727276993476212,0.10717271579551903,0.10707469567042706,0.1069786710389189,0.10688460411181994,0.10679245782106006,0.1067021958094427,0.10661378242047156,0.10652718268823112,0.10644236232732102,0.10635928772284173,0.10627792592043037,0.10619824461634488,0.10612021214759597,0.10604379748212497,0.10596897020902728,0.1058957005288192,0.10582395924374824,0.10575371774814657,0.10568494801882594,0.1056176226055144,0.10555171462133366,0.10548719773331773,0.10542404615297181,0.10536223462687207,0.10530173842730613,0.10524253334295425,0.1051845956696121,0.10512790220095465,0.10507243021934322,0.10501815748667437,0.10496506223527287,0.10491312315882899,0.10486231940338149,0.10481263055834707,0.10476403664759745,0.1047165181205856,0.10467005584352183,0.1046246310906021,0.1045802255352894,0.10453682124164987,0.10449440065574488,0.10445294659708239,0.10441244225012751,0.1043728711558755,0.104334217203488,0.1042964646219954,0.10425959797206659,0.10422360213784897,0.10418846231887978,0.10415416402207187,0.10412069305377532,0.10408803551191725,0.10405617777822271,0.10402510651051718,0.1039948086351146,0.10396527133929201,0.10393648206385374,0.1039084284957869,0.10388109856101048,0.10385448041722004,0.10382856244683031,0.10380333325001782,0.10377878163786569,0.10375489662561221,0.10373166742600524,0.10370908344276523,0.1036871342641581,0.10366580965667993,0.1036450995588551,0.1036249940751489,0.10360548347000147,0.10358655816197425,0.1035682087180213,0.10355042584787913,0.10353320039858324,0.1035165233491068,0.10350038580512601,0.10348477899391206,0.10346969425935156,0.10345512305709549,0.10344105694983909,0.10342748760273204,0.1034144067789207,0.10340180633522243,0.10338967821793284,0.1033780144587666,0.10336680717093197,0.10335604854533934,0.10334573084694335,0.10333584641122028,0.10332638764077941,0.1033173470021086,0.10330871702245352,0.10330049028683051,0.10329265943517447,0.10328521715961647,0.10327815620189558,0.1032714693509014,0.10326514944034754,0.10325918934657427,0.10325358198648063,0.10324832031558319,0.10324339732620184,0.10323880604576999,0.10323453953526911,0.10323059088778504,0.10322695322718511,0.10322361970691396,0.10322058350890662,0.10321783784261693,0.10321537594415928,0.1032131910755617,0.10321127652412765,0.10320962560190558,0.10320823164526288,0.10320708801456287,0.10320618809394083,0.10320552529117775,0.10320509303767089,0.10320488478849375,0.10320489402254761,0.10320511424279998,0.10320553897660643,0.10320616177611418,0.10320697621874445,0.10320797590774942,0.10320915447284221,0.10321050557089598,0.10321202288670972,0.10321370013383709,0.10321553105547553,0.10321750942541211,0.10321962904902332,0.10322188376432548,0.10322426744307246,0.10322677399189767,0.1032293973534961,0.10323213150784522,0.10323497047345975,0.10323790830867792,0.10324093911297533,0.1032440570283038,0.10324725624045214,0.10325053098042493,0.10325387552583645,0.10325728420231808,0.10326075138493299,0.10326427149959796,0.10326783902450859,0.10327144849156372,0.10327509448778775,0.10327877165674682,0.10328247469995709,0.10328619837828173,0.103289937513314,0.1032936869887439,0.10329744175170598,0.1033011968141055,0.10330494725392114,0.10330868821648129,0.1033124149157114,0.1033161226353518,0.10331980673014236,0.10332346262697292,0.10332708582599681,0.1033306719017062,0.10333421650396822,0.10333771535901828,0.10334116427041122,0.10334455911992682,0.10334789586843102,0.10335117055668862,0.10335437930612901,0.10335751831956125,0.10336058388183994,0.10336357236047936,0.10336648020621647,0.10336930395352133,0.10337204022105434,0.10337468571207048,0.1033772372147693,0.10337969160259147,0.10338204583446092,0.10338429695497289,0.10338644209452695,0.10338847846940723,0.10339040338180795,0.10339221421980603,0.10339390845727964,0.1033954836537747,0.10339693745431885,0.10339826758918391,0.10339947187359723,0.10340054820740305,0.10340149457467446,0.10340230904327648,0.1034029897643826,0.1034035349719435,0.10340394298211103,0.10340421219261733,0.10340434108211129,0.10340432820945274,0.10340417221296581,0.1034038718096529,0.10340342579437037,0.10340283303896748,0.10340209249139004,0.1034012031747499,0.10340016418636107,0.10339897469674574,0.10339763394861022,0.10339614125579265,0.10339449600218364,0.10339269764062153,0.10339074569176548,0.10338863974294364,0.10338637944698172,0.10338396452101307,0.10338139474526933,0.10337866996185502,0.1033757900735079,0.10337275504234467,0.10336956488859496,0.10336621968932438,0.10336271957714799,0.10335906473893593,0.10335525541451186,0.10335129189534599,0.10334717452324374,0.10334290368903112,0.10333847983123867,0.10333390343478402,0.10332917502965447,0.1033242951895918,0.1033192645307789,0.10331408371053039,0.10330875342598686,0.10330327441281459,0.1032976474439128,0.10329187332812571,0.10328595290896406,0.10327988706333435,0.10327367670027837,0.103267322759722,0.10326082621123546,0.10325418805280413,0.10324740930961201,0.10324049103283695,0.10323343429845983,0.10322624020608685,0.10321890987778595,0.10321144445693763,0.10320384510710078,0.10319611301089358,0.10318824936889053,0.10318025539853487,0.10317213233306702,0.10316388142047042,0.1031555039224337,0.10314700111333024,0.10313837427921467,0.1031296247168369,0.1031207537326751,0.10311176264198463,0.10310265276786622,0.10309342544035331,0.1030840819955158,0.10307462377458389,0.10306505212309022,0.10305536839003121,0.10304557392704702,0.10303567008762071,0.1030256582262972,0.10301553969792128,0.10300531585689542,0.10299498805645721,0.10298455764797683,0.10297402598027422,0.10296339439895678,0.10295266424577737,0.10294183685801171,0.10293091356785777,0.10291989570185514,0.1029087845803257,0.10289758151683479,0.10288628781767375,0.10287490478136505,0.10286343369818675,0.10285187584971962,0.10284023250841814,0.10282850493719971,0.10281669438905862,0.102804802106702,0.10279282932220773,0.10278077725670538,0.10276864712007962,0.10275644011069701,0.10274415741515565,0.10273180020805808,0.10271936965180745,0.10270686689642711,0.10269429307940386,0.1026816493255548,0.10266893674691789,0.10265615644266542,0.10264330949904228,0.10263039698932719,0.10261741997381957,0.1026043794998473,0.10259127660179992,0.10257811230118531,0.10256488760670947,0.10255160351438054,0.10253826100763348,0.10252486105748176,0.10251140462268897,0.10249789264996455,0.1024843260741807,0.10247070581861216,0.10245703279519712,0.10244330790482015,0.10242953203761578,0.10241570607329271,0.10240183088147808,0.10238790732208156,0.1023739362456782,0.10235991849391027,0.10234585489990694,0.10233174628872055,0.10231759347778065,0.10230339727736365,0.10228915849107807,0.10227487791636398,0.10226055634500657,0.1022461945636627,0.10223179335439991,0.10221735349524645,0.10220287576075221,0.10218836092255919,0.10217380974998046,0.10215922301058786,0.1021446014708054,0.10212994589650914,0.10211525705363182,0.10210053570877181,0.10208578262980485,0.10207099858649761,0.10205618435112239,0.10204134069907142,0.10202646840947027,0.10201156826578914,0.10199664105645084,0.1019816875754337,0.1019667086228703,0.10195170500563953,0.10193667753795103,0.10192162704192151,0.10190655434814136,0.10189146029623115,0.10187634573538663,0.10186121152491096,0.10184605853473418,0.10183088764591797,0.10181569975114499,0.10180049575519287,0.10178527657539004,0.10177004314205398,0.10175479639891086,0.10173953730349548,0.10172426682753076,0.10170898595728603,0.10169369569391329,0.10167839705376089,0.10166309106866359,0.10164777878620888,0.10163246126997857,0.10161713959976411,0.1016018148717572,0.10158648819871352,0.10157116071008955,0.10155583355215184,0.10154050788805838,0.10152518489791174,0.10150986577878351,0.10149455174470949,0.1014792440266557,0.10146394387245468,0.10144865254671144,0.1014333713306804,0.1014181015221105,0.10140284443506067,0.1013876013996843,0.10137237376198338,0.10135716288353178,0.1013419701411677,0.10132679692665542,0.10131164464631615,0.10129651472062857,0.10128140858379883,0.10126632768330017,0.10125127347938165,0.10123624744454801,0.10122125106300937,0.10120628583010176,0.10119135325167826,0.10117645484347176,0.1011615921304292,0.10114676664601825,0.10113197993150594,0.10111723353521149,0.10110252901173161,0.10108786792114047,0.10107325182816504,0.10105868230133484,0.10104416091210837,0.1010296892339761,0.10101526884154143,0.1010009013095798,0.10098658821207693,0.10097233112124705,0.10095813160653207,0.10094399123358253,0.10092991156322126,0.100915894150391,0.10090194054308568,0.10088805228126854,0.10087423089577675,0.10086047790721384,0.10084679482483111,0.10083318314539919,0.10081964435207097,0.10080617991323708,0.10079279128137478,0.10077947989189227,0.10076624716196894,0.10075309448939271,0.10074002325139736,0.10072703480349837,0.10071413047833098,0.10070131158449064,0.10068857940537786,0.1006759351980482,0.10066338019206911,0.10065091558838463,0.10063854255818983,0.1006262622418157,0.10061407574762643,0.10060198415093027,0.10058998849290417,0.10057808977953579,0.10056628898058206,0.1005545870285478,0.10054298481768274,0.1005314832030006,0.10052008299932068,0.10050878498033335,0.10049758987769,0.10048649838012007,0.10047551113257427,0.10046462873539692,0.10045385174352747,0.10044318066573298,0.1004326159638717,0.10042215805218921,0.10041180729664864,0.10040156401429491,0.10039142847265431,0.10038140088917047,0.10037148143067698,0.10036167021290786,0.10035196730004647,0.10034237270431366,0.10033288638559454,0.10032350825110656,0.10031423815510829,0.10030507589864907,0.10029602122936064,0.1002870738412891,0.10027823337477519,0.10026949941636892,0.10026087149879273,0.10025234910094556,0.10024393164795171,0.10023561851125205,0.10022740900873935,0.10021930240493657,0.10021129791121883,0.10020339468607904,0.10019559183543655,0.10018788841298937,0.10018028342060917,0.10017277580877906,0.1001653644770741,0.1001580482746838,0.1001508260009768,0.10014369640610724,0.10013665819166104,0.10012971001134442,0.100122850471712,0.10011607813293484,0.10010939150960747,0.10010278907159391,0.10009626924491163,0.10008983041265303,0.10008347091594383,0.10007718905493775,0.1000709830898467,0.10006485124200551,0.10005879169497169,0.10005280259565749,0.10004688205549503,0.1000410281516331,0.10003523892816538,0.10002951239738868,0.10002384654109062,0.10001823931186557,0.10001268863445863,0.100007192407136,0.10000174850308152,0.09999635477181792,0.0999910090406519,0.09998570911614231,0.09998045278559106,0.09997523781855329,0.0999700619683697,0.09996492297371645,0.0999598185601741,0.09995474644181228,0.09994970432279054,0.09994468989897548,0.09993970085956895,0.09993473488875038,0.09992978966732986,0.09992486287441223,0.09991995218906895,0.09991505529201859,0.09991016986731373,0.09990529360403337,0.0999004241979793,0.09989555935337545,0.09989069678456862,0.09988583421772974,0.0998809693925541,0.09987610006395918,0.09987122400377796,0.09986633900244822,0.09986144287069497,0.09985653344120503,0.09985160857029228,0.09984666613955215,0.09984170405750432,0.09983672026122145,0.09983171271794299,0.09982667942667249,0.09982161841975709,0.09981652776444709,0.09981140556443577,0.09980624996137512,0.09980105913636836,0.09979583131143711,0.09979056475096175,0.09978525776309315,0.09977990870113473,0.09977451596489298,0.09976907800199514,0.09976359330917267,0.09975806043350911,0.0997524779736509,0.09974684458097847,0.0997411589607388,0.09973541987313601,0.09972962613437954,0.09972377661768823,0.09971787025424886,0.09971190603412887,0.09970588300714082,0.09969980028365787,0.09969365703538016,0.09968745249604895,0.09968118596210879,0.09967485679331793,0.09966846441330264,0.09966200831005753,0.09965548803638988,0.09964890321030774,0.09964225351535032,0.0996355387008605,0.09962875858219893,0.09962191304089868,0.0996150020247608,0.0996080255478895,0.09960098369066771,0.09959387659967056,0.09958670448751995,0.09957946763267699,0.09957216637917476,0.09956480113628922,0.09955737237814932,0.09954988064328832,0.09954232653413245,0.09953471071643137,0.09952703391862772,0.09951929693116923,0.09951150060576129,0.09950364585456219,0.09949573364932081,0.09948776502045792,0.09947974105609214,0.09947166290101139,0.09946353175559056,0.09945534887465668,0.09944711556630255,0.09943883319064983,0.09943050315856333,0.09942212693031721,0.09941370601421498,0.09940524196516357,0.09939673638320441,0.09938819091200221,0.09937960723729236,0.09937098708528998,0.09936233222106103,0.0993536444468568,0.09934492560041525,0.0993361775532282,0.09932740220878054,0.09931860150075629,0.09930977739121957,0.09930093186876988,0.09929206694667285,0.09928318466096904,0.09927428706856274,0.09926537624529219,0.09925645428398325,0.09924752329248833,0.09923858539171238,0.09922964271362768,0.09922069739927951,0.09921175159678448,0.0992028074593235,0.09919386714312958,0.09918493280547543,0.09917600660265985,0.09916709068799645,0.09915818720980522,0.09914929830940945,0.09914042611913988,0.09913157276034722,0.09912274034142507,0.09911393095584502,0.09910514668020579,0.09909638957229726,0.09908766166918287,0.09907896498529918,0.09907030151057634,0.09906167320858097,0.09905308201468228,0.09904452983424351,0.09903601854083977,0.0990275499745042,0.09901912594000364,0.09901074820514554,0.09900241849911733,0.09899413851086032,0.09898590988747737,0.09897773423267896,0.0989696131052666,0.09896154801765611,0.09895354043444113,0.09894559177099851,0.098937703392138,0.09892987661079498,0.09892211268676894,0.09891441282551088,0.09890677817695522,0.09889920983440248,0.0988917088334532,0.09888427615098981,0.09887691270421278,0.09886961934972908,0.09886239688269445,0.09885524603601055,0.09884816747957745,0.09884116181960245,0.09883422959796609,0.09882737129164565,0.09882058731219716,0.09881387800529655,0.09880724365033965,0.09880068446010273,0.09879420058046422,0.09878779209018392,0.09878145900074793,0.09877520125627222,0.09876901873346793,0.09876291124166947,0.09875687852292331,0.09875092025214004,0.09874503603730679,0.09873922541976207,0.09873348787453287,0.09872782281073204,0.0987222295720169,0.09871670743710899,0.09871125562037411,0.098705873272462,0.09870055948100541,0.0986953132713776,0.09869013360750797,0.0986850193927548,0.09867996947083434,0.09867498262680567,0.09867005758810901,0.09866519302565864,0.09866038755498735,0.0986556397374436,0.09865094808143672,0.09864631104373264,0.09864172703079452,0.09863719440017246,0.09863271146193536,0.09862827648014766,0.09862388767438593,0.09861954322129567,0.09861524125618654,0.09861097987466386,0.09860675713429402,0.09860257105630342,0.0985984196273079,0.09859430080107132,0.09859021250029068,0.09858615261840672,0.09858211902143707,0.09857810954983023,0.09857412202033872,0.09857015422790862,0.09856620394758334,0.09856226893642037,0.09855834693541789,0.09855443567144927,0.09855053285920387,0.0985466362031314,0.09854274339938655,0.0985388521377749,0.09853496010369463,0.09853106498007211,0.09852716444929237,0.09852325619511831,0.09851933790459873,0.09851540726996237,0.0985114619904953,0.09850749977440074,0.09850351834063815,0.09849951542074022,0.09849548876060478,0.0984914361222605,0.09848735528560355,0.09848324405010402,0.09847910023647916,0.0984749216883329,0.09847070627375702,0.09846645188689561,0.09846215644946843,0.09845781791225229,0.09845343425651862,0.0984490034954248,0.09844452367535868,0.09843999287723351,0.09843540921773186,0.09843077085049792,0.09842607596727461,0.09842132279898536,0.09841650961675938,0.09841163473289721,0.09840669650177601,0.0984016933206936,0.09839662363064938,0.0983914859170605,0.0983862787104121,0.09838100058684034,0.09837565016864666,0.09837022612474236,0.09836472717102185,0.09835915207066397,0.09835349963435859,0.09834776872045953,0.09834195823506156,0.09833606713199998,0.09833009441277293,0.09832403912638472,0.0983179003691087,0.09831167728417092,0.09830536906135137,0.09829897493650351,0.09829249419099166,0.09828592615104456,0.09827927018702687,0.09827252571262521,0.09826569218395093,0.09825876909855934,0.09825175599438506,0.09824465244859364,0.09823745807635037,0.09823017252950614,0.09822279549520173,0.09821532669439142,0.0982077658802866,0.09820011283672177,0.09819236737644214,0.09818452933931758,0.09817659859048326,0.0981685750184094,0.0981604585329027,0.09815224906304192,0.09814394655505185,0.09813555097011664,0.0981270622821377,0.09811848047543995,0.0981098055424291,0.09810103748120554,0.0980921762931394,0.0980832219804101,0.0980741745435163,0.09806503397876261,0.09805580027572715,0.0980464734147163,0.0980370533642126,0.09802754007832189,0.09801793349422648,0.09800823352965037,0.09799844008034396,0.09798855301759549,0.097978572185774,0.09796849739991452,0.09795832844335067,0.09794806506540275,0.09793770697912854,0.09792725385914475,0.0979167053395268,0.09790606101179417,0.09789532042298868,0.0978844830738554,0.09787354841712992,0.09786251585594262,0.09785138474234682,0.09784015437597601,0.09782882400283893,0.09781739281425922,0.09780585994596601,0.09779422447734153,0.0977824854308321,0.0977706417715286,0.09775869240692138,0.09774663618683511,0.09773447190354853,0.09772219829210389,0.09770981403080818,0.09769731774193267,0.09768470799261127,0.09767198329594527,0.09765914211230858,0.09764618285086246,0.09763310387127937,0.09761990348567422,0.09760657996074656,0.09759313152013059,0.09757955634695573,0.09756585258661338,0.09755201834972875,0.0975380517153376,0.0975239507342612,0.09750971343267964,0.0974953378158975,0.09748082187229844,0.09746616357748271,0.09745136089858324,0.09743641179875322,0.09742131424181942,0.09740606619709387,0.09739066564433702,0.09737511057886271,0.09735939901677906,0.09734352900035485,0.0973274986035038,0.09731130593737462,0.09729494915603885,0.09727842646226836,0.0972617361133858,0.09724487642718313,0.09722784578789488,0.09721064265221467,0.09719326555534381,0.09717571311706072,0.09715798404779832,0.09714007715471804,0.09712199134776865,0.09710372564571777,0.09708527918214321,0.09706665121137281,0.09704784111436005,0.09702884840448364,0.0970096727332591,0.09699031389595002,0.09697077183706802,0.0969510466557485,0.09693113861099184,0.09691104812675887,0.09689077579690826,0.09687032238996704,0.09684968885372254,0.096828876319624,0.09680788610698889,0.09678671972699918,0.09676537888648151,0.09674386549146122,0.09672218165048228,0.09670032967768599,0.09667831209563925,0.09665613163790639,0.09663379125135851,0.09661129409821344,0.0965886435578009,0.09656584322804766,0.09654289692667835,0.09651980869212752,0.0964965827841596,0.09647322368419346,0.09644973609532984,0.09642612494207714,0.09640239536977765,0.09637855274373058,0.09635460264801292,0.09633055088399699,0.09630640346856628,0.09628216663203036,0.09625784681574015,0.09623345066940621,0.09620898504812207,0.0961844570090965,0.0961598738080972,0.09613524289561177,0.09611057191272761,0.09608586868673771,0.09606114122647802,0.09603639771740109,0.0960116465163924,0.09598689614633618,0.09596215529043756,0.09593743278630806,0.09591273761982264,0.09588807891875568,0.09586346594620512,0.09583890809381083,0.09581441487477951,0.09578999591672285,0.0957656609543189,0.09574141982180646,0.09571728244532145,0.09569325883508632,0.09566935907746146,0.09564559332686941,0.09562197179760229,0.09559850475552278,0.09557520250966874,0.09555207540377404,0.09552913380771276,0.09550638810888032,0.09548384870352214,0.09546152598801956,0.09543943035014439,0.09541757216029244,0.09539596176270711,0.09537460946670348,0.09535352553790331,0.09533272018949195,0.09531220357350728,0.09529198577216978,0.09527207678926601,0.09525248654159406,0.09523322485048144,0.09521430143338451,0.09519572589557923,0.09517750772195302,0.09515965626890588,0.09514218075637032,0.09512509025995874,0.0951083937032467,0.0950920998501996,0.0950762172977529,0.09506075446854997,0.0950457196038478,0.09503112075659773,0.09501696578470684,0.0950032623444875,0.09499001788430098,0.09497723963840132,0.0949649346209853,0.09495310962045382,0.09494177119389004,0.09493092566175945,0.09492057910283447,0.09491073734935065,0.09490140598239662,0.09489259032754191,0.09488429545070576,0.09487652615426957,0.09486928697343676,0.09486258217284073,0.09485641574340442,0.09485079139945209,0.09484571257607556,0.09484118242675507,0.09483720382123718,0.09483377934366717,0.09483091129097872,0.09482860167154024,0.09482685220405697,0.09482566431672786,0.09482503914665691,0.09482497753951691,0.09482548004946455,0.09482654693930474,0.09482817818090213,0.09483037345583764,0.09483313215630607,0.0948364533862535,0.09484033596275093,0.09484477841760024,0.094849778999169,0.09485533567445058,0.09486144613134535,0.0948681077811586,0.09487531776131027,0.09488307293825385,0.09489136991059616,0.09490020501241586,0.09490957431677516,0.09491947363941759,0.09492989854264768,0.0949408443393876,0.0949523060974036,0.09496427864369716,0.09497675656905447,0.09498973423274845,0.09500320576738691,0.0950171650839006,0.09503160587666491,0.09504652162874892,0.09506190561728459,0.09507775091895034,0.09509405041556297,0.09511079679976872,0.09512798258083101,0.09514560009050421,0.09516364148898965,0.09518209877096531,0.09520096377168402,0.09522022817313205,0.09523988351024366,0.0952599211771629,0.09528033243354796,0.09530110841090983,0.0953222401189803,0.09534371845210274,0.09536553419563933,0.09538767803238835,0.09541014054900596,0.09543291224242592,0.095455983526272,0.09547934473725685,0.09550298614156205,0.09552689794119402,0.09555107028030885,0.09557549325150294,0.09560015690206339,0.09562505124017268,0.09565016624106368,0.09567549185311942,0.09570101800391383,0.09572673460618851,0.09575263156376136,0.0957786987773633,0.0958049261503988,0.09583130359462648,0.0958578210357573,0.09588446841896386,0.09591123571430094,0.09593811292203251,0.09596509007786294,0.09599215725806876,0.09601930458452923,0.09604652222965288,0.09607380042119769,0.09610112944698328,0.09612849965949267,0.09615590148036257,0.09618332540475888,0.09621076200563818,0.09623820193789268,0.09626563594237787,0.09629305484982174,0.09632044958461443,0.09634781116847861,0.09637513072401888,0.0964023994781504,0.09642960876540665,0.09645675003112568,0.09648381483451474,0.09651079485159528,0.0965376818780243,0.09656446783179662,0.09659114475582677,0.0966177048204111,0.09664414032557048,0.09667044370327474,0.09669660751954932,0.09672262447646518,0.09674848741401272,0.09677418931186078,0.09679972329100246,0.09682508261528684,0.09685026069284003,0.09687525107737606,0.0969000474693984,0.09692464371729388,0.09694903381832018,0.09697321191948838,0.09699717231834201,0.09702090946363366,0.09704441795590134,0.09706769254794553,0.09709072814520821,0.09711351980605737,0.09713606274197441,0.09715835231765016,0.0971803840509896,0.09720215361302642,0.0972236568277497,0.09724488967184385,0.09726584827434395,0.09728652891620776,0.09730692802980617,0.09732704219833394,0.09734686815514274,0.09736640278299681,0.09738564311325464,0.09740458632497709,0.09742322974396705,0.09744157084173598,0.09745960723440639,0.09747733668154387,0.09749475708493177,0.09751186648727966,0.09752866307087277,0.0975451451561639,0.09756131120030856,0.09757715979564696,0.09759268966813266,0.09760789967571162,0.0976227888066537,0.09763735617783804,0.09765160103299476,0.09766552274090479,0.09767912079356061,0.09769239480428947,0.09770534450584176,0.09771796974844664,0.09773027049783727,0.09774224683324728,0.09775389894538178,0.09776522713436457,0.09777623180766468,0.09778691347800311,0.0977972727612435,0.09780731037426883,0.0978170271328456,0.0978264239494789,0.09783550183126012,0.09784426187771007,0.09785270527861921,0.09786083331188827,0.09786864734137002,0.09787614881471556,0.09788333926122755,0.09789022028972198,0.0978967935864006,0.09790306091273648,0.09790902410337436,0.09791468506404828,0.09792004576951785,0.09792510826152552,0.09792987464677687,0.09793434709494427,0.09793852783669714,0.09794241916176026,0.09794602341700091,0.09794934300454679,0.09795238037993576,0.09795513805029928,0.09795761857257981,0.09795982455178408,0.0979617586392726,0.09796342353108708,0.09796482196631522,0.09796595672549609,0.0979668306290625,0.09796744653582494,0.09796780734149574,0.09796791597725374,0.09796777540834987,0.09796738863275353,0.09796675867983988,0.09796588860911784,0.09796478150899877,0.09796344049560507,0.09796186871161926,0.09796006932517114,0.09795804552876419,0.09795580053824031,0.09795333759178101,0.09795065994894572,0.0979477708897445,0.09794467371374607,0.09794137173921819,0.09793786830230047,0.09793416675620793,0.09793027047046396,0.0979261828301611,0.09792190723525,0.09791744709985092,0.09791280585159054,0.09790798693096102,0.0979029937906991,0.0978978298951843,0.09789249871985424,0.09788700375063547,0.09788134848338823,0.0978755364233632,0.09786957108466873,0.09786345598974705,0.09785719466885646,0.09785079065955925,0.09784424750621334,0.09783756875946535,0.097830757975744,0.09782381871675173,0.09781675454895329,0.09780956904305942,0.09780226577350329,0.09779484831788925,0.09778732025648477,0.09777968517165656,0.09777194664730351,0.09776410826829342,0.0977561736198477,0.09774814628693611,0.09774002985364912,0.09773182790254989,0.09772354401400526,0.09771518176549501,0.09770674473089823,0.09769823647975628,0.09768966057651116,0.09768102057971914,0.09767232004123781,0.09766356250538707,0.09765475150808423,0.09764589057595176,0.09763698322539834,0.09762803296167244,0.09761904327788952,0.09761001765403236,0.09760095955592461,0.09759187243417855,0.09758275972311763,0.09757362483967331,0.09756447118225947,0.09755530212962049,0.09754612103965869,0.09753693124824021,0.09752773606797972,0.09751853878700618,0.09750934266771001,0.09750015094547353,0.09749096682738566,0.09748179349094227,0.09747263408273395,0.09746349171712268,0.09745436947490789,0.09744527040198478,0.0974361975079964,0.09742715376498087,0.0974181421060153,0.09740916542385826,0.09740022656959291,0.09739132835127241,0.0973824735325687,0.09737366483142797,0.09736490491873333,0.09735619641697706,0.0973475418989453,0.09733894388641391,0.09733040484886113,0.09732192720219687,0.09731351330751115,0.09730516546984291,0.09729688593697172,0.0972886768982337,0.09728054048336368,0.09727247876136538,0.09726449373941132,0.0972565873617744,0.09724876150879197,0.09724101799586468,0.09723335857249235,0.09722578492134737,0.09721829865738758,0.09721090132700866,0.09720359440723203,0.09719637930496372,0.09718925735626804,0.09718222982569694,0.09717529790566777,0.09716846271588872,0.09716172530283483,0.09715508663927133,0.09714854762382952,0.0971421090806341,0.09713577175898236,0.0971295363330763,0.09712340340180818,0.0971173734885996,0.09711144704129471,0.09710562443210802,0.09709990595762638,0.09709429183886638,0.09708878222138528,0.09708337717544702,0.09707807669624309,0.09707288070416739,0.09706778904514514,0.09706280149101508,0.09705791773996499,0.09705313741701987,0.09704846007458136,0.0970438851930187,0.09703941218131044,0.09703504037773453,0.0970307690506087,0.09702659739907563,0.09702252455393631,0.09701854957852851,0.09701467146964897,0.09701088915851822,0.09700720151178716,0.09700360733258324,0.0970001053615956,0.09699669427819728,0.09699337270160302,0.09699013919206186,0.09698699225208156,0.09698393032768475,0.09698095180969539,0.09697805503505108,0.09697523828814511,0.09697249980219187,0.09696983776061538,0.09696725029846186,0.09696473550383156,0.09696229141932972,0.09695991604353693,0.09695760733249477,0.09695536320120814,0.09695318152515948,0.09695106014183756,0.09694899685227774,0.09694698942261282,0.09694503558563346,0.09694313304235731,0.09694127946360585,0.09693947249158817,0.0969377097414908,0.09693598880307272,0.09693430724226566,0.09693266260277734,0.0969310524076983,0.09692947416111174,0.09692792534970691,0.09692640344439232,0.09692490590191154,0.0969234301664594,0.09692197367129986,0.09692053384038345,0.09691910808996373,0.09691769383021599,0.0969162884668529,0.09691488940274157,0.09691349403951631,0.09691209977919242,0.09691070402577742,0.09690930418688051,0.09690789767531954,0.09690648191072522,0.09690505432114262,0.09690361234462909,0.09690215343084865,0.09690067504266225,0.09689917465771374,0.09689764977001028,0.09689609789149733,0.096894516553628,0.09689290330892633,0.09689125573254263,0.09688957142380128,0.09688784800774142,0.09688608313664684,0.09688427449156736,0.09688241978382905,0.09688051675653436,0.09687856318604929,0.09687655688347914,0.09687449569612855,0.0968723775089486,0.0968702002459687,0.09686796187171169,0.09686566039259234,0.09686329385829748,0.09686086036314734,0.09685835804743681,0.09685578509875584,0.09685313975328796,0.09685042029708618,0.09684762506732444,0.09684475245352378,0.0968418008987536,0.09683876890080541,0.09683565501333845,0.09683245784699643,0.09682917607049407,0.09682580841167239,0.09682235365852156,0.09681881066017045,0.0968151783278426,0.09681145563577524,0.09680764162210356,0.09680373538970478,0.09679973610700551,0.09679564300874854,0.09679145539671892,0.09678717264042802,0.09678279417775416,0.09677831951553945,0.09677374823014102,0.09676907996793604,0.0967643144457794,0.09675945145141292,0.09675449084382483,0.09674943255355832,0.09674427658296925,0.09673902300643096,0.09673367197048573,0.09672822369394132,0.09672267846791259,0.09671703665580664,0.0967112986932503,0.09670546508796034,0.09669953641955456,0.09669351333930315,0.09668739656982106,0.09668118690469696,0.09667488520806292,0.09666849241410148,0.09666200952649037,0.09665543761778411,0.09664877782873277,0.09664203136753687,0.09663519950903894,0.09662828359385114,0.09662128502741898,0.09661420527902173,0.0966070458807086,0.09659980842617129,0.09659249456955403,0.09658510602420113,0.09657764456134184,0.09657011200871378,0.0965625102491259,0.09655484121896137,0.09654710690662106,0.09653930935090964,0.09653145063936483,0.09652353290653091,0.09651555833217966,0.09650752913947602,0.09649944759309556,0.09649131599729231,0.0964831366939196,0.09647491206040623,0.09646664450768991,0.09645833647811042,0.09644999044326515,0.09644160890182947,0.09643319437734449,0.09642474941597597,0.09641627658424613,0.09640777846674171,0.09639925766380307,0.09639071678919596,0.09638215846777054,0.09637358533311036,0.09636500002517613,0.09635640518794719,0.09634780346706466,0.09633919750748127,0.09633058995112073,0.09632198343455153,0.09631338058667999,0.09630478402646399,0.09629619636065585,0.09628762018157605,0.09627905806492316,0.09627051256762383,0.09626198622572786,0.0962534815523524,0.09624500103567991,0.0962365471370141,0.09622812228889825,0.09621972889330055,0.09621136931986998,0.09620304590426677,0.09619476094657287,0.09618651670978492,0.09617831541839451,0.09617015925705845,0.09616205036936352,0.09615399085668866,0.09614598277716732,0.09613802814475442,0.09613012892839908,0.09612228705132692,0.09611450439043469,0.09610678277579653,0.09609912399028799,0.09609152976932696,0.09608400180073363,0.09607654172471063,0.09606915113394408,0.09606183157382675,0.09605458454280308,0.09604741149283666,0.09604031382999965,0.09603329291518424,0.09602635006493443,0.09601948655239713,0.09601270360839273,0.09600600242260177,0.0959993841448668,0.09599284988660621,0.0959864007223387,0.09598003769131455,0.09597376179925075,0.09596757402016716,0.09596147529831957,0.09595546655022572,0.09594954866678101,0.09594372251545664,0.09593798894257925,0.09593234877568511,0.095926802825944,0.09592135189064745,0.09591599675575598,0.09591073819849939,0.0959055769900246,0.09590051389808439,0.09589554968976172,0.09589068513422269,0.09588592100549173,0.09588125808524199,0.09587669716559599,0.09587223905192863,0.09586788456566568,0.09586363454707135,0.09585948985801851,0.09585545138473402,0.09585152004051271,0.0958476967683935,0.09584398254379072,0.09584037837707397,0.09583688531609062,0.09583350444862192,0.09583023690477013,0.09582708385926783,0.0958240465337043,0.09582112619866245,0.09581832417576094,0.09581564183959557,0.09581308061957478,0.09581064200164374,0.09580832752989249,0.09580613880804277,0.09580407750080949,0.09580214533513189,0.09580034410127167,0.09579867565377202,0.09579714191227769,0.09579574486220913,0.09579448655528977,0.0957933691099243,0.09579239471142366,0.09579156561207691,0.09579088413106705,0.09579035265422953,0.09578997363365356,0.09578974958712252,0.09578968309739704,0.09578977681133806,0.09579003343887112,0.09579045575179179,0.09579104658241384,0.09579180882206083,0.09579274541940283,0.09579385937864018,0.09579515375753635,0.09579663166530233,0.09579829626033536,0.09580015074781392,0.09580219837715451,0.09580444243933198,0.09580688626406782,0.09580953321688994,0.09581238669607016,0.09581545012944054,0.09581872697109639,0.09582222069798932,0.09582593480641652,0.09582987280841064,0.09583403822803702,0.09583843459760107,0.09584306545377588,0.09584793433365321,0.09585304477072468,0.09585840029079948,0.0958640044078646,0.09586986061989466,0.0958759724046169,0.09588234321523868,0.09588897647614371,0.09589587557856377,0.09590304387623261,0.09591048468102752,0.09591820125860757,0.09592619682405333,0.09593447453751543,0.09594303749987786,0.09595188874844354,0.09596103125264767,0.0959704679098054,0.0959802015409009,0.09599023488642273,0.09600057060225277,0.09601121125561443,0.09602215932108396,0.09603341717667419,0.09604498709999364,0.0960568712644872,0.09606907173576355,0.09608159046801427,0.09609442930052967,0.096107589954316,0.09612107402881859,0.09613488299875522,0.09614901821106404,0.09616348088196955,0.09617827209417007,0.09619339279415158,0.09620884378963006,0.09622462574712591,0.09624073918967273,0.09625718449466397,0.09627396189183932,0.09629107146141243,0.09630851313234377,0.09632628668075842,0.09634439172851127,0.09636282774190164,0.09638159403053552,0.09640068974634014,0.09642011388272936,0.09643986527392055,0.09645994259440328,0.09648034435856005,0.09650106892043854,0.09652211447367522,0.09654347905156972,0.0965651605273091,0.09658715661434109,0.09660946486689537,0.0966320826806502,0.09665500729354512,0.0966782357867367,0.0967017650856957,0.09672559196144312,0.09674971303192453,0.09677412476351838,0.09679882347267686,0.0968238053276973,0.09684906635062016,0.09687460241925144,0.0969004092693072,0.09692648249667436,0.09695281755978863,0.09697940978212358,0.09700625435478805,0.09703334633922882,0.09706068067003451,0.09708825215783756,0.09711605549231025,0.0971440852452511,0.0971723358737581,0.09720080172348483,0.09722947703197535,0.09725835593207327,0.09728743245540342,0.09731670053591882,0.0973461540135124,0.09737578663768659,0.0974055920712782,0.09743556389423458,0.09746569560743575,0.09749598063656056,0.0975264123359909,0.09755698399275099,0.09758768883047807,0.09761852001341818,0.09764947065044668,0.09768053379910722,0.09771170246966604,0.09774296962917728,0.09777432820555615,0.09780577109165586,0.0978372911493446,0.09786888121357906,0.09790053409647097,0.09793224259134298,0.09796399947677083,0.09799579752060687,0.09802762948398425,0.09805948812529638,0.09809136620414977,0.09812325648528598,0.09815515174247029,0.09818704476234477,0.09821892834824178,0.09825079532395524,0.09828263853746814,0.09831445086463222,0.09834622521279845,0.09837795452439387,0.09840963178044539,0.09844125000404645,0.09847280226376436,0.09850428167698684,0.09853568141320539,0.09856699469723361,0.09859821481235888,0.09862933510342539,0.09866034897984706,0.09869124991854893,0.09872203146683553,0.09875268724518362,0.09878321094996051,0.09881359635606486,0.09884383731948992,0.09887392777980716,0.09890386176257036,0.09893363338163919,0.09896323684142053,0.0989926664390286,0.09902191656636196,0.09905098171209752,0.09907985646360123,0.09910853550875375,0.09913701363769337,0.0991652857444745,0.09919334682864157,0.09922119199671897,0.09924881646361665,0.09927621555395169,0.09930338470328623,0.09933031945928181,0.09935701548277058,0.09938346854874416,0.09940967454726027,0.09943562948426665,0.09946132948234557,0.09948677078137728,0.0995119497391245,0.09953686283173743,0.09956150665418177,0.09958587792058939,0.09960997346453279,0.09963379023922524,0.09965732531764676,0.09968057589259734,0.09970353927667884,0.09972621290220529,0.0997485943210453,0.09977068120439624,0.09979247134249172,0.09981396264424386,0.09983515313682155,0.0998560409651663,0.09987662439144696,0.09989690179445486,0.09991687166894066,0.09993653262489464,0.09995588338677226,0.0999749227926643,0.09999364979341678,0.10001206345169943,0.10003016294102549,0.10004794754472358,0.1000654166548641,0.10008256977114101,0.10009940649971058,0.10011592655198948,0.10013212974341264,0.10014801599215326,0.10016358531780616,0.10017883784003512,0.10019377377718762,0.10020839344487727,0.1002226972545354,0.1002366857119334,0.10025035941567718,0.10026371905567547,0.10027676541158247,0.10028949935121734,0.10030192182896078,0.10031403388413059,0.10032583663933753,0.10033733129882115,0.10034851914676955,0.10035940154562092,0.10036997993435133,0.10038025582674699,0.10039023080966218,0.10039990654126668,0.10040928474927985,0.10041836722919428,0.10042715584248957,0.10043565251483663,0.10044385923429365,0.10045177804949276,0.10045941106782105,0.1004667604535941,0.1004738284262234,0.10048061725837833,0.10048712927414238,0.10049336684716526,0.10049933239881002,0.10050502839629671,0.10051045735084208,0.10051562181579608,0.10052052438477602,0.10052516768979601,0.10052955439939613,0.10053368721676842,0.1005375688778815,0.10054120214960288,0.10054458982782077,0.10054773473556408,0.10055063972112147,0.10055330765616072,0.10055574143384681,0.10055794396696079,0.10055991818601873,0.10056166703739057,0.10056319348142122,0.10056450049055288,0.10056559104744928,0.10056646814312233,0.1005671347750619,0.10056759394536917,0.10056784865889402,0.1005679019213776,0.10056775673760017,0.10056741610953568,0.10056688303451372,0.10056616050338799,0.10056525149871556,0.10056415899294525,0.10056288594661746,0.10056143530657564,0.10055981000419133,0.10055801295360368,0.10055604704997395,0.10055391516775819,0.10055162015899709,0.10054916485162634,0.10054655204780782,0.10054378452228244,0.1005408650207486,0.10053779625826549,0.10053458091768394,0.10053122164810581,0.10052772106337403,0.1005240817405946,0.10052030621869242,0.1005163969970024,0.1005123565338979,0.10050818724545753,0.10050389150417342,0.10049947163769933,0.10049492992764464,0.10049026860841266,0.10048548986608652,0.1004805958373629,0.10047558860853646,0.10047047021453558,0.10046524263801075,0.1004599078084782,0.10045446760151877,0.10044892383803418,0.10044327828356168,0.10043753264764743,0.10043168858328165,0.10042574768639524,0.10041971149541919,0.10041358149090737,0.10040735909522427,0.10040104567229771,0.10039464252743767,0.10038815090722167,0.10038157199944743,0.10037490693315311,0.10036815677870588,0.10036132254795731,0.1003544051944691,0.1003474056138064,0.1003403246439006,0.10033316306548032,0.10032592160257155,0.10031860092306598,0.10031120163935757,0.10030372430904777,0.10029616943571779,0.10028853746976862,0.1002808288093277,0.10027304380122101,0.10026518274201217,0.10025724587910588,0.10024923341191598,0.1002411454930969,0.10023298222983792,0.10022474368521934,0.10021642987962971,0.10020804079224303,0.10019957636255526,0.1001910364919785,0.10018242104549308,0.10017372985335352,0.10016496271285089,0.10015611939012826,0.10014719962204835,0.10013820311811195,0.10012912956242603,0.1001199786157209,0.10011074991741291,0.10010144308771382,0.10009205772978318,0.10008259343192387,0.10007304976981787,0.10006342630880086,0.10005372260617534,0.10004393821355913,0.1000340726792678,0.1000241255507294
11.25,1.0041764352257347,1.0083561771796417,1.0125405648519725,1.0167308075529176,1.0209279970081282,1.0251331183163606,1.029347059901341,1.0335706225726373,1.0378045277951435,1.042049425253522,1.0463058997863754,1.0505744777548471,1.0548556329016106,1.0591497917486283,1.063457338575532,1.067778620014882,1.0721139492956642,1.076463610162314,1.080827860493025,1.0852069356380993,1.0896010514965728,1.0940104073472383,1.0984351884483619,1.102875568418928,1.1073317114129793,1.1118037740976086,1.1162919074442934,1.1207962583425695,1.1253169710444817,1.12985418844775,1.1344080532252485,1.138978708808057,1.1435663002291252,1.1481709748343172,1.152792882867492,1.1574321779361028,1.1620890173636218,1.166763562435081,1.1714559785418281,1.176166435231522,1.1808951061692852,1.1856421690158365,1.1904078052283118,1.1951921997893697,1.1999955408700822,1.2048180194319642,1.2096598287734,1.2145211640255624,1.219402221602815,1.2243031986124238,1.2292242922282568,1.234165699033013,1.2391276143333436,1.2441102314520947,1.2491137410017021,1.2541383301426272,1.2591841818306984,1.2642514740566626,1.2693403790814672,1.2744510626713343,1.2795836833327263,1.2847383915538277,1.2899153290533387,1.2951146280393389,1.3003364104806718,1.3055807873930934,1.3108478581422716,1.3161377097655607,1.3214504163143317,1.3267860382184884,1.3321446216746622,1.3375261980594406,1.3429307833688464,1.3483583776851573,1.3538089646720395,1.3592825110988231,1.3647789663946677,1.3702982622332227,1.3758403121482958,1.3814050111809353,1.386992235558253,1.3926018424041433,1.3982336694821047,1.4038875349701523,1.4095632372677975,1.4152605548349708,1.4209792460626987,1.426719049175278,1.4324796821636148,1.438260842749357,1.4440622083793673,1.4498834362500395,1.4557241633609146,1.461584006597004,1.4674625628391778,1.4733594091019457,1.4792741026979133,1.4852061814281625,1.4911551637977818,1.4971205492557293,1.5031018184582,1.5090984335546347,1.5151098384954942,1.5211354593609017,1.5271747047092357,1.5332269659447517,1.539291617703294,1.5453680182551437,1.5514555099240552,1.5575534195215126,1.5636610587952495,1.5697777248910567,1.5759027008269215,1.5820352559785238,1.5881746465751325,1.5943201162049407,1.6004708963288923,1.606626206802047,1.612785256401561,1.618947243360346,1.6251113559054982,1.6312767728005924,1.6374426638909554,1.6436081906510382,1.6497725067330384,1.6559347585159172,1.6620940856539987,1.6682496216243343,1.6744004942720527,1.6805458263529187,1.6866847360723616,1.6928163376202403,1.6989397417006442,1.705054056056046,1.7111583859851454,1.717251834853773,1.723333504598221,1.7294024962204622,1.735457910274639,1.7414988473443076,1.7475244085100046,1.7535336958064236,1.7595258126689513,1.7654998643690745,1.771454958438229,1.777390205079723,1.7833047175683652,1.789197612637475,1.7950680108529657,1.8009150369742335,1.80673782030159,1.8125354950100245,1.818307200469089,1.8240520815487424,1.8297692889109995,1.8354579792872674,1.841117315741274,1.8467464679175154,1.8523446122751779,1.8579109323075138,1.8634446187466727,1.8689448697540103,1.8744108910959383,1.879841896305368,1.885237106828864,1.8905957521596108,1.8959170699563386,1.9012003061483702,1.9064447150269688,1.911649559323186,1.9168141102724388,1.921937647666051,1.927019459890022,1.9320588439512936,1.9370551054918266,1.942007558790774,1.9469155267551028,1.951778340898991,1.9565953413123625,1.9613658766189344,1.966089303924154,1.9707649887534275,1.9753923049810478,1.979970634750238,1.9844993683847396,1.988977904292386,1.9934056488611023,1.9977820163477877,2.0021064287605426,2.006378315734699,2.0105971144031285,2.0147622692613045,2.018873232027577,2.022929461499106,2.0269304234041825,2.030875590251026,2.034764441173761,2.038596461775628,2.0423711439702457,2.0460879858207375,2.0497464913884893,2.0533461705631844,2.056886538902064,2.0603671174700398,2.0637874326803427,2.067147016136195,2.070445404474186,2.073682139209782,2.0768567665854523,2.079968837421796,2.0830179069720525,2.086003534780379,2.0889252845442448,2.0917827239812885,2.0945754247009676,2.097302962081306,2.099964915151045,2.102560866477461,2.1050904020601333,2.1075531112308905,2.1099485865601686,2.112276423770013,2.1145362216538963,2.116727582003564,2.118850109543063,2.1209034118701093,2.1228870994049553,2.124800785346866,2.1266440856383344,2.1284166189371483,2.1301180065963834,2.131747872652428,2.1333058438210952,2.134791549501896,2.1362046217905055,2.137544695499489,2.1388114081872898,2.1400044001955174,2.1411233146945308,2.142167797737329,2.143137498321715,2.14403206846074,2.1448511632613623,2.1455944410112995,2.1462615632740043,2.1468521949917108,2.1473660045964524,2.147802664128991,2.148161849365526,2.1484432399520963,2.148646519546536,2.1487713759678475,2.148817501352864,2.148784592320009,2.148672350140015,2.148480480913394,2.1482086957544753,2.1478567109818054,2.147424248314685,2.1469110350756178,2.14631680439843,2.145641295441808,2.144884253607991,2.144045430766346,2.1431245854815457,2.142121483246047,2.1410358967165872,2.1398676059543593,2.138616398668579,2.1372820704630904,2.135864425085696,2.1343632746798575,2.132778440038427,2.131109750859057,2.129357046000929,2.1275201737424454,2.1255989920395133,2.1235933687840562,2.121503182062383,2.119328320413051,2.117068683083834,2.114724180287436,2.112294733455581,2.1097802754910964,2.1071807510176317,2.1044961166266374,2.101726341121255,2.0988714057567375,2.095931304477068,2.0929060441474094,2.0897956447820505,2.086600139767505,2.0833195760804357,2.0799540145000766,2.0765035298148393,2.072968211022791,2.069348161525713,2.0656434993164403,2.0618543571592056,2.0579808827627177,2.054023238945715,2.04998160379474,2.0458561708138974,2.041647149066375,2.037354763307502,2.032979254109145,2.02852087797525,2.0239799074483495,2.0193566312068674,2.0146513541530653,2.0098643974914894,2.0049960987977817,2.0000468120777493,1.9950169078165723,1.9899067730180768,1.9847168112339675,1.9794474425829787,1.9740991037598734,1.9686722480342544,1.9631673452391531,1.957584881749383,1.9519253604496525,1.9461893006924385,1.940377238245643,1.9344897252300615,1.928527330046704,1.922490637294022,1.9163802476750988,1.9101967778948892,1.903940860547576,1.8976131439941537,1.8912142922303299,1.884744984744871,1.8782059163685005,1.8715977971134965,1.8649213520041172,1.85817732089801,1.8513664582987621,1.8444895331597466,1.8375473286794541,1.8305406420884698,1.8234702844282962,1.8163370803222079,1.8091418677383344,1.8018854977451826,1.7945688342598,1.7871927537887993,1.7797581451624593,1.7722659092621311,1.7647169587411724,1.757112217739643,1.7494526215929993,1.7417391165350204,1.733972659395216,1.7261542172909452,1.718284767314509,1.710365296215449,1.7023968000783132,1.6943802839961295,1.686316761739847,1.6782072554239909,1.670052795168788,1.6618544187590132,1.653613171299811,1.6453301048697428,1.6370062781713177,1.6286427561792476,1.6202406097866877,1.6118009154497048,1.603324754830221,1.5948132144376814,1.586267385269687,1.5776883624518354,1.5690772448770085,1.5604351348443433,1.5517631376981207,1.5430623614668035,1.5343339165024512,1.5255789151207364,1.5167984712417875,1.507993700032069,1.4991657175475226,1.4903156403781743,1.4814445852944147,1.472553668895159,1.4636440072580823,1.4547167155921252,1.4457729078924637,1.4368136965981213,1.427840192252418,1.4188535031664185,1.4098547350855608,1.400844990859636,1.391825370116268,1.3827969689380701,1.3737608795436158,1.3647181899723826,1.355669983773806,1.346617339700587,1.337561331406383,1.3285030271480145,1.3194434894923044,1.3103837750276803,1.3013249340806383,1.292268010437191,1.2832140410693926,1.2741640558670448,1.2651190773746785,1.2560801205338943,1.2470481924311485,1.2380242920510651,1.229009410035343,1.2200045284473313,1.2110106205423319,1.2020286505436957,1.1930595734247589,1.1841043346966744,1.17516387020218,1.1662391059153476,1.1573309577473445,1.1484403313582414,1.139568121974893,1.1307152142149124,1.1218824819167605,1.1130707879759623,1.104280984187457,1.095513911094094,1.0867703978412688,1.0780512620377072,1.0693573096223747,1.0606893347375193,1.0520481196078215,1.0434344344256388,1.0348490372423214,1.026292673865579,1.0177660777628645,1.0092699699707441,1.0008050590102369,0.9923720408080497,0.9839715986237008,0.9756044029824714,0.9672711116141455,0.958972369397485,0.9507088083103893,0.9424810473856826,0.9342896926724766,0.9261353372030421,0.9180185609651343,0.9099399308797006,0.9019000007839101,0.8938993114194318,0.8859383904258927,0.8780177523394436,0.8701378985963556,0.8622993175415732,0.8545024844421453,0.8467478615054553,0.8390358979021675,0.831367029793809,0.8237416803649033,0.816160259859571,0.8086231656225102,0.8011307821442717,0.79368348111074,0.786281621456731,0.7789255494236192,0.7716155986209007,0.7643520900916034,0.7571353323814556,0.7499656216117145,0.742843241555569,0.7357684637180214,0.7287415474191553,0.7217627398806971,0.7148322763157778,0.7079503800218044,0.7011172624763421,0.6943331234359195,0.6875981510376634,0.6809125219036658,0.6742764012479965,0.667689942986264,0.6611532898476371,0.6546665734892295,0.6482299146127639,0.6418434230834166,0.6355071980507595,0.6292213280717041,0.6229858912353612,0.6168009552897276,0.6106665777701097,0.6045828061292007,0.5985496778687195,0.5925672206725302,0.5866354525411558,0.5807543819275998,0.5749240078743957,0.5691443201518012,0.5634152993970527,0.5577369172546046,0.5521091365172704,0.5465319112681867,0.5410051870235266,0.5355289008758817,0.5301029816382402,0.524727349988487,0.5194019186143504,0.5141265923587256,0.5089012683653058,0.5037258362244472,0.4986001781192035,0.4935241689714614,0.48849767658811166,0.48352056180719044,0.4785926786439302,0.47371387443665386,0.4688839899924576,0.46410285973261695,0.45937031183766314,0.4546861683920704,0.4500502455284995,0.4454623535715444,0.44092229718092885,0.4364298754941014,0.43198488226818,0.42758710602119765,0.42323633017260004,0.41893233318295314,0.4146748886928127,0.41046376566071535,0.4062987285002483,0.4021795372161577,0.3981059475394569,0.394077711061497,0.3900945753669643,0.3861562841657664,0.3822625774237793,0.3784131914924178,0.3746078592370013,0.3708463101638827,0.3671282705463159,0.36345346354903074,0.3598216093514922,0.35623242526981763,0.35268562587732993,0.3491809231237232,0.3457180264528201,0.34229664291890244,0.3389164773015937,0.33557723221927904,0.33227860824104377,0.32902030399711646,0.3258020162878029,0.3226234401908968,0.3194842691675554,0.31638419516663013,0.31332290872744184,0.3103000990809914,0.30731545424959794,0.3043686611449603,0.3014594056646307,0.29858737278690095,0.29575224666409533,0.2929537107142654,0.29019144771128713,0.2874651398733578,0.2847744689498923,0.28211911630681913,0.2794987630102778,0.27691308990871827,0.27436177771340664,0.2718445070773395,0.26936095867257087,0.26691081326595717,0.2644937517933252,0.26210945543206865,0.2597576056721813,0.25743788438573284,0.2551499738947946,0.25289355703782535,0.2506683172345245,0.24847393854916244,0.24631010575239817,0.24417650438159375,0.24207282079963705,0.2399987422522833,0.23795395692402774,0.23593815399251963,0.23395102368153198,0.23199225731249795,0.23006154735462722,0.2281585874736163,0.22628307257896463,0.22443469886991213,0.22261316388001046,0.22081816652034342,0.2190494071214104,0.2173065874736874,0.21558941086688074,0.2138975821278889,0.2122308076574865,0.21058879546574652,0.20897125520621693,0.2073778982088658,0.20580843751181177,0.20426258789185522,0.2027400658938265,0.20124058985876647,0.1997638799509565,0.19830965818381335,0.1968776484446651,0.195467576518425,0.19407917011017956,0.192712158866706,0.1913662743969376,0.19004125029139146,0.1887368221405765,0.18745272755239697,0.1861887061685693,0.18494449968006738,0.18371985184161385,0.1825145084852334,0.1813282175328845,0.18016072900818625,0.17901179504725676,0.17788116990867955,0.1767686099826138,0.17567387379906568,0.174596722035337,0.17353691752266615,0.1724942252520796,0.17146841237946897,0.17045924822990988,0.16946650430123905,0.16848995426690597,0.16752937397811435,0.16658454146526996,0.16565523693875095,0.16474124278901567,0.16384234358606495,0.16295832607827365,0.16208897919060705,0.16123409402223896,0.16039346384358516,0.15956688409276937,0.1587541523715358,0.1579550684406242,0.15716943421462226,0.15639705375631083,0.1556377332705169,0.15489128109748826,0.15415750770580555,0.15343622568484735,0.15272724973681948,0.15203039666836657,0.15134548538177817,0.15067233686580417,0.15001077418609338,0.1493606224752694,0.14872170892265718,0.14809386276367384,0.14747691526889783,0.14687069973282893,0.14627505146235278,0.14568980776492269,0.14511480793647114,0.14454989324906448,0.14399490693831218,0.1434496941905441,0.14291410212976616,0.14238797980440807,0.14187117817387346,0.14136355009490473,0.14086495030777296,0.14037523542230476,0.13989426390375628,0.13942189605854557,0.1389579940198527,0.1385024217330985,0.13805504494131188,0.13761573117039472,0.13718434971429444,0.13676077162009295,0.13634486967302123,0.13593651838140788,0.13553559396157008,0.13514197432265596,0.13475553905144477,0.13437616939711414,0.13400374825598044,0.1336381601562204,0.13327929124258053,0.1329270292610806,0.13258126354371808,0.13224188499317946,0.1319087860675642,0.1315818607651273,0.13126100460904513,0.13094611463221031,0.13063708936206025,0.13033382880544367,0.13003623443352977,0.1297442091667639,0.1294576573598743,0.12917648478693183,0.1289005986264683,0.1286299074466549,0.12836432119054422,0.1281037511613787,0.12784811000796736,0.12759731171013428,0.12735127156423967,0.12710990616877588,0.12687313341004053,0.12664087244788705,0.1264130437015553,0.12618956883558213,0.12597037074579373,0.12575537354537983,0.12554450255105123,0.12533768426928035,0.12513484638262562,0.12493591773613935,0.1247408283238599,0.12454950927538722,0.1243618928425426,0.12417791238611113,0.12399750236266734,0.12382059831148351,0.12364713684151926,0.12347705561849327,0.12331029335203442,0.12314678978291323,0.12298648567035197,0.12282932277941276,0.12267524386846244,0.12252419267671369,0.122376113911841,0.12223095323767041,0.12208865726194236,0.12194917352414622,0.12181245048342555,0.12167843750655262,0.12154708485597224,0.12141834367791253,0.12129216599056253,0.12116850467231485,0.12104731345007345,0.12092854688762424,0.12081216037406878,0.1206981101123196,0.12058635310765654,0.12047684715634299,0.12036955083430163,0.12026442348584936,0.1201614252124897,0.12006051686176324,0.1199616600161551,0.11986481698205914,0.11976995077879878,0.11967702512770347,0.1195860044412417,0.11949685381220942,0.11940953900297432,0.11932402643477615,0.11924028317708281,0.1191582769370022,0.11907797604875117,0.11899934946318075,0.11892236673735879,0.11884699802420995,0.11877321406221442,0.11870098616516486,0.11863028621198388,0.1185610866366008,0.11849336041789092,0.11842708106967602,0.11836222263078847,0.11829875965519995,0.11823666720221503,0.1181759208267317,0.11811649656956945,0.11805837094786706,0.11800152094555048,0.11794592400387283,0.11789155801202778,0.1178384012978377,0.11778643261851848,0.11773563115152208,0.11768597648545892,0.11763744861110093,0.11759002791246836,0.1175436951580005,0.11749843149181306,0.11745421842504337,0.11741103782728496,0.11736887191811535,0.11732770325871451,0.11728751474358023,0.11724828959233873,0.11721001134165542,0.11717266383724463,0.11713623122598192,0.1171006979481194,0.11706604872960703,0.11703226857452019,0.11699934275759655,0.11696725681688273,0.11693599654649296,0.1169055479894809,0.11687589743082653,0.1168470313905392,0.11681893661687834,0.11679160007969343,0.11676500896388374,0.11673915066298063,0.11671401277285201,0.11668958308553119,0.11666584958317053,0.11664280043212111,0.11662042397714052,0.11659870873572688,0.11657764339258289,0.11655721679420888,0.11653741794362643,0.11651823599523231,0.11649966024978424,0.11648168014951807,0.11646428527339733,0.11644746533249478,0.11643121016550718,0.11641550973440241,0.11640035412019974,0.11638573351888216,0.11637163823744229,0.11635805869005987,0.1163449853944118,0.11633240896811378,0.11632032012529274,0.11630870967329059,0.11629756850949759,0.11628688761831518,0.11627665806824711,0.11626687100911783,0.11625751766941836,0.11624858935377637,0.11624007744055127,0.11623197337955217,0.11622426868987747,0.1162169549578745,0.1162100238352186,0.11620346703710842,0.11619727634057744,0.11619144358291884,0.11618596066022265,0.1161808195260227,0.11617601219005204,0.11617153071710402,0.11616736722599759,0.11616351388864457,0.11615996292921626,0.11615670662340748,0.11615373729779524,0.11615104732929057,0.11614862914468009,0.11614647522025513,0.1161445780815261,0.11614293030301906,0.11614152450815224,0.11614035336918954,0.11613940960726842,0.1161386859924996,0.11613817534413531,0.11613787053080335,0.1161377644708051,0.11613785013247303,0.11613812053458585,0.11613856874683842,0.11613918789036297,0.11613997113829941,0.11614091171641103,0.11614200290374341,0.11614323803332317,0.11614461049289375,0.11614611372568563,0.11614774123121728,0.11614948656612512,0.11615134334501857,0.11615330524135822,0.11615536598835399,0.11615751937988016,0.11615975927140504,0.11616207958093266,0.11616447428995319,0.11616693744440011,0.11616946315561087,0.11617204560128984,0.11617467902646929,0.11617735774446786,0.11618007613784209,0.11618282865933076,0.11618560983278821,0.11618841425410559,0.1161912365921174,0.1161940715894911,0.11619691406359837,0.11619975890736566,0.11620260109010223,0.11620543565830455,0.11620825773643424,0.11621106252766894,0.11621384531462409,0.1162166014600446,0.1162193264074647,0.11622201568183436,0.116224664890112,0.11622726972182175,0.11622982594957385,0.11623232942954849,0.11623477610194065,0.11623716199136643,0.11623948320722924,0.11624173594404628,0.11624391648173311,0.11624602118584765,0.11624804650779176,0.11624998898497119,0.11625184524091292,0.11625361198533993,0.11625528601420344,0.11625686420967243,0.11625834354008048,0.11625972105983028,0.11626099390925573,0.11626215931444162,0.11626321458700192,0.11626415712381674,0.11626498440672797,0.11626569400219462,0.11626628356090803,0.11626675081736851,0.11626709358942168,0.1162673097777581,0.11626739736537527,0.11626735441700284,0.11626717907849192,0.11626686957617022,0.11626642421616258,0.1162658413836784,0.11626511954226734,0.11626425723304332,0.11626325307387894,0.11626210575857031,0.11626081405597379,0.11625937680911584,0.11625779293427674,0.11625606142004953,0.11625418132637508,0.1162521517835538,0.11624997199123693,0.11624764121739618,0.11624515879727478,0.11624252413231964,0.11623973668909654,0.1162367959981896,0.11623370165308503,0.11623045330904139,0.11622705068194679,0.1162234935471647,0.1162197817383686,0.11621591514636732,0.11621189371792146,0.11620771745455219,0.11620338641134334,0.11619890069573803,0.11619426046633052,0.1161894659316541,0.11618451734896637,0.11617941502303214,0.11617415930490593,0.1161687505907132,0.11616318932043342,0.11615747597668305,0.11615161108350192,0.11614559520514195,0.11613942894485975,0.11613311294371345,0.1161266478793647,0.11612003446488679,0.11611327344757846,0.116106365607785,0.11609931175772786,0.116092112740341,0.11608476942811737,0.11607728272196385,0.1160696535500669,0.11606188286676788,0.11605397165144972,0.11604592090743485,0.11603773166089508,0.11602940495977376,0.11602094187272072,0.11601234348804018,0.11600361091265256,0.11599474527107022,0.11598574770438735,0.11597661936928444,0.11596736143704844,0.11595797509260801,0.1159484615335844,0.11593882196935901,0.11592905762015668,0.11591916971614677,0.11590915949656025,0.11589902820882468,0.11588877710771761,0.11587840745453667,0.11586792051628857,0.11585731756489716,0.11584659987642953,0.11583576873034168,0.11582482540874353,0.1158137711956837,0.11580260737645398,0.11579133523691423,0.11577995606283764,0.11576847113927649,0.11575688174994915,0.11574518917664792,0.11573339469866847,0.1157214995922606,0.11570950513010068,0.11569741258078668,0.11568522320835509,0.11567293827181999,0.11566055902473465,0.11564808671477612,0.11563552258335263,0.11562286786523379,0.11561012378820348,0.11559729157273699,0.11558437243170076,0.11557136757007577,0.11555827818470416,0.1155451054640593,0.11553185058803968,0.11551851472778608,0.11550509904552252,0.11549160469442059,0.11547803281848713,0.11546438455247544,0.11545066102181988,0.11543686334259325,0.11542299262148786,0.11540904995581856,0.11539503643354923,0.11538095313334151,0.11536680112462573,0.11535258146769381,0.115338295213814,0.1153239434053667,0.11530952707600184,0.11529504725081631,0.11528050494655208,0.11526590117181419,0.11525123692730778,0.11523651320609472,0.11522173099386797,0.1152068912692443,0.1151919950040742,0.11517704316376876,0.1151620367076425,0.11514697658927221,0.11513186375687046,0.11511669915367323,0.11510148371834149,0.11508621838537542,0.11507090408554099,0.11505554174630743,0.11504013229229583,0.11502467664573748,0.11500917572694115,0.11499363045476862,0.11497804174711768,0.11496241052141146,0.11494673769509373,0.11493102418612886,0.1149152709135056,0.11489947879774424,0.11488364876140543,0.11486778172960077,0.11485187863050347,0.11483594039585833,0.11481996796149027,0.11480396226781074,0.1147879242603207,0.11477185489010912,0.11475575511434687,0.11473962589677406,0.11472346820818081,0.11470728302688006,0.11469107133917178,0.1146748341397972,0.11465857243238303,0.11464228722987427,0.11462597955495482,0.11460965044045522,0.11459330092974639,0.11457693207711893,0.1145605449481472,0.11454414062003683,0.1145277201819558,0.11451128473534766,0.11449483539422627,0.11447837328545211,0.11446189954898826,0.11444541533813621,0.11442892181975078,0.11441242017443366,0.11439591159670463,0.11437939729515005,0.11436287849254838,0.11434635642597187,0.11432983234686393,0.11431330752109224,0.11429678322897663,0.11428026076529119,0.11426374143924108,0.11424722657441316,0.11423071750869998,0.11421421559419738,0.11419772219707472,0.1141812386974185,0.11416476648904825,0.11414830697930495,0.11413186158881226,0.11411543175120963,0.11409901891285763,0.11408262453251612,0.11406625008099397,0.11404989704077133,0.11403356690559431,0.11401726118004211,0.1140009813790669,0.11398472902750627,0.11396850565956881,0.11395231281829311,0.1139361520549799,0.11392002492859847,0.1139039330051672,0.11388787785710805,0.11387186106257696,0.11385588420476904,0.11383994887120025,0.11382405665296491,0.11380820914397066,0.11379240794015082,0.11377665463865508,0.11376095083701879,0.11374529813231211,0.11372969812026927,0.1137141523943986,0.11369866254507491,0.11368323015861381,0.11366785681632974,0.11365254409357822,0.11363729355878346,0.11362210677245184,0.11360698528617254,0.11359193064160623,0.11357694436946271,0.1135620279884686,0.11354718300432606,0.1135324109086639,0.11351771317798129,0.11350309127258633,0.1134885466355298,0.11347408069153596,0.11345969484593031,0.11344539048356655,0.11343116896775379,0.11341703163918461,0.11340297981486559,0.11338901478705193,0.11337513782218599,0.11336135015984228,0.11334765301167991,0.11333404756040279,0.11332053495872992,0.113307116328376,0.11329379275904457,0.11328056530743368,0.1132674349962564,0.11325440281327653,0.11324146971036102,0.11322863660255,0.11321590436714606,0.11320327384282336,0.11319074582875728,0.11317832108377697,0.11316600032554085,0.11315378422973614,0.11314167342930394,0.1131296685136895,0.11311777002812232,0.11310597847292067,0.11309429430282755,0.11308271792637518,0.11307124970528121,0.11305988995387549,0.11304863893855967,0.1130374968772992,0.11302646393914936,0.11301554024381527,0.11300472586124714,0.112994020811271,0.1129834250632553,0.11297293853581447,0.1129625610965493,0.11295229256182494,0.11294213269658707,0.11293208121421622,0.11292213777642054,0.11291230199316794,0.11290257342265726,0.11289295157132925,0.1128834358939166,0.11287402579353437,0.1128647206218101,0.11285551967905401,0.1128464222144691,0.11283742742640158,0.11282853446263129,0.11281974242070188,0.11281105034829134,0.11280245724362194,0.1127939620559098,0.11278556368585409,0.11277726098616518,0.11276905276213231,0.1127609377722292,0.1127529147287587,0.11274498229853488,0.11273713910360317,0.1127293837219977,0.11272171468853526,0.11271413049564565,0.11270662959423804,0.11269921039460273,0.11269187126734725,0.11268461054436742,0.11267742651985148,0.11267031745131784,0.1126632815606847,0.11265631703537132,0.11264942202943151,0.11264259466471566,0.11263583303206369,0.1126291351925263,0.11262249917861454,0.11261592299557624,0.11260940462269908,0.11260294201463925,0.11259653310277468,0.11259017579658205,0.11258386798503678,0.11257760753803471,0.11257139230783493,0.11256522013052239,0.11255908882748984,0.1125529962069368,0.11254694006538629,0.11254091818921697,0.11253492835621003,0.11252896833710968,0.112523035897196,0.11251712879786917,0.11251124479824375,0.11250538165675199,0.11249953713275458,0.11249370898815826,0.11248789498903825,0.11248209290726517,0.11247630052213399,0.11247051562199466,0.11246473600588264,0.11245895948514849,0.11245318388508449,0.11244740704654747,0.11244162682757612,0.11243584110500178,0.11243004777605071,0.11242424475993734,0.1124184299994462,0.1124126014625013,0.112406757143722,0.11240089506596375,0.1123950132818419,0.1123891098752375,0.11238318296278363,0.1123772306953307,0.11237125125938935,0.1123652428785495,0.11235920381487444,0.11235313237026771,0.11234702688781244,0.11234088575308124,0.11233470739541493,0.11232849028916925,0.11232223295492819,0.11231593396068233,0.11230959192297144,0.11230320550798918,0.11229677343264972,0.11229029446561396,0.1122837674282752,0.11227719119570241,0.11227056469754036,0.11226388691886492,0.11225715690099344,0.11225037374224843,0.11224353659867423,0.11223664468470472,0.11222969727378243,0.11222269369892775,0.11221563335325667,0.11220851569044772,0.11220134022515613,0.11219410653337589,0.11218681425274801,0.11217946308281523,0.11217205278522209,0.11216458318386044,0.1121570541649599,0.11214946567712329,0.11214181773130613,0.11213411040074098,0.1121263438208055,0.1121185181888353,0.11211063376388045,0.11210269086640706,0.11209468987794277,0.1120866312406671,0.11207851545694718,0.11207034308881841,0.1120621147574111,0.11205383114232342,0.11204549298094113,0.11203710106770408,0.11202865625332167,0.11202015944393594,0.11201161160023536,0.11200301373651753,0.11199436691970338,0.11198567226830386,0.11197693095133901,0.11196814418721103,0.11195931324253264,0.11195043943091114,0.11194152411169005,0.11193256868864895,0.11192357460866303,0.11191454336032336,0.11190547647251954,0.11189637551298576,0.11188724208681187,0.11187807783492008,0.11186888443251003,0.11185966358747261,0.11185041703877459,0.11184114655481504,0.11183185393175557,0.11182254099182563,0.11181320958160443,0.11180386157028104,0.11179449884789462,0.11178512332355571,0.11177573692365082,0.11176634159003176,0.11175693927819098,0.11174753195542478,0.11173812159898629,0.11172871019422982,0.11171929973274788,0.11170989221050268,0.111700489625954,0.11169109397818484,0.11168170726502642,0.11167233148118458,0.11166296861636897,0.11165362065342607,0.1116442895664791,0.11163497731907517,0.11162568586234198,0.11161641713315536,0.11160717305231925,0.11159795552276033,0.11158876642773768,0.11157960762906999,0.1115704809653824,0.11156138825037244,0.11155233127109852,0.11154331178629251,0.11153433152469597,0.11152539218342365,0.11151649542635471,0.11150764288255309,0.1114988361447189,0.11149007676767153,0.11148136626686668,0.11147270611694782,0.11146409775033399,0.111455542555845,0.11144704187736548,0.11143859701254845,0.11143020921156033,0.1114218796758686,0.11141360955707147,0.11140539995577399,0.11139725192050862,0.11138916644670258,0.11138114447569303,0.11137318689379062,0.11136529453139297,0.11135746816214775,0.11134970850216755,0.11134201620929664,0.11133439188243022,0.11132683606088697,0.11131934922383592,0.11131193178977783,0.11130458411608175,0.11129730649857719,0.11129009917120238,0.1112829623057091,0.11127589601142408,0.1112689003350678,0.11126197526063045,0.1112551207093049,0.11124833653947787,0.11124162254677825,0.1112349784641835,0.11122840396218299,0.11122189864899916,0.11121546207086505,0.11120909371235994,0.11120279299680057,0.11119655928668955,0.11119039188421846,0.11118429003182691,0.11117825291281605,0.11117227965201651,0.1111663693165091,0.11116052091639861,0.11115473340563951,0.11114900568291233,0.1111433365925504,0.11113772492551538,0.11113216942042094,0.11112666876460335,0.11112122159523788,0.1111158265004997,0.11111048202076801,0.11110518664987222,0.11109993883637898,0.11109473698491784,0.11108957945754537,0.11108446457514522,0.1110793906188624,0.11107435583157176,0.11106935841937714,0.11106439655314025,0.1110594683700386,0.1110545719751489,0.11104970544305558,0.11104486681948213,0.111040054122943,0.11103526534641525,0.11103049845902715,0.11102575140776243,0.11102102211917776,0.11101630850113206,0.11101160844452512,0.11100691982504425,0.11100224050491615,0.11099756833466316,0.11099290115486024,0.11098823679789241,0.11098357308970976,0.11097890785157809,0.11097423890182335,0.11096956405756764,0.11096488113645515,0.11096018795836572,0.11095548234711404,0.11095076213213291,0.11094602515013806,0.11094126924677264,0.11093649227823023,0.11093169211285316,0.1109268666327049,0.11092201373511494,0.11091713133419359,0.11091221736231546,0.11090726977156895,0.11090228653517084,0.11089726564884335,0.1108922051321525,0.11088710302980533,0.11088195741290503,0.1108767663801611,0.11087152805905394,0.11086624060695179,0.11086090221217774,0.1108555110950262,0.11085006550872638,0.11084456374035138,0.11083900411167164,0.11083338497995077,0.11082770473868249,0.11082196181826728,0.11081615468662695,0.11081028184975658,0.11080434185221101,0.11079833327752595,0.11079225474857206,0.11078610492784073,0.11077988251766042,0.11077358626034263,0.11076721493825646,0.1107607673738307,0.11075424242948308,0.11074763900747535,0.11074095604969443,0.11073419253735751,0.11072734749064266,0.11072041996824318,0.11071340906684626,0.11070631392053547,0.11069913370011707,0.11069186761237133,0.11068451489922738,0.11067707483686393,0.11066954673473536,0.11066192993452474,0.11065422380902383,0.11064642776094269,0.11063854122164857,0.11063056364983663,0.11062249453013426,0.11061433337164056,0.11060607970640328,0.11059773308783545,0.1105892930890742,0.11058075930128469,0.11057213133191192,0.11056340880288353,0.11055459134876729,0.11054567861488597,0.11053667025539435,0.11052756593132197,0.11051836530858543,0.11050906805597514,0.11049967384312034,0.11049018233843817,0.11048059320707038,0.11047090610881355,0.11046112069604842,0.11045123661167218,0.11044125348704067,0.11043117093992577,0.11042098857249301,0.11041070596930587,0.11040032269536272,0.11038983829417226,0.11037925228587328,0.11036856416540526,0.11035777340073555,0.11034687943114953,0.11033588166560968,0.11032477948119,0.11031357222159141,0.11030225919574427,0.11029083967650424,0.11027931289944676,0.11026767806176768,0.1102559343212921,0.11024408079560019,0.11023211656127442,0.11022004065327197,0.11020785206442905,0.1101955497451004,0.11018313260293958,0.1101705995028235,0.11015794926692495,0.11014518067493798,0.11013229246445777,0.11011928333151932,0.11010615193129748,0.11009289687897011,0.11007951675074719,0.1100660100850668,0.11005237538396004,0.11003861111458497,0.11002471571093105,0.11001068757569363,0.10999652508231782,0.10998222657721243,0.10996779038213146,0.10995321479672333,0.10993849810124397,0.1099236385594327,0.10990863442154938,0.10989348392756655,0.10987818531051584,0.10986273679998407,0.10984713662575409,0.1098313830215862,0.10981547422913558,0.10979940850199908,0.10978318410988637,0.10976679934290971,0.10975025251598505,0.10973354197333811,0.10971666609310844,0.10969962329204354,0.1096824120302761,0.10966503081617582,0.1096474782112679,0.10962975283520973,0.10961185337081704,0.10959377856913081,0.10957552725451598,0.10955709832978261,0.10953849078132034,0.10951970368423695,0.10950073620749023,0.10948158761900598,0.10946225729077003,0.10944274470388646,0.10942304945359067,0.10940317125420902,0.10938310994405485,0.1093628654902509,0.1093424379934689,0.10932182769257721,0.1093010349691867,0.1092800603520857,0.10925890452155534,0.10923756831355565,0.10921605272377446,0.10919435891153016,0.10917248820351998,0.10915044209740636,0.10912822226523221,0.10910583055665896,0.10908326900201977,0.10906053981518048,0.10903764539620184,0.1090145883337971,0.10899137140757836,0.10896799759008653,0.10894447004859918,0.10892079214671166,0.1088969674456869,0.10887299970556942,0.10884889288606057,0.10882465114715008,0.10880027884950226,0.10877578055459411,0.10875116102460251,0.10872642522203936,0.10870157830913277,0.10867662564695357,0.10865157279428671,0.10862642550624711,0.10860118973264041,0.10857587161606949,0.1085504774897868,0.10852501387529544,0.10849948747969974,0.10847390519280821,0.10844827408399098,0.10842260139879503,0.10839689455532052,0.10837116114036187,0.10834540890531753,0.10831964576187332,0.10829387977746341,0.10826811917051442,0.10824237230547844,0.1082166476876591,0.1081909539578383,0.10816529988670909,0.10813969436912137,0.108114146418147,0.10808866515897142,0.10806325982261891,0.10803793973951922,0.10801271433292246,0.10798759311217122,0.10796258566583691,0.10793770165472862,0.10791295080478318,0.10788834289984486,0.10786388777434298,0.10783959530587603,0.10781547540771132,0.10779153802120901,0.10776779310817904,0.10774425064318012,0.10772092060577017,0.10769781297271626,0.10767493771017393,0.10765230476584504,0.10762992406112175,0.10760780548322697,0.10758595887736012,0.10756439403885645,0.1075431207053692,0.10752214854908315,0.10750148716896823,0.10748114608308194,0.10746113472092858,0.10744146241588425,0.10742213839769542,0.10740317178505895,0.10738457157829179,0.10736634665209835,0.10734850574844254,0.10733105746953245,0.1073140102709243,0.10729737245475346,0.10728115216309864,0.10726535737148628,0.10724999588254164,0.10723507531979251,0.10722060312163152,0.10720658653544372,0.10719303261190295,0.10717994819944411,0.10716733993891595,0.10715521425841854,0.10714357736833066,0.10713243525653092,0.10712179368381683,0.1071116581795255,0.10710203403735952,0.1070929263114211,0.10708433981245799,0.10707627910432246,0.10706874850064751,0.10706175206174155,0.1070552935917033,0.10704937663575904,0.10704400447782315,0.10703918013828334,0.10703490637201099,0.10703118566659736,0.10702802024081672,0.10702541204331455,0.10702336275152258,0.10702187377079933,0.10702094623379513,0.107020581000041,0.10702077865576051,0.10702153951390286,0.1070228636143951,0.10702475072461251,0.10702720034006422,0.10703021168529205,0.10703378371497993,0.10703791511527128,0.10704260430529144,0.10704784943887137,0.10705364840647023,0.10705999883729282,0.10706689810159768,0.10707434331319332,0.1070823313321171,0.10709085876749377,0.10709992198056818,0.10710951708790895,0.10711963996477716,0.10713028624865686,0.10714145134294095,0.10715313042076899,0.10716531842901052,0.10717801009238956,0.10719119991774516,0.10720488219842203,0.10721905101878662,0.1072337002588624,0.10724882359907972,0.10726441452513374,0.1072804663329458,0.10729697213372176,0.10731392485910253,0.10733131726639981,0.10734914194391286,0.10736739131631967,0.10738605765013723,0.107405133059245,0.10742460951046605,0.10744447882920043,0.10746473270510462,0.1074853626978122,0.10750636024268949,0.10752771665662164,0.10754942314382246,0.1075714708016645,0.10759385062652163,0.10761655351962088,0.10763957029289813,0.10766289167485178,0.10768650831639022,0.10771041079666785,0.10773458962890488,0.10775903526618655,0.10778373810723686,0.10780868850216252,0.10783387675816296,0.10785929314520148,0.1078849279016343,0.10791077123979312,0.10793681335151732,0.10796304441363219,0.1079894545933693,0.10801603405372603,0.10804277295876041,0.10806966147881825,0.10809668979568952,0.10812384810769121,0.10815112663467316,0.10817851562294543,0.10820600535012302,0.10823358612988661,0.10826124831665723,0.10828898231018193,0.10831677856002898,0.1083446275699904,0.10837251990239012,0.10840044618229631,0.10842839710163618,0.10845636342321177,0.10848433598461592,0.10851230570204637,0.10854026357401783,0.10856820068497065,0.10859610820877555,0.1086239774121332,0.10865179965786849,0.1086795664081189,0.10870726922741618,0.1087348997856615,0.10876244986099366,0.10878991134254994,0.10881727623311993,0.1088445366516927,0.10887168483589575,0.10889871314432778,0.10892561405878494,0.10895238018638068,0.10897900426155942,0.10900547914800524,0.10903179784044507,0.10905795346634807,0.1090839392875209,0.1091097487016002,0.1091353752434429,0.10916081258641464,0.10918605454357803,0.10921109506878071,0.109235928257646,0.10926054834846417,0.10928494972298841,0.1093091269071333,0.10933307457158135,0.10935678753229496,0.10938026075093618,0.10940348933519624,0.10942646853903537,0.10944919376283484,0.10947166055346164,0.10949386460424833,0.10951580175488898,0.10953746799125275,0.10955885944511687,0.10957997239382015,0.10960080325983908,0.10962134861028767,0.10964160515634369,0.10966156975260158,0.1096812393963553,0.10970061122681159,0.1097196825242363,0.10973845070903554,0.10975691334077338,0.10977506811712787,0.10979291287278772,0.10981044557829153,0.10982766433881111,0.10984456739288158,0.10986115311107993,0.10987741999465431,0.10989336667410586,0.10990899190772585,0.10992429458008932,0.10993927370050803,0.10995392840144505,0.10996825793689267,0.10998226168071625,0.10999593912496584,0.11000928987815806,0.11002231366353042,0.1100350103172701,0.11004737978671965,0.11005942212856185,0.11007113750698523,0.11008252619183329,0.11009358855673938,0.11010432507724904,0.11011473632893222,0.11012482298548731,0.11013458581683933,0.11014402568723373,0.11015314355332846,0.11016194046228583,0.11017041754986624,0.11017857603852552,0.11018641723551842,0.11019394253100814,0.1102011533961859,0.1102080513814008,0.1102146381143022,0.11022091529799567,0.11022688470921438,0.11023254819650716,0.11023790767844455,0.11024296514184419,0.11024772264001671,0.11025218229103351,0.1102563462760166,0.11026021683745245,0.11026379627753047,0.11026708695650665,0.11027009129109334,0.11027281175287587,0.11027525086675626,0.11027741120942486,0.11027929540786008,0.1102809061378568,0.1102822461225833,0.11028331813116732,0.11028412497731137,0.11028466951793632,0.11028495465185427,0.1102849833184706,0.11028475849651423,0.11028428320279629,0.11028356049099662,0.11028259345047793,0.11028138520512673,0.1102799389122208,0.11027825776132247,0.11027634497319705,0.11027420379875524,0.11027183751801937,0.11026924943911233,0.11026644289726825,0.11026342125386403,0.11026018789547061,0.11025674623292334,0.11025309970040957,0.11024925175457341,0.11024520587363355,0.11024096555652087,0.1102365343220246,0.11023191570795181,0.1102271132702985,0.11022213058242719,0.11021697123425528,0.11021163883144972,0.11020613699462735,0.11020046935855958,0.11019463957137998,0.11018865129379384,0.11018250819828802,0.11017621396834024,0.11016977229762638,0.11016318688922432,0.11015646145481338,0.11014959971386849,0.1101426053928474,0.11013548222437032,0.11012823394639051,0.11012086430135529,0.11011337703535615,0.11010577589726724,0.11009806463787138,0.11009024700897305,0.11008232676249709,0.11007430764957354,0.11006619341960622,0.11005798781932642,0.11004969459183052,0.11004131747560095,0.11003286020351064,0.11002432650181045,0.1100157200890994,0.11000704467527801,0.10999830396048416,0.10998950163401225,0.10998064137321535,0.1099717268423903,0.10996276169164657,0.1099537495557593,0.10994469405300651,0.10993559878399119,0.10992646733044886,0.10991730325404121,0.10990811009513647,0.10989889137157703,0.10988965057743577,0.10988039118176139,0.10987111662731355,0.10986183032928992,0.10985253567404403,0.10984323601779704,0.10983393468534404,0.10982463496875519,0.10981534012607402,0.10980605338001338,0.10979677791665056,0.10978751688412303,0.10977827339132597,0.10976905050661297,0.10975985125650167,0.10975067862438492,0.10974153554924962,0.10973242492440465,0.10972334959621922,0.10971431236287309,0.10970531597311992,0.10969636312506509,0.10968745646496245,0.1096785985860259,0.10966979202726161,0.10966103927232096,0.10965234274837575,0.10964370482501778,0.10963512781318253,0.10962661396410009,0.10961816546827423,0.10960978445449061,0.1096014729888557,0.1095932330738677,0.10958506664752068,0.10957697558244321,0.10956896168507259,0.10956102669486587,0.10955317228354897,0.10954540005440422,0.10953771154159812,0.10953010820954993,0.10952259145234221,0.1095151625931736,0.1095078228838553,0.10950057350435143,0.10949341556236451,0.10948635009296578,0.10947937805827186,0.10947250034716774,0.10946571777507642,0.10945903108377619,0.10945244094126441,0.10944594794166966,0.10943955260521147,0.10943325537820807,0.10942705663313188,0.10942095666871285,0.10941495571008951,0.10940905390900763,0.10940325134406591,0.10939754802100893,0.10939194387306642,0.10938643876133874,0.10938103247522799,0.10937572473291435,0.10937051518187627,0.10936540339945544,0.10936038889346453,0.10935547110283657,0.10935064939831708,0.10934592308319638,0.10934129139408126,0.10933675350170675,0.10933230851178515,0.10932795546589269,0.1093236933423915,0.10931952105738746,0.10931543746572185,0.1093114413619964,0.1093075314816301,0.10930370650194733,0.1092999650432958,0.10929630567019358,0.10929272689250419,0.10928922716663846,0.10928580489678251,0.10928245843615046,0.10927918608826102,0.10927598610823704,0.10927285670412791,0.10926979603825199,0.10926680222855953,0.10926387335001517,0.10926100743599865,0.10925820247972323,0.10925545643567028,0.10925276722104076,0.10925013271722121,0.10924755077126477,0.10924501919738468,0.10924253577846173,0.10924009826756391,0.10923770438947716,0.10923535184224757,0.10923303829873357,0.10923076140816772,0.1092285187977278,0.10922630807411603,0.1092241268251462,0.10922197262133844,0.10921984301751986,0.10921773555443172,0.10921564776034208,0.10921357715266354,0.10921152123957503,0.10920947752164724,0.10920744349347215,0.10920541664529397,0.10920339446464268,0.10920137443796896,0.10919935405227994,0.10919733079677482,0.10919530216448088,0.10919326565388696,0.10919121877057619,0.10918915902885613,0.1091870839533857,0.10918499108079838,0.10918287796132074,0.10918074216038583,0.1091785812602406,0.10917639286154647,0.1091741745849723,0.10917192407277965,0.1091696389903979,0.1091673170279902,0.10916495590200831,0.10916255335673619,0.10916010716582093,0.10915761513379023,0.10915507509755593,0.10915248492790233,0.10914984253095841,0.10914714584965304,0.10914439286515278,0.1091415815982802,0.10913871011091332,0.10913577650736295,0.10913277893572952,0.10912971558923666,0.10912658470754129,0.10912338457801879,0.10912011353702267,0.10911676997111736,0.10911335231828309,0.1091098590690923,0.10910628876785577,0.10910264001373825,0.10909891146184175,0.10909510182425572,0.10909120987107349,0.10908723443137336,0.10908317439416348,0.10907902870928947,0.10907479638830346,0.10907047650529411,0.1090660681976756,0.10906157066693556,0.10905698317934018,0.10905230506659554,0.10904753572646501,0.1090426746233397,0.10903772128876318,0.10903267532190845,0.10902753639000613,0.10902230422872315,0.10901697864249102,0.10901155950478267,0.10900604675833706,0.10900044041533087,0.10899474055749614,0.1089889473361836,0.10898306097237025,0.10897708175661106,0.10897101004893417,0.1089648462786787,0.10895859094427499,0.10895224461296624,0.10894580792047175,0.10893928157059099,0.10893266633474813,0.10892596305147714,0.1089191726258472,0.10891229602882764,0.1089053342965941,0.10889828852977317,0.10889115989262839,0.10888394961218643,0.10887665897730418,0.10886928933767644,0.10886184210278578,0.10885431874079421,0.10884672077737775,0.10883904979450458,0.10883130742915767,0.10882349537200285,0.10881561536600326,0.10880766920498115,0.10879965873212928,0.10879158583847211,0.10878345246127916,0.1087752605824316,0.10876701222674426,0.1087587094602444,0.1087503543884096,0.1087419491543667,0.108733495937054,0.10872499694934872,0.10871645443616307,0.10870787067250949,0.10869924796153992,0.1086905886325605,0.10868189503902483,0.1086731695565087,0.10866441458066921,0.10865563252519146,0.10864682581972607,0.1086379969078204,0.10862914824484728,0.10862028229593455,0.10861140153389848,0.10860250843718465,0.10859360548782054,0.10858469516938263,0.10857577996498219,0.10856686235527283,0.10855794481648427,0.10854902981848535,0.10854011982287994,0.10853121728114033,0.10852232463278066,0.10851344430357446,0.10850457870382066,0.10849573022665958,0.10848690124644478,0.10847809411717273,0.10846931117097439,0.10846055471667129,0.10845182703839991,0.10844313039430699,0.10843446701531927,0.1084258391039898,0.1084172488334241,0.10840869834628875,0.10840018975390428,0.1083917251354249,0.10838330653710769,0.10837493597167255,0.10836661541775493,0.10835834681945279,0.10835013208596923,0.10834197309135221,0.10833387167433153,0.10832582963825489,0.10831784875112296,0.10830993074572372,0.10830207731986691,0.10829429013671688,0.10828657082522543,0.10827892098066298,0.10827134216524738,0.10826383590886951,0.10825640370991445,0.10824904703617631,0.10824176732586567,0.108234565988707,0.10822744440712449,0.10822040393751371,0.10821344591159619,0.10820657163785413,0.10819978240304308,0.1081930794737784,0.10818646409819253,0.10817993750765914,0.108173500918581,0.10816715553423686,0.10816090254668377,0.1081547431387101,0.10814867848583559,0.10814270975835279,0.10813683812340641,0.10813106474710416,0.10812539079665591,0.10811981744253502,0.10811434586065716,0.10810897723457137,0.10810371275765793,0.10809855363532789,0.10809350108721905,0.10808855634938266,0.10808372067645593,0.10807899534381449,0.1080743816496997,0.1080698809173153,0.10806549449688828,0.10806122376768815,0.10805707014000052,0.10805303505704855,0.10804911999685768,0.10804532647405925,0.10804165604162687,0.10803811029254203,0.10803469086138351,0.10803139942583627,0.10802823770811593,0.10802520747630329,0.1080223105455864,0.1080195487794057,0.10801692409049822,0.10801443844183783,0.10801209384746781,0.108009892373223,0.1080078361373382,0.10800592731094096,0.10800416811842509,0.10800256083770407,0.1080011078003412,0.10799981139155498,0.10799867405009902,0.10799769826801427,0.10799688659025308,0.10799624161417391,0.10799576598890698,0.1079954624145893,0.10799533364147018,0.1079953824688868,0.10799561174411099,0.10799602436106712,0.10799662325892301,0.1079974114205534,0.10799839187087983,0.10799956767508653,0.10800094193671567,0.10800251779564311,0.10800429842593764,0.10800628703360604,0.10800848685422677,0.10801090115047549,0.1080135332095453,0.10801638634046556,0.10801946387132239,0.10802276914638438,0.10802630552313862,0.10803007636923995,0.10803408505937821,0.10803833497206766,0.10804282948636337,0.10804757197850888,0.10805256581851992,0.10805781436670947,0.10806332097015857,0.10806908895913817,0.10807512164348755,0.1080814223089531,0.10808799421349452,0.1080948405835626,0.10810196461035444,0.10810936944605076,0.10811705820004157,0.10812503393514489,0.10813329966382428,0.10814185834441023,0.10815071287733126,0.10815986610135941,0.10816932078987605,0.10817907964716232,0.1081891453047206,0.10819952031763115,0.1082102071609495,0.10822120822614921,0.10823252581761508,0.10824416214919162,0.10825611934079096,0.10826839941506573,0.10828100429415036,0.10829393579647577,0.10830719563366165,0.10832078540748928,0.10833470660696075,0.10834896060544695,0.10836354865792847,0.10837847189833269,0.10839373133697064,0.10840932785807662,0.10842526221745366,0.10844153504022779,0.10845814681871332,0.10847509791039263,0.10849238853601163,0.10851001877779365,0.10852798857777392,0.10854629773625626,0.10856494591039367,0.10858393261289395,0.10860325721085254,0.10862291892471247,0.10864291682735326,0.1086632498433094,0.10868391674811877,0.10870491616780145,0.10872624657846983,0.10874790630606834,0.1087698935262453,0.10879220626435439,0.10881484239558685,0.1088377996452329,0.10886107558907218,0.1088846676538921,0.10890857311813341,0.10893278911266133,0.10895731262166149,0.10898214048365899,0.10900726939265905,0.10903269589940705,0.10905841641276741,0.10908442720121793,0.10911072439445892,0.10913730398513354,0.10916416183065837,0.10919129365516095,0.10921869505152208,0.10924636148352071,0.10927428828807809,0.10930247067759886,0.10933090374240667,0.10935958245326971,0.1093885016640158,0.10941765611423188,0.1094470404320461,0.10947664913698837,0.10950647664292719,0.1095365172610787,0.10956676520308507,0.10959721458415903,0.10962785942629077,0.10965869366151443,0.10968971113523016,0.1097209056095787,0.10975227076686503,0.10978380021302779,0.10981548748115062,0.10984732603501259,0.10987930927267334,0.10991143053009077,0.1099436830847667,0.10997606015941762,0.11000855492566737,0.11004116050775777,0.11007386998627455,0.1101066764018841,0.11013957275907946,0.1101725520299308,0.1102056071578381,0.1102387310612824,0.11027191663757246,0.11030515676658408,0.11033844431448873,0.1103717721374687,0.11040513308541568,0.11043852000560998,0.11047192574637775,0.11050534316072254,0.11053876510992999,0.11057218446714184,0.11060559412089715,0.11063898697863808,0.11067235597017785,0.11070569405112865,0.11073899420628674,0.11077224945297318,0.11080545284432734,0.11083859747255181,0.11087167647210618,0.11090468302284744,0.1109376103531163,0.11097045174276676,0.11100320052613742,0.11103585009496286,0.11106839390122392,0.1111008254599347,0.11113313835186572,0.11116532622620114,0.11119738280312952,0.1112293018763665,0.11126107731560865,0.11129270306891664,0.11132417316502831,0.11135548171559956,0.11138662291737285,0.11141759105427239,0.11144838049942561,0.11147898571711026,0.11150940126462638,0.11153962179409355,0.11156964205417214,0.11159945689170911,0.11162906125330775,0.11165845018682083,0.11168761884276819,0.11171656247567828,0.11174527644535323,0.11177375621805861,0.11180199736763696,0.11182999557654655,0.1118577466368245,0.11188524645097585,0.11191249103278796,0.11193947650807162,0.11196619911532896,0.11199265520634827,0.11201884124672784,0.11204475381632813,0.11207038960965374,0.11209574543616588,0.11212081822052601,0.11214560500277172,0.11217010293842547,0.11219430929853763,0.11221822146966459,0.11224183695378272,0.11226515336813969,0.1122881684450436,0.11231088003159194,0.11233328608934078,0.11235538469391577,0.11237717403456592,0.11239865241366133,0.1124198182461364,0.11244067005887934,0.11246120649006956,0.11248142628846398,0.11250132831263374,0.11252091153015244,0.1125401750167369,0.11255911795534236,0.11257773963521282,0.1125960394508882,0.11261401690116951,0.11263167158804235,0.11264900321556212,0.11266601158869978,0.11268269661215097,0.11269905828910914,0.1127150967200039,0.11273081210120586,0.1127462047236986,0.11276127497171992,0.11277602332137283,0.11279045033920732,0.1128045566807742,0.11281834308915203,0.11283181039344799,0.11284495950727387,0.11285779142719811,0.11287030723117471,0.11288250807694995,0.11289439520044847,0.11290596991413765,0.11291723360537362,0.11292818773472808,0.11293883383429733,0.11294917350599383,0.11295920841982164,0.11296894031213593,0.11297837098388736,0.11298750229885215,0.11299633618184876,0.11300487461694086,0.11301311964562856,0.11302107336502688,0.11302873792603389,0.11303611553148778,0.113043208434314,0.1130500189356629,0.1130565493830386,0.1130628021684193,0.11306877972637029,0.1130744845321494,0.11307991909980619,0.1130850859802752,0.11308998775946415,0.11309462705633654,0.11309900652099113,0.1131031288327378,0.11310699669817074,0.1131106128492396,0.11311398004131934,0.1131171010512799,0.11311997867555565,0.11312261572821639,0.11312501503903998,0.11312717945158801,0.11312911182128492,0.11313081501350158,0.11313229190164487,0.11313354536525345,0.11313457828810164,0.11313539355631136,0.11313599405647425,0.11313638267378437,0.11313656229018328,0.11313653578251796,0.11313630602071348,0.11313587586596117,0.11313524816892417,0.11313442576796033,0.11313341148736557,0.11313220813563779,0.1131308185037634,0.1131292453635273,0.11312749146584801,0.11312555953913957,0.11312345228770088,0.11312117239013504,0.11311872249779911,0.11311610523328644,0.11311332318894246,0.11311037892541549,0.11310727497024464,0.11310401381648534,0.1131005979213746,0.11309702970503685,0.11309331154923209,0.11308944579614771,0.113085434747235,0.11308128066209193,0.1130769857573936,0.11307255220587101,0.11306798213534044,0.11306327762778277,0.11305844071847604,0.11305347339518088,0.11304837759738047,0.1130431552155757,0.11303780809063671,0.11303233801321161,0.11302674672319311,0.11302103590924423,0.11301520720838329,0.11300926220562962,0.1130032024337097,0.11299702937282478,0.11299074445048075,0.11298434904138063,0.11297784446737957,0.11297123199750346,0.11296451284803073,0.11295768818263832,0.11295075911261122,0.11294372669711657,0.11293659194354147,0.11292935580789533,0.11292201919527664,0.11291458296040273,0.11290704790820447,0.11289941479448445,0.11289168432663856,0.11288385716444081,0.11287593392089093,0.11286791516312443,0.11285980141338449,0.11285159315005544,0.11284329080875705,0.11283489478349906,0.11282640542789538,0.1128178230564367,0.11280914794582182,0.11280038033634608,0.1127915204333461,0.11278256840870014
11.75,1.0039733108080502,1.0079797849594296,1.0120179874842687,1.0160866216013236,1.0201845152496456,1.024310608907315,1.0284639445751533,1.0326436558161785,1.0368489587528649,1.041079143934268,1.0453335689938514,1.049611652026637,1.0539128656211352,1.058236731487596,1.0625828156294874,1.0669507240099079,1.071340098668838,1.0757506142509443,1.0801819749070523,1.0846339115354224,1.0891061793316918,1.0935985556188397,1.0981108379307343,1.1026428423248733,1.107194401901773,1.1117653655101771,1.1163555966187928,1.120964972336725,1.1255933825661173,1.1302407292717094,1.1349069258532305,1.1395918966075889,1.1442955762688558,1.1490179096149582,1.1537588511309012,1.158518364719173,1.1632964234488041,1.168093009335239,1.1729081131439365,1.1777417342112462,1.182593880276746,1.1874645673218127,1.1923538194097458,1.1972616685232986,1.202188154395957,1.2071333243337694,1.2120972330249693,1.2170799423350336,1.222081521085207,1.227102044812875,1.2321415955124917,1.237200261356083,1.242278136392634,1.2473753202259161,1.25249191767058,1.2576280383865386,1.2627837964918056,1.2679593101543252,1.2731547011633106,1.2783700944803564,1.2836056177728066,1.2888614009283368,1.2941375755528772,1.2994342744529404,1.3047516311035912,1.3100897791033725,1.3154488516175702,1.3208289808112292,1.3262302972733884,1.331652929434011,1.3370970029751097,1.3425626402375717,1.3480499596251847,1.3535590750073692,1.3590900951220908,1.3646431229804243,1.370218255274207,1.3758155817881883,1.3814351848180544,1.38707713859567,1.3927415087228137,1.398428351614696,1.4041377139544269,1.4098696321595996,1.4156241318620937,1.4214012274021421,1.4272009213376522,1.4330232039697217,1.4388680528852145,1.4447354325172275,1.450625293724207,1.4565375733884058,1.4624721940343282,1.4684290634677515,1.474408074435839,1.4804091043088188,1.4864320147836307,1.4924766516098993,1.4985428443385251,1.5046304060931408,1.5107391333646123,1.5168688058287276,1.5230191861871543,1.5291900200316992,1.5353810357318578,1.5415919443455903,1.5478224395532176,1.5540721976142882,1.5603408773472218,1.5666281201314918,1.5729335499320811,1.5792567733458913,1.5855973796697722,1.591954940989775,1.5983290122912297,1.604719131589193,1.6111248200788038,1.617545582305034,1.6239809063513237,1.630430264046539,1.6368931111896858,1.6433688877917907,1.649857018334331,1.6563569120435886,1.6628679631802834,1.6693895513438275,1.675921041790525,1.6824617857650455,1.6890111208444596,1.6955683712941598,1.702132848434941,1.7087038510205355,1.7152806656248873,1.721862567038442,1.728448818672735,1.7350386729725567,1.7416313718349798,1.7482261470345113,1.7548222206536828,1.7614188055183568,1.7680151056370006,1.7746103166433573,1.7812036262417088,1.7877942146540762,1.7943812550687022,1.8009639140891487,1.8075413521833612,1.814112724132069,1.8206771794758934,1.8272338629605593,1.8337819149796089,1.8403204720140454,1.8468486670683408,1.8533656301022594,1.8598704884579687,1.866362367281927,1.8728403899410526,1.8793036784327004,1.8857513537879869,1.8921825364680305,1.898596346752689,1.9049919051213917,1.911368332625701,1.9177247512532332,1.9240602842826153,1.9303740566291545,1.9366651951809337,1.9429328291250556,1.9491760902637896,1.9553941133203876,1.961586036234365,1.9677510004460566,1.9738881511702877,1.9799966376590126,1.9860756134527977,1.9921242366210539,1.9981416699909316,2.004127081364823,2.0100796437264337,2.015998535435402,2.02188294041047,2.0277320483012327,2.0335450546484943,2.0393211610333126,2.045059575214787,2.050759511256712,2.0564201896431897,2.062040837383358,2.067620688105363,2.073158982139764,2.078654966592535,2.084107895407884,2.0895170294210836,2.094881636401563,2.1002009910864667,2.1054743752049894,2.1107010774937276,2.1158803937033586,2.1210116265968995,2.126094085939887,2.131127088481778,2.136109957932086,2.141042024927947,2.145922626994935,2.1507511085015065,2.1555268206074105,2.1602491212063795,2.164917374863464,2.1695309527473667,2.1740892325581664,2.1785915984507898,2.1830374409546307,2.187426156889682,2.1917571492795673,2.1960298272618504,2.200243605996002,2.20439790656941,2.2084921559017885,2.2125257866483774,2.2164982371022868,2.2204089510963527,2.2242573779048627,2.2280429721455004,2.231765193681853,2.23542350752682,2.239017383747259,2.242546297370182,2.2460097282908253,2.249407161182895,2.2527380854112917,2.256001994947596,2.2591983882885986,2.2623267683781587,2.265386642532623,2.2683775223700953,2.271298923743769,2.274150366679574,2.276931375318359,2.2796414778628167,2.282280206529364,2.28484709750517,2.287341690910512,2.289763530766647,2.292112164969341,2.294387145268232,2.296588027252163,2.298714370340614,2.3007657377813606,2.3027416966544756,2.304641817882767,2.3064656762487505,2.3082128504182364,2.3098829229705937,2.311475480435762,2.3129901133380466,2.314426416246742,2.315783987833604,2.3170624309371814,2.318261352634023,2.3193803643167303,2.3204190817788533,2.3213771253065865,2.3222541197772246,2.3230496947643244,2.3237634846495028,2.324395128740791,2.324944271397462,2.325410562161223,2.325793655893661,2.3260932129198215,2.326308899177781,2.3264403863740735,2.326487352144804,2.326449480222291,2.3263264606070617,2.3261179897449975,2.3258237707094556,2.3254435133881386,2.3249769346745044,2.324423758663498,2.3237837168513593,2.323056548339269,2.322242000040591,2.3213398268914434,2.3203497920643392,2.3192716671846245,2.3181052325494393,2.316850277348919,2.315506599889342,2.3140740078179416,2.3125523183490775,2.31094135849147,2.309240965276193,2.30745098598512,2.3055712783795084,2.3036017109284237,2.3015421630366846,2.2993925252720127,2.297152699591084,2.2948225995641627,2.2924021505980163,2.289891290156782,2.287289967980501,2.284598146300998,2.281815800054809,2.278942917092859,2.275979498386585,2.2729255582302303,2.2697811244390005,2.2665462385428157,2.2632209559753766,2.2598053462582737,2.256299493179869,2.252703494968708,2.249017464461188,2.2452415292632617,2.241375831905918,2.237420529994232,2.233375796349743,2.229241819145971,2.225018802036839,2.220706964277839,2.2163065408397284,2.2118177825145935,2.2072409560141164,2.2025763440598753,2.197824245465539,2.192984975210817,2.1880588645070356,2.183046260854216,2.17794752808956,2.1727630464272303,2.167493212489346,2.1621384393281144,2.1566991564390317,2.1511758097650855,2.1455688616919315,2.1398787910339863,2.1341060930114195,2.1282512792180275,2.122314877579978,2.1162974323054278,2.1101995038250267,2.1040216687233255,2.097764519661126,2.0914286652887983,2.0850147301506317,2.0785233545802617,2.071955194587247,2.065310921734869,2.0585912230092367,2.0517968006797873,2.0449283721512814,2.0379866698074065,2.030972440846085,2.02388644710663,2.016729464888858,2.0095022847643107,2.0022057113797085,1.994840563252807,1.9874076725607812,1.9799078849213267,1.9723420591666216,1.9647110671103305,1.957015793307822,1.9492571348097796,1.9414360009093958,1.9335533128833282,1.9256100037266248,1.9176070178817994,1.9095453109622726,1.901425849470368,1.893249610510081,1.8850175814948218,1.8767307598503502,1.8683901527131088,1.859996776624179,1.851551657219067,1.8430558289135504,1.8345103345857965,1.8259162252549743,1.8172745597565902,1.8085864044147595,1.799852832711643,1.7910749249542695,1.7822537679389698,1.7733904546136403,1.7644860837380603,1.7555417595424871,1.7465585913847466,1.737537693406037,1.7284801841856698,1.7193871863949581,1.7102598264504705,1.7010992341668654,1.691906542409513,1.6826828867471197,1.6734294051045526,1.6641472374160802,1.6548375252792231,1.6455014116094155,1.6361400402956756,1.626754555857478,1.617346103103016,1.6079158267890445,1.598464871282484,1.5889943802239692,1.5795054961935178,1.5699993603784905,1.5604771122440177,1.5509398892060524,1.541388826307214,1.5318250558955835,1.5222497073066015,1.512663906548217,1.503068775989441,1.4934654340524343,1.4838549949082813,1.4742385681765708,1.4646172586289223,1.4549921658965743,1.445364384182165,1.4357350019758093,1.4261051017755964,1.4164757598126034,1.4068480457805408,1.3972230225701137,1.3876017460082062,1.3779852646019684,1.3683746192878976,1.3587708431859948,1.3491749613590651,1.3395879905772434,1.330010939087809,1.3204448063903502,1.3108905830173445,1.3013492503201982,1.2918217802608136,1.2823091352087064,1.2728122677437372,1.263332120464484,1.2538696258022877,1.2444257058410115,1.2350012721425254,1.225597225577952,1.2162144561646784,1.2068538429091595,1.1975162536555175,1.1882025449399412,1.1789135618508966,1.1696501378951405,1.1604130948695364,1.1512032427386636,1.1420213795182113,1.1328682911641363,1.123744751467576,1.114651521955487,1.1055893517969921,1.0965589777154034,1.0875611239058929,1.078596501958779,1.0696658107883932,1.0607697365674822,1.0519089526671146,1.0430841196020382,1.034295884981447,1.025544883465109,1.0168317367247999,1.008157053410992,0.9995214291247424,0.9909254463947221,0.9823696746593267,0.9738546702538038,0.9653809764023396,0.956949123215032,0.9485596276896892,0.9402129937183803,0.93190971209867,0.9236502605494651,0.9154351037313982,0.9072646932716772,0.8991394677933192,0.8910598529486984,0.8830262614573238,0.8750390931477715,0.8670987350036901,0.8592055612137974,0.8513599332257867,0.8435621998040617,0.8358126970912141,0.828111748673163,0.8204596656478667,0.8128567466975278,0.8053032781642019,0.7977995341287244,0.7903457764928717,0.7829422550646679,0.7755892076467499,0.7682868601277084,0.7610354265763118,0.7538351093385305,0.7466860991372727,0.739588575174747,0.7325427052373604,0.7255486458030725,0.7186065421511113,0.7117165284739709,0.7048787279916033,0.6980932530677172,0.6913602053281012,0.6846796757808863,0.6780517449386625,0.6714764829423677,0.6649539496868644,0.6584841949481235,0.6520672585119313,0.6457031703040412,0.639391950521689,0.6331336097663895,0.6269281491779422,0.6207755605695596,0.6146758265640495,0.6086289207309683,0.6026348077246751,0.5966934434232085,0.5908047750679152,0.5849687414037562,0.579185272820222,0.5734542914927824,0.5677757115248053,0.5621494390898746,0.5565753725744396,0.5510534027207319,0.5455834127698821,0.5401652786051759,0.5347988688953833,0.5294840452381038,0.5242206623030623,0.519008567975303,0.513847603498217,0.5087376036163516,0.5036783967179439,0.4986698049771258,0.49371164449574606,0.48880372544475925,0.4839458522051305,0.47913782350820633,0.474379432575506,0.46967046725788336,0.46501071017401713,0.4603999388481828,0.4558379258472657,0.4513244389169721,0.44685924111719816,0.44244209095651893,0.43807274252575706,0.433750945630598,0.4294764459232131,0.4252489850328588,0.42106830069541806,0.41693412688185194,0.4128461939255321,0.40880422864842414,0.40480795448609325,0.4008570916115071,0.3969513570576081,0.3930904648386317,0.3892741260701475,0.3855020490878004,0.3817739395647305,0.3780895006276523,0.37444843297157443,0.3708504349731405,0.3672952028025769,0.36378243053422943,0.36031181025567494,0.3568830321753956,0.35349578472899984,0.35014975468398274,0.3468446272430108,0.3435800861457246,0.340355813769048,0.33717149122599793,0.3340267984629872,0.33092141435561223,0.32785501680292395,0.3248272828201739,0.3218378886300347,0.3188865097522889,0.3159728210919879,0.3130964970260757,0.31025721148848057,0.3074546380536709,0.30468845001867995,0.3019583204835975,0.29926392243053307,0.2966049288010519,0.29398101257208836,0.2913918468303392,0.28883710484514274,0.28631646013984874,0.28382958656168333,0.2813761583501176,0.27895585020374436,0.2765683373456717,0.27421329558744023,0.27189040139147247,0.2695993319320634,0.2673397651549201,0.26511137983526084,0.26291385563448305,0.2607468731554109,0.25861011399613176,0.2565032608024336,0.2544259973188545,0.25237800843835567,0.2503589802506283,0.24836860008904987,0.24640655657629865,0.2444725396686411,0.2425662406989053,0.2406873524181518,0.23883556903605738,0.23701058626002394,0.2352121013330274,0.23343981307021897,0.23169342189429548,0.22997262986965045,0.22827714073532288,0.22660665993675644,0.2249608946563855,0.2233395538430615,0.22174234824033676,0.2201689904136185,0.21861919477621072,0.21709267761425752,0.215589157110605,0.21410835336759618,0.21264998842881522,0.21121378629979667,0.20979947296771553,0.20840677642007413,0.20703542666240166,0.20568515573498242,0.20435569772862935,0.20304678879951757,0.20175816718309594,0.20048957320709113,0.19924074930362154,0.19801144002043636,0.1968013920312967,0.19561035414551442,0.1944380773166654,0.19328431465049256,0.19214882141201553,0.19103135503186314,0.18993167511184436,0.18884954342977367,0.18778472394356788,0.1867369827946288,0.18570608831052962,0.18469181100701898,0.1836939235893598,0.18271220095301843,0.18174642018371964,0.1807963605568824,0.17986180353645376,0.17894253277315422,0.17803833410215167,0.17714899554017755,0.17627430728210208,0.17541406169698223,0.174568053323598,0.17373607886549183,0.1729179371855256,0.17211342929996995,0.1713223583721404,0.17054452970559444,0.16977975073690346,0.16902783102801425,0.1682885822582135,0.16756181821570834,0.16684735478883803,0.16614500995692819,0.1654546037808025,0.16477595839296394,0.164108897987458,0.163453248809432,0.16280883914440109,0.16217549930723482,0.16155306163087488,0.16094136045479732,0.1603402321132292,0.15974951492313294,0.15916904917196764,0.1585986771052402,0.15803824291385565,0.15748759272127788,0.15694657457051084,0.1564150384109104,0.15589283608483695,0.15537982131415776,0.15487584968660906,0.15438077864202676,0.15389446745845484,0.15341677723813968,0.1529475708934195,0.1524867131325167,0.15203407044524034,0.1515895110886084,0.1511529050723949,0.15072412414461106,0.15030304177692677,0.14988953315003858,0.14948347513899202,0.14908474629846297,0.14869322684800584,0.1483087986572728,0.14793134523121088,0.14756075169524113,0.14719690478042677,0.14683969280863293,0.14648900567768466,0.14614473484652682,0.14580677332038977,0.1454750156359661,0.14514935784660096,0.14482969750750072,0.14451593366096252,0.1442079668216287,0.14390569896176886,0.14360903349659251,0.1433178752695952,0.1430321305379398,0.1427517069578774,0.14247651357020738,0.14220646078578086,0.1419414603710484,0.14168142543365397,0.14142627040807673,0.14117591104132257,0.14093026437866615,0.14068924874944483,0.14045278375290632,0.14022079024410994,0.13999319031988364,0.1397699073048363,0.13955086573742742,0.13933599135609356,0.13912521108543324,0.13891845302244954,0.13871564642285233,0.13851672168741924,0.1383216103484159,0.13813024505607657,0.13794255956514415,0.1377584887214704,0.13757796844867662,0.13740093573487447,0.13722732861944706,0.13705708617989087,0.1368901485187179,0.13672645675041817,0.1365659529884831,0.13640858033248915,0.13625428285524208,0.1361030055899817,0.13595469451764713,0.1358092965542032,0.13566675953802662,0.13552703221735385,0.13539006423778907,0.1352558061298736,0.13512420929671623,0.134995226001685,0.13486880935616016,0.13474491330734947,0.13462349262616502,0.13450450289516275,0.1343879004965445,0.1342736426002236,0.13416168715195328,0.13405199286152017,0.1339445191910017,0.13383922634308906,0.13373607524947598,0.1336350275593137,0.13353604562773372,0.13343909250443817,0.1333441319223591,0.13325112828638744,0.1331600466621723,0.13307085276499225,0.13298351294869876,0.13289799419473322,0.13281426410121844,0.13273229087212637,0.13265204330652192,0.13257349078788538,0.13249660327351345,0.13242135128400154,0.13234770589280728,0.13227563871589756,0.1322051219014793,0.13213612811981668,0.13206863055313509,0.13200260288561388,0.131938019293469,0.13187485443512698,0.1318130834414921,0.13175268190630726,0.13169362587661163,0.13163589184329438,0.13157945673174828,0.13152429789262293,0.13147039309267947,0.1314177205057493,0.13136625870379678,0.13131598664808813,0.1312668836804679,0.13121892951474506,0.13117210422818817,0.13112638825313336,0.13108176236870508,0.13103820769265126,0.13099570567329433,0.13095423808159926,0.13091378700335987,0.13087433483150462,0.13083586425852312,0.13079835826901431,0.13076180013235753,0.13072617339550782,0.13069146187591552,0.13065764965457222,0.13062472106918332,0.1305926607074679,0.13056145340058725,0.13053108421670237,0.1305015384546609,0.1304728016378148,0.13044485950796883,0.13041769801946002,0.1303913033333693,0.13036566181186504,0.13034076001267883,0.1303165846837139,0.1302931227577866,0.13027036134749978,0.13024828774024994,0.13022688939336607,0.13020615392938184,0.13018606913143935,0.13016662293882514,0.13014780344263796,0.13012959888158712,0.130111997637922,0.13009498823349103,0.13007855932593018,0.13006269970497994,0.13004739828892978,0.1300326441211897,0.1300184263669868,0.1300047343101874,0.12999155735024204,0.12997888499925325,0.12996670687916387,0.12995501271906534,0.1299437923526242,0.12993303571562542,0.12992273284363032,0.12991287386974884,0.12990344902252313,0.12989444862392102,0.12988586308743846,0.1298776829163074,0.12986989870180882,0.12986250112168746,0.12985548093866758,0.1298488289990665,0.12984253623150424,0.12983659364570715,0.12983099233140316,0.12982572345730595,0.12982077827018657,0.12981614809402958,0.12981182432927066,0.1298077984521148,0.12980406201393116,0.1298006066407231,0.12979742403266975,0.1297945059637378,0.12979184428136004,0.1297894309061784,0.12978725783184883,0.1297853171249054,0.12978360092468086,0.12978210144328156,0.12978081096561303,0.12977972184945502,0.12977882652558187,0.1297781174979267,0.1297775873437862,0.12977722871406383,0.12977703433354867,0.1297769970012268,0.12977710959062386,0.129777365050175,0.12977775640362066,0.12977827675042505,0.12977891926621504,0.12977967720323774,0.12978054389083327,0.12978151273592106,0.12978257722349754,0.12978373091714213,0.12978496745953055,0.12978628057295208,0.12978766405982933,0.12978911180323863,0.12979061776742817,0.12979217599833306,0.12979378062408464,0.1297954258555119,0.12979710598663477,0.12979881539514546,0.129800548542878,0.12980229997626358,0.12980406432676947,0.129805836311322,0.12980761073271008,0.12980938247996912,0.1298111465287439,0.1298128979416292,0.12981463186848644,0.1298163435467363,0.12981802830162556,0.1298196815464675,0.12982129878285492,0.1298228756008449,0.12982440767911493,0.12982589078508935,0.1298273207750353,0.12982869359412866,0.12983000527648816,0.12983125194517814,0.12983242981217943,0.129833535178328,0.12983456443322094,0.12983551405509,0.12983638061064237,0.1298371607548686,0.1298378512308177,0.12983844886933957,0.12983895058879463,0.12983935339473124,0.12983965437953032,0.12983985072201856,0.12983993968704918,0.1298399186250518,0.12983978497155085,0.12983953624665387,0.12983917005450912,0.1298386840827336,0.12983807610181236,0.1298373439644684,0.12983648560500533,0.1298354990386222,0.1298343823607016,0.12983313374607167,0.12983175144824294,0.12983023379862021,0.12982857920569052,0.12982678615418783,0.12982485320423556,0.12982277899046707,0.12982056222112548,0.12981820167714345,0.12981569621120354,0.1298130447467802,0.1298102462771642,0.12980729986447012,0.12980420463862796,0.12980095979635953,0.12979756460014077,0.12979401837715052,0.1297903205182064,0.12978647047668948,0.12978246776745747,0.12977831196574818,0.12977400270607317,0.12976953968110339,0.12976492264054706,0.12976015139002034,0.12975522578991217,0.12975014575424373,0.1297449112495233,0.12973952229359736,0.12973397895449854,0.12972828134929168,0.12972242964291766,0.129716424047037,0.12971026481887277,0.1297039522600547,0.12969748671546366,0.12969086857207895,0.12968409825782726,0.12967717624043557,0.1296701030262874,0.12966287915928382,0.12965550521970923,0.12964798182310308,0.12964030961913778,0.12963248929050336,0.1296245215517992,0.12961640714843486,0.12960814685553768,0.12959974147687087,0.12959119184376047,0.12958249881403233,0.12957366327095995,0.12956468612222302,0.12955556829887793,0.12954631075433976,0.12953691446337717,0.1295273804211201,0.12951770964208062,0.12950790315918786,0.12949796202283712,0.1294878872999535,0.1294776800730707,0.12946734143942532,0.1294568725100668,0.1294462744089841,0.12943554827224857,0.12942469524717384,0.12941371649149347,0.12940261317255566,0.12939138646653695,0.12938003755767297,0.1293685676375093,0.12935697790417064,0.12934526956164924,0.12933344381911327,0.12932150189023492,0.12930944499253863,0.1292972743467699,0.1292849911762847,0.12927259670646,0.12926009216412493,0.1292474787770141,0.12923475777324167,0.1292219303807978,0.1292089978270665,0.12919596133836583,0.12918282213951032,0.12916958145339524,0.12915624050060423,0.12914280049903842,0.1291292626635687,0.12911562820571043,0.129101898333321,0.12908807425031968,0.12907415715643047,0.12906014824694767,0.12904604871252337,0.12903185973897838,0.12901758250713485,0.12900321819267158,0.12898876796600117,0.12897423299216984,0.12895961443077825,0.1289449134359246,0.12893013115616905,0.12891526873451897,0.12890032730843556,0.12888530800986073,0.1288702119652644,0.12885504029571193,0.12883979411695065,0.12882447453951618,0.1288090826688573,0.12879361960547914,0.12877808644510444,0.12876248427885206,0.12874681419343278,0.12873107727136118,0.12871527459118365,0.1286994072277217,0.12868347625233,0.12866748273316883,0.12865142773548963,0.12863531232193384,0.12861913755284407,0.12860290448658654,0.12858661417988484,0.12857026768816385,0.12855386606590286,0.12853741036699803,0.1285209016451326,0.12850434095415442,0.12848772934846023,0.12847106788338544,0.12845435761559937,0.12843759960350412,0.12842079490763772,0.128403944591079,0.12838704971985512,0.1283701113633497,0.1283531305947111,0.12833610849126045,0.12831904613489803,0.1283019446125078,0.12828480501635806,0.12826762844449957,0.12825041600115775,0.12823316879712024,0.12821588795011798,0.12819857458519912,0.12818122983509525,0.12816385484057918,0.1281464507508131,0.12812901872368657,0.12811155992614393,0.1280940755344999,0.12807656673474274,0.12805903472282446,0.12804148070493723,0.1280239058977755,0.12800631152878272,0.12798869883638256,0.12797106907019357,0.12795342349122685,0.12793576337206614,0.12791808999702953,0.12790040466231276,0.1278827086761129,0.1278650033587321,0.12784729004266165,0.1278295700726445,0.1278118448057168,0.12779411561122794,0.1277763838708383,0.1277586509784947,0.12774091834038298,0.1277231873748573,0.1277054595123463,0.12768773619523535,0.12767001887772492,0.12765230902566474,0.12763460811636368,0.12761691763837488,0.12759923909125664,0.12758157398530834,0.12756392384128137,0.12754629019006564,0.1275286745723508,0.1275110785382629,0.12749350364697612,0.12747595146629995,0.12745842357224152,0.12744092154854375,0.12742344698619903,0.1274060014829392,0.12738858664270122,0.12737120407506955,0.12735385539469543,0.1273365422206931,0.1273192661760137,0.12730202888679673,0.12728483198170024,0.12726767709120937,0.12725056584692468,0.12723349988082985,0.12721648082453976,0.1271995103085299,0.12718258996134696,0.1271657214088019,0.1271489062731457,0.12713214617222876,0.1271154427186447,0.1270987975188592,0.12708221217232427,0.12706568827058015,0.1270492273963434,0.12703283112258446,0.1270165010115935,0.12700023861403703,0.126984045468005,0.12696792309805022,0.12695187301422017,0.12693589671108327,0.1269199956667494,0.12690417134188653,0.12688842517873408,0.12687275860011424,0.1268571730084418,0.12684166978473443,0.1268262502876234,0.12681091585236634,0.12679566778986365,0.12678050738567825,0.12676543589906097,0.12675045456198197,0.12673556457817023,0.12672076712216013,0.12670606333834833,0.12669145434006104,0.12667694120863265,0.1266625249924971,0.12664820670629312,0.1266339873299834,0.12661986780799023,0.12660584904834737,0.12659193192186952,0.12657811726134097,0.12656440586072304,0.12655079847438294,0.1265372958163433,0.12652389855955465,0.12651060733519084,0.1264974227319689,0.12648434529549338,0.12647137552762688,0.126458513885887,0.1264457607828708,0.12643311658570716,0.1264205816155382,0.12640815614703,0.12639584040791368,0.12638363457855722,0.1263715387915687,0.1263595531314319,0.1263476776341738,0.12633591228706595,0.12632425702835903,0.12631271174705144,0.12630127628269253,0.1262899504252207,0.12627873391483682,0.12626762644191336,0.12625662764693912,0.12624573712050055,0.1262349544032995,0.1262242789862071,0.12621371031035553,0.12620324776726569,0.12619289069901277,0.12618263839842891,0.12617249010934273,0.1261624450268568,0.1261525022976621,0.1261426610203897,0.1261329202460001,0.12612327897820888,0.1261137361739504,0.12610429074387763,0.12609494155289883,0.12608568742075055,0.12607652712260753,0.12606745938972747,0.12605848291013233,0.12604959632932466,0.12604079825103862,0.12603208723802603,0.12602346181287627,0.12601492045887,0.1260064616208661,0.12599808370622137,0.12598978508574243,0.12598156409466918,0.1259734190336895,0.12596534816998425,0.1259573497383024,0.12594942194206482,0.12594156295449715,0.12593377091979,0.12592604395428644,0.1259183801476955,0.1259107775643314,0.12590323424437713,0.12589574820517233,0.12588831744252346,0.12588093993203667,0.12587361363047123,0.12586633647711348,0.12585910639516998,0.12585192129317885,0.12584477906643832,0.12583767759845152,0.12583061476238652,0.12582358842255015,0.12581659643587517,0.12580963665341904,0.1258027069218732,0.1257958050850825,0.1257889289855724,0.12578207646608383,0.12577524537111365,0.1257684335484601,0.12576163885077177,0.12575485913709847,0.1257480922744435,0.12574133613931535,0.12573458861927767,0.12572784761449668,0.12572111103928402,0.12571437682363412,0.12570764291475447,0.12570090727858788,0.12569416790132493,0.12568742279090564,0.12568066997850874,0.12567390752002694,0.12566713349752767,0.12566034602069717,0.12565354322826672,0.12564672328941998,0.12563988440517967,0.12563302480977262,0.12562614277197168,0.1256192365964133,0.12561230462488912,0.1256053452376108,0.12559835685444676,0.12559133793612876,0.12558428698542848,0.1255772025483013,0.12557008321499777,0.12556292762114024,0.12555573444876417,0.12554850242732277,0.12554123033465422,0.12553391699790978,0.12552656129444273,0.12551916215265607,0.1255117185528091,0.1255042295277811,0.12549669416379158,0.1254891116010766,0.12548148103451973,0.12547380171423747,0.12546607294611792,0.12545829409231263,0.12545046457168052,0.12544258386018353,0.1254346514912334,0.12542666705598954,0.12541863020360638,0.1254105406414317,0.12540239813515358,0.12539420250889757,0.12538595364527252,0.12537765148536525,0.12536929602868468,0.1253608873330541,0.12535242551445272,0.1253439107468061,0.12533534326172507,0.1253267233481943,0.1253180513522101,0.1253093276763675,0.12530055277939747,0.12529172717565448,0.12528285143455437,0.1252739261799638,0.12526495208954092,0.1252559298940283,0.12524686037649901,0.12523774437155552,0.12522858276448331,0.12521937649035914,0.1252101265331147,0.12520083392455728,0.1251914997433473,0.12518212511393437,0.12517271120545248,0.12516325923057536,0.12515377044433307,0.12514424614289094,0.12513468766229147,0.12512509637716132,0.12511547369938342,0.12510582107673623,0.12509613999150088,0.12508643195903774,0.12507669852633332,0.1250669412705192,0.12505716179736423,0.125047361739741,0.12503754275606818,0.1250277065287305,0.1250178547624768,0.12500798918279898,0.1249981115342917,0.1249882235789955,0.1249783270947244,0.12496842387337918,0.12495851571924821,0.1249486044472975,0.12493869188145068,0.12492877985286127,0.12491887019817854,0.12490896475780804,0.12489906537416891,0.12488917388994943,0.12487929214636183,0.12486942198139883,0.12485956522809236,0.12484972371277707,0.12483989925335925,0.1248300936575934,0.12482030872136744,0.1248105462269986,0.12480080794154098,0.12479109561510672,0.1247814109792022,0.12477175574508016,0.12476213160211043,0.1247525402161697,0.12474298322805193,0.12473346225190136,0.12472397887366901,0.12471453464959431,0.1247051311047131,0.12469576973139344,0.1246864519879008,0.12467717929699343,0.1246679530445494,0.12465877457822701,0.12464964520615913,0.12464056619568327,0.12463153877210793,0.12462256411751708,0.12461364336961338,0.12460477762060125,0.12459596791611119,0.12458721525416615,0.12457852058419049,0.12456988480606336,0.12456130876921662,0.12455279327177882,0.12454433905976511,0.12453594682631514,0.12452761721097814,0.12451935079904745,0.12451114812094388,0.12450300965164943,0.12449493581019087,0.1244869269591748,0.12447898340437384,0.1244711053943646,0.12446329312021781,0.12445554671524088,0.12444786625477308,0.12444025175603357,0.1244327031780223,0.12442522042147411,0.12441780332886569,0.12441045168447568,0.12440316521449764,0.12439594358720578,0.12438878641317323,0.12438169324554274,0.12437466358034925,0.12436769685689404,0.12436079245817035,0.12435394971133945,0.12434716788825678,0.12434044620604812,0.12433378382773438,0.12432717986290444,0.12432063336843599,0.12431414334926262,0.12430770875918698,0.12430132850173872,0.12429500143107629,0.12428872635293187,0.12428250202559805,0.12427632716095546,0.1242702004255398,0.12426412044164756,0.12425808578847877,0.12425209500331565,0.12424614658273603,0.12424023898386007,0.12423437062562834,0.1242285398901108,0.12422274512384456,0.1242169846391991,0.1242112567157673,0.12420555960178098,0.12419989151554904,0.12419425064691664,0.12418863515874398,0.12418304318840301,0.12417747284928986,0.12417192223235185,0.12416638940762727,0.1241608724257958,0.12415536931973803,0.1241498781061024,0.12414439678687772,0.1241389233509692,0.12413345577577654,0.12412799202877191,0.12412253006907614,0.12411706784903134,0.12411160331576791,0.12410613441276425,0.12410065908139696,0.12409517526248035,0.1240896808977926,0.12408417393158723,0.12407865231208798,0.12407311399296488,0.12406755693478991,0.12406197910647063,0.1240563784866594,0.12405075306513667,0.12404510084416671,0.1240394198398233,0.12403370808328457,0.12402796362209408,0.12402218452138707,0.12401636886508016,0.12401051475702231,0.1240046203221058,0.12399868370733523,0.12399270308285294,0.12398667664291924,0.12398060260684586,0.12397447921988115,0.12396830475404526,0.12396207750891361,0.12395579581234815,0.12394945802117392,0.12394306252180012,0.12393660773078431,0.12393009209533846,0.12392351409377574,0.12391687223589669,0.12391016506331416,0.12390339114971577,0.12389654910106287,0.12388963755572562,0.12388265518455328,0.12387560069087887,0.12386847281045799,0.12386127031134127,0.12385399199368032,0.12384663668946674,0.12383920326220421,0.12383169060651386,0.12382409764767296,0.12381642334108721,0.12380866667169736,0.1238008266533205,0.1237929023279266,0.12378489276485177,0.12377679705994876,0.12376861433467638,0.12376034373512841,0.12375198443100466,0.12374353561452475,0.12373499649928728,0.12372636631907585,0.12371764432661465,0.12370882979227543,0.1236999220027385,0.12369092025961108,0.12368182387800486,0.12367263218507618,0.1236633445185324,0.12365396022510741,0.12364447865900946,0.12363489918034579,0.12362522115352688,0.12361544394565495,0.12360556692490025,0.12359558945886992,0.12358551091297287,0.12357533064878581,0.12356504802242453,0.12355466238292509,0.12354417307064036,0.1235335794156549,0.1235228807362247,0.12351207633724605,0.12350116550875831,0.12349014752448555,0.12347902164042222,0.12346778709346788,0.12345644310011572,0.1234449888551997,0.12343342353070579,0.12342174627465166,0.12340995621003965,0.12339805243388816,0.12338603401634583,0.123373899999893,0.1233616493986351,0.12334928119769215,0.12333679435268859,0.12332418778934759,0.12331146040319348,0.12329861105936608,0.12328563859255048,0.12327254180702553,0.12325931947683437,0.12324597034607929,0.12323249312934385,0.12321888651224538,0.12320514915211832,0.12319127967883181,0.12317727669574238,0.12316313878078348,0.12314886448769206,0.1231344523473743,0.1231199008694094,0.12310520854369257,0.12309037384221702,0.12307539522099384,0.12306027112210953,0.12304499997591996,0.12302958020337909,0.12301401021850115,0.12299828843095362,0.12298241324877918,0.1229663830812437,0.12295019634180723,0.12293385145121462,0.1229173468407027,0.12290068095531909,0.1228838522573496,0.12286685922984907,0.12284970038027047,0.12283237424418873,0.12281487938911223,0.12279721441837776,0.12277937797512248,0.12276136874632691,0.12274318546692331,0.12272482692396214,0.12270629196083056,0.1226875794815163,0.12266868845490934,0.12264961791913484,0.12263036698590975,0.12261093484491584,0.12259132076818162,0.1225715241144654,0.1225515443336322,0.12253138097101647,0.1225110336717627,0.12249050218513652,0.12246978636879816,0.12244888619303049,0.12242780174491384,0.12240653323243972,0.12238508098855577,0.12236344547513421,0.12234162728685617,0.12231962715500411,0.12229744595115549,0.12227508469076986,0.12225254453666233,0.12222982680235633,0.12220693295530884,0.12218386462000147,0.1221606235808909,0.12213721178521199,0.12211363134562792,0.12208988454272121,0.1220659738273199,0.12204190182265368,0.12201767132633466,0.12199328531215815,0.12196874693171794,0.12194405951583306,0.12191922657578079,0.1218942518043328,0.12186913907659074,0.12184389245061779,0.12181851616786399,0.12179301465338203,0.1217673925158319,0.12174165454727172,0.12171580572273413,0.1216898511995861,0.12166379631667168,0.12163764659323673,0.12161140772763546,0.12158508559581913,0.12155868624960672,0.12153221591473853,0.1215056809887137,0.1214790880384128,0.12145244379750722,0.1214257551636573,0.12139902919550134,0.12137227310943818,0.12134549427620586,0.12131870021725971,0.12129189860095362,0.12126509723852717,0.12123830407990381,0.12121152720930324,0.1211847748406731,0.12115805531294438,0.12113137708511568,0.12110474873117123,0.12107817893483847,0.12105167648419027,0.12102525026609845,0.1209989092605433,0.12097266253478647,0.12094651923741317,0.12092048859224996,0.12089457989216527,0.12086880249275893,0.12084316580594816,0.12081767929345669,0.12079235246021425,0.12076719484767402,0.1207422160270549,0.12071742559251625,0.12069283315427264,0.12066844833165619,0.12064428074613393,0.12062034001428784,0.12059663574076536,0.12057317751120775,0.1205499748851643,0.12052703738899956,0.12050437450880194,0.12048199568330033,0.12045991029679713,0.12043812767212483,0.12041665706363346,0.12039550765021641,0.12037468852838208,0.12035420870537852,0.12033407709237781,0.12031430249772769,0.1202948936202771,0.1202758590427823,0.12025720722540036,0.12023894649927656,0.12022108506023219,0.12020363096255829,0.12018659211292237,0.12016997626439327,0.12015379101059026,0.12013804377996178,0.12012274183019918,0.12010789224279074,0.12009350191772089,0.12007957756831932,0.12006612571626492,0.12005315268674856,0.12004066460379886,0.12002866738577564,0.1200171667410336,0.12000616816376086,0.11999567692999515,0.11998569809382066,0.1199762364837491,0.11996729669928657,0.11995888310768964,0.11995099984091215,0.1199436507927451,0.11993683961615122,0.11993056972079587,0.11992484427077513,0.1199196661825428,0.11991503812303664,0.11991096250800459,0.11990744150053151,0.11990447700976638,0.11990207068985026,0.11990022393904431,0.1198989378990576,0.11989821345457408,0.11989805123297784,0.11989845160427544,0.11989941468121408,0.11990094031959406,0.11990302811877375,0.11990567742236571,0.11990888731912114,0.1199126566440011,0.11991698397943172,0.11992186765674083,0.11992730575777352,0.11993329611668335,0.11993983632189663,0.11994692371824624,0.11995455540927152,0.11996272825968123,0.11997143889797557,0.11998068371922374,0.11999045888799316,0.12000076034142627,0.12001158379246098,0.12002292473319055,0.12003477843835872,0.1200471399689857,0.12006000417612035,0.1200733657047148,0.12008721899761597,0.12010155829967004,0.12011637766193488,0.12013167094599617,0.12014743182838165,0.12016365380506959,0.12018033019608608,0.12019745415018629,0.12021501864961523,0.12023301651494281,0.12025144040996827,0.12027028284668953,0.12028953619033193,0.12030919266443196,0.12032924435597127,0.12034968322055556,0.12037050108763435,0.12039168966575599,0.12041324054785398,0.12043514521655944,0.12045739504953534,0.12047998132482772,0.12050289522622981,0.12052612784865409,0.1205496702035082,0.12057351322407037,0.1205976477708598,0.12062206463699862,0.12064675455356057,0.12067170819490258,0.12069691618397577,0.12072236909761141,0.12074805747177852,0.12077397180680954,0.12080010257258997,0.12082644021370945,0.1208529751545698,0.12087969780444784,0.120906598562509,0.12093366782276949,0.1209608959790032,0.12098827342959112,0.12101579058231049,0.12104343785906066,0.12107120570052343,0.12109908457075567,0.12112706496171115,0.1211551373976902,0.12118329243971487,0.12121152068982684,0.12123981279530714,0.12126815945281551,0.12129655141244759,0.12132497948170855,0.12135343452940119,0.12138190748942779,0.12141038936450364,0.12143887122978177,0.12146734423638694,0.12149579961485876,0.12152422867850196,0.12155262282664372,0.12158097354779707,0.12160927242272976,0.12163751112743745,0.12166568143602159,0.12169377522347008,0.12172178446834248,0.12174970125535776,0.12177751777788473,0.12180522634033535,0.12183281936046055,0.12186028937154912,0.12188762902452842,0.12191483108996871,0.12194188845999022,0.12196879415007332,0.12199554130077282,0.12202212317933595,0.12204853318122481,0.12207476483154422,0.12210081178637475,0.12212666783401244,0.12215232689611516,0.12217778302875683,0.1222030304233902,0.12222806340771908,0.12225287644648096,0.12227746414214091,0.12230182123549786,0.12232594260620462,0.122349823273202,0.12237345839506926,0.12239684327029142,0.12241997333744468,0.12244284417530205,0.12246545150285948,0.12248779117928481,0.1225098592037906,0.12253165171543225,0.12255316499283354,0.12257439545384037,0.12259533965510498,0.12261599429160212,0.12263635619607863,0.12265642233843856,0.12267618982506533,0.122695655898083,0.12271481793455796,0.12273367344564336,0.12275222007566824,0.12277045560117279,0.12278837792989214,0.12280598509969011,0.12282327527744563,0.12284024675789283,0.1228568979624177,0.1228732274378127,0.12288923385499168,0.12290491600766663,0.12292027281098936,0.1229353033001582,0.12295000662899382,0.12296438206848473,0.12297842900530524,0.12299214694030726,0.12300553548698831,0.12301859436993759,0.12303132342326187,0.12304372258899342,0.12305579191548133,0.1230675315557688,0.12307894176595749,0.12309002290356108,0.12310077542584998,0.12311119988818828,0.12312129694236547,0.1231310673349238,0.12314051190548317,0.12314963158506524,0.12315842739441787,0.12316690044234185,0.12317505192402081,0.1231828831193558,0.12319039539130629,0.12319759018423779,0.12320446902227822,0.12321103350768389,0.12321728531921569,0.12322322621052718,0.12322885800856494,0.12323418261198221,0.12323920198956675,0.12324391817868355,0.12324833328373289,0.1232524494746247,0.12325626898526951,0.12325979411208637,0.12326302721252842,0.12326597070362641,0.12326862706055035,0.12327099881518921,0.12327308855474978,0.12327489892037348,0.12327643260577219,0.12327769235588253,0.12327868096553883,0.12327940127816463,0.123279856184482,0.12328004862123913,0.12327998156995522,0.12327965805568286,0.12327908114578763,0.12327825394874352,0.12327717961294483,0.12327586132553335,0.12327430231124016,0.12327250583124201,0.12327047518203081,0.12326821369429664,0.1232657247318223,0.12326301169038945,0.12326007799669565,0.12325692710728085,0.12325356250746321,0.12324998771028292,0.12324620625545339,0.12324222170831894,0.12323803765881806,0.12323365772045136,0.12322908552925331,0.1232243247427672,0.12321937903902214,0.12321425211551083,0.1232089476881683,0.12320346949035005,0.12319782127180876,0.12319200679766916,0.12318602984740012,0.1231798942137828,0.12317360370187504,0.12316716212797024,0.12316057331855113,0.12315384110923683,0.12314696934372332,0.12313996187271643,0.12313282255285699,0.12312555524563766,0.12311816381631104,0.12311065213278845,0.12310302406452957,0.12309528348142215,0.12308743425265176,0.1230794802455615,0.12307142532450155,0.12306327334966803,0.12305502817593214,0.12304669365165825,0.12303827361751221,0.12302977190525943,0.1230211923365531,0.12301253872171274,0.1230038148584933,0.12299502453084515,0.12298617150766565,0.12297725954154218,0.12296829236748771,0.12295927370166913,0.12295020724012881,0.12294109665750029,0.1229319456057186,0.12292275771272629,0.12291353658117522,0.12290428578712564,0.12289500887874304,0.12288570937499357,0.1228763907643394,0.12286705650343427,0.12285771001582076,0.1228483546906302,0.12283899388128636,0.12282963090421317,0.12282026903754885,0.12281091151986653,0.12280156154890329,0.12279222228029782,0.1227828968263389,0.12277358825472501,0.12276429958733677,0.12275503379902322,0.1227457938164032,0.12273658251668289,0.1227274027264908,0.12271825722073137,0.1227091487214586,0.12270007989677034,0.12269105335972517,0.12268207166728229,0.12267313731926614,0.12266425275735637,0.12265542036410475,0.12264664246197976,0.12263792131244011,0.12262925911503805,0.122620658006554,0.12261212006016231,0.12260364728463047,0.12259524162355181,0.12258690495461301,0.12257863908889684,0.12257044577022137,0.12256232667451605,0.12255428340923559,0.12254631751281217,0.12253843045414672,0.12253062363214,0.12252289837526335,0.12251525594117052,0.12250769751635038,0.12250022421582074,0.12249283708286463,0.12248553708880822,0.12247832513284082,0.12247120204187796,0.12246416857046652,0.12245722540073274,0.1224503731423732,0.12244361233268818,0.12243694343665792,0.12243036684706117,0.12242388288463625,0.12241749179828444,0.12241119376531517,0.12240498889173292,0.12239887721256554,0.12239285869223349,0.12238693322495967,0.12238110063521941,0.12237536067823031,0.12236971304048104,0.12236415734029896,0.1223586931284558,0.1223533198888108,0.12234803703899122,0.1223428439311087,0.12233773985251145,0.12233272402657165,0.12232779561350689,0.12232295371123578,0.1223181973562658,0.12231352552461414,0.12230893713275988,0.12230443103862694,0.12230000604259691,0.12229566088855175,0.1222913942649447,0.12228720480589958,0.12228309109233677,0.12227905165312612,0.12227508496626523,0.12227118946008295,0.12226736351446703,0.12226360546211545,0.12225991358981046,0.12225628613971483,0.1222527213106892,0.12224921725963063,0.12224577210283079,0.12224238391735365,0.12223905074243134,0.12223577058087877,0.12223254140052454,0.12222936113565885,0.12222622768849709,0.12222313893065874,0.12222009270466071,0.1222170868254244,0.12221411908179575,0.12221118723807767,0.1222082890355747,0.1222054221941481,0.12220258441378169,0.12219977337615717,0.12219698674623836,0.12219422217386393,0.12219147729534742,0.12218874973508423,0.12218603710716476,0.12218333701699283,0.12218064706290864,0.12217796483781608,0.12217528793081274,0.12217261392882266,0.1221699404182305,0.12216726498651682,0.12216458522389334,0.12216189872493725,0.1221592030902246,0.12215649592796077,0.12215377485560819,0.12215103750151018,0.12214828150650942,0.12214550452556124,0.12214270422934043,0.12213987830584036,0.12213702446196407,0.12213414042510617,0.12213122394472455,0.12212827279390118,0.12212528477089109,0.1221222577006584,0.12211918943639873,0.12211607786104664,0.12211292088876755,0.12210971646643293,0.122106462575078,0.12210315723134062,0.1220997984888806,0.12209638443977848,0.12209291321591255,0.1220893829903133,0.1220857919784941,0.12208213843975724,0.12207842067847406,0.12207463704533873,0.12207078593859344,0.12206686580522524,0.12206287514213278,0.12205881249726235,0.12205467647071122,0.12205046571579868,0.12204617894010225,0.12204181490645932,0.1220373724339321,0.12203285039873545,0.1220282477351267,0.1220235634362559,0.1220187965549757,0.12201394620461022,0.1220090115596815,0.12200399185659287,0.12199888639426801,0.12199369453474489,0.12198841570372407,0.12198304939106965,0.12197759515126276,0.12197205260380665,0.12196642143358209,0.12196070139115316,0.12195489229302157,0.12194899402183003,0.12194300652651313,0.12193692982239573,0.12193076399123778,0.12192450918122545,0.1219181656069078,0.12191173354907892,0.12190521335460472,0.12189860543619468,0.1218919102721175,0.1218851284058615,0.12187826044573845,0.12187130706443176,0.12186426899848883,0.12185714704775721,0.12184994207476525,0.12184265500404723,0.1218352868214133,0.12182783857316458,0.12182031136525427,0.1218127063623948,0.12180502478711187,0.12179726791874655,0.12178943709240549,0.12178153369786068,0.12177355917839973,0.12176551502962789,0.12175740279822235,0.12174922408064114,0.12174098052178713,0.12173267381362904,0.12172430569378101,0.12171587794404218,0.12170739238889856,0.12169885089398834,0.12169025536453296,0.1216816077437362,0.121672910011153,0.12166416418103061,0.12165537230062387,0.12164653644848746,0.12163765873274746,0.12162874128935451,0.12161978628032158,0.12161079589194841,0.12160177233303623,0.12159271783309482,0.12158363464054465,0.12157452502091783,0.12156539125506001,0.12155623563733671,0.12154706047384659,0.12153786808064533,0.12152866078198252,0.12151944090855511,0.12151021079578032,0.12150097278209093,0.12149172920725644,0.12148248241073278,0.12147323473004351,0.12146398849919612,0.12145474604713584,0.12144550969624013,0.12143628176085676,0.12142706454588806,0.12141786034542465,0.12140867144143046,0.12139950010248277,0.12139034858256886,0.12138121911994208,0.12137211393604004,0.12136303523446614,0.12135398520003764,0.12134496599790187,0.12133597977272229,0.12132702864793611,0.12131811472508575,0.12130924008322454,0.12130040677839883,0.12129161684320736,0.12128287228643887,0.12127417509278894,0.12126552722265654,0.12125693061202081,0.12124838717239875,0.12123989879088368,0.1212314673302645,0.12122309462922572,0.1212147825026275,0.12120653274186587,0.12119834711531156,0.12119022736882724,0.12118217522636167,0.12117419239061968,0.12116628054380657,0.1211584413484449,0.12115067644826256,0.12114298746914971,0.12113537602018246,0.12112784369471133,0.1211203920715116,0.12111302271599311,0.12110573718146718,0.12109853701046672,0.1210914237361177,0.12108439888355786,0.12107746397139986,0.12107062051323503,0.1210638700191748,0.1210572139974254,0.12105065395589262,0.12104419140381266,0.1210378278534049,0.12103156482154297,0.12102540383143952,0.12101934641434135,0.12101339411122965,0.12100754847452197,0.12100181106977173,0.12099618347735965,0.12099066729417486,0.12098526413527953,0.12097997563555403,0.12097480345131732,0.12096974926191922,0.1209648147712995,0.12096000170951021,0.1209553118341968,0.12095074693203405,0.12094630882011267,0.12094199934727294,0.12093782039538094,0.12093377388054433,0.12092986175426347,0.12092608600451482,0.12092244865676251,0.12091895177489556,0.12091559746208691,0.12091238786157148,0.1209093251573405,0.12090641157474921,0.12090364938103534,0.12090104088574607,0.12089858844107067,0.12089629444207775,0.12089416132685427,0.12089219157654504,0.12089038771529106,0.12088875231006534,0.12088728797040484,0.12088599734803804,0.12088488313640668,0.12088394807008165,0.12088319492407243,0.12088262651302956,0.12088224569034069,0.12088205534711997,0.12088205841109138,0.12088225784536663,0.12088265664711802,0.12088325784614784,0.12088406450335483,0.12088507970909937,0.12088630658146901,0.12088774826444584,0.12088940792597756,0.12089128875595467,0.12089339396409517,0.12089572677774024,0.12089829043956268,0.12090108820519109,0.12090412334075265,0.12090739912033714,0.12091091882338607,0.12091468573200935,0.12091870312823338,0.12092297429118386,0.12092750249420717,0.12093229100193376,0.12093734306728726,0.12094266192844375,0.12094825080574464,0.12095411289856757,0.12096025138215914,0.12096666940443403,0.12097337008274445,0.12098035650062419,0.12098763170451209,0.1209951987004585,0.12100306045081982,0.12101121987094529,0.12101967982585991,0.12102844312694885,0.1210375125286471,0.12104689072513901,0.12105658034707176,0.12106658395828766,0.12107690405257901,0.12108754305047019,0.12109850329603089,0.12110978705372502,0.12112139650529917,0.12113333374671445,0.12114560078512604,0.12115819953591439,0.12117113181977142,0.12118439935984597,0.12119800377895179,0.12121194659684169,0.12122622922755148,0.12124085297681647,0.1212558190395645,0.12127112849748799,0.12128678231669834,0.1213027813454656,0.12131912631204535,0.1213358178225967,0.12135285635919302,0.12137024227792793,0.12138797580711881,0.12140605704561001,0.12142448596117743,0.12144326238903667,0.12146238603045609,0.12148185645147655,0.12150167308173902,0.12152183521342137,0.12154234200028559,0.12156319245683615,0.12158438545759068,0.12160591973646323,0.12162779388626112,0.1216500063582954,0.12167255546210536,0.12169543936529714,0.1217186560934967,0.12174220353041658,0.12176607941803659,0.12179028135689789,0.12181480680650959,0.1218396530858678,0.1218648173740862,0.12189029671113688,0.12191608799870088,0.12194218800112702,0.12196859334649793,0.12199530052780182,0.12202230590420875,0.12204960570244944,0.12207719601829549,0.12210507281813894,0.12213323194066905,0.12216166909864502,0.12219037988076231,0.12221935975361027,0.12224860406371929,0.12227810803969458,0.1223078667944353,0.12233787532743544,0.12236812852716492,0.12239862117352797,0.12242934794039619,0.122460303398214,0.12249148201667305,0.122522878167454,0.12255448612703188,0.12258630007954292,0.12261831411970955,0.12265052225582102,0.12268291841276655,0.12271549643511827,0.1227482500902609,0.12278117307156518,0.12281425900160241,0.12284750143539663,0.12288089386371176,0.12291442971637083,0.12294810236560413,0.12298190512942349,0.12301583127501949,0.12304987402217872,0.12308402654671859,0.1231182819839359,0.12315263343206714,0.12318707395575726,0.1232215965895338,0.12325619434128435,0.12329086019573328,0.12332558711791643,0.1233603680566501,0.12339519594799178,0.12343006371869039,0.12346496428962284,0.12349989057921484,0.12353483550684316,0.12356979199621697,0.12360475297873588,0.12363971139682237,0.123674660207226,0.12370959238429746,0.12374450092323006,0.1237793788432668,0.12381421919087063,0.12384901504285602,0.12388375950947983,0.12391844573748963,0.12395306691312755,0.12398761626508797,0.1240220870674274,0.12405647264242466,0.12409076636339005,0.12412496165742168,0.12415905200810788,0.12419303095817426,0.12422689211207368,0.12426062913851862,0.12429423577295397,0.12432770581996964,0.12436103315565192,0.1243942117298724,0.12442723556851382,0.1244600987756316,0.12449279553555084,0.12452532011489742,0.12455766686456307,0.12458983022160387,0.12462180471107115,0.12465358494777488,0.12468516563797889,0.12471654158102762,0.1247477076709042,0.1247786588977197,0.12480939034913326,0.12483989721170319,0.12487017477216883,0.12490021841866332,0.12493002364185737,0.12495958603603421,0.12498890130009574,0.12501796523850053,0.12504677376213333,0.12507532288910692,0.12510360874549661,0.12513162756600782,0.12515937569457702,0.12518684958490686,0.12521404580093587,0.1252409610172432,0.12526759201938953,0.12529393570419428,0.12531998907995007,0.1253457492665755,0.12537121349570593,0.12539637911072482,0.12542124356673467,0.12544580443046968,0.12547005938015013,0.12549400620528017,0.1255176428063894,0.12554096719471913,0.12556397749185447,0.12558667192930367,0.12560904884802465,0.1256311066979006,0.12565284403716528,0.12567425953177883,0.12569535195475565,0.1257161201854448,0.12573656320876417,0.12575668011438967,0.12577647009589984,0.12579593244987758,0.12581506657496924,0.12583387197090304,0.12585234823746705,0.12587049507344789,0.12588831227553113,0.12590579973716484,0.12592295744738627,0.1259397854896136,0.12595628404040318,0.1259724533681731,0.12598829383189455,0.12600380587975127,0.12601899004776815,0.1260338469584103,0.12604837731915314,0.12606258192102382,0.12607646163711622,0.12609001742107873,0.1261032503055769,0.12611616140073126,0.12612875189253092,0.1261410230412245,0.1261529761796882,0.1261646127117727,0.12617593411062894,0.12618694191701404,0.12619763773757847,0.12620802324313407,0.12621810016690485,0.12622787030276086,0.126237335503436,0.1262464976787304,0.12625535879369834,0.1262639208668227,0.12627218596817605,0.12628015621756986,0.1262878337826925,0.1262952208772367,0.1263023197590173,0.12630913272808048,0.12631566212480497,0.12632191032799617,0.1263278797529744,0.12633357284965765,0.1263389921006405,0.12634414001926933,0.12634901914771568,0.12635363205504774,0.12635798133530193,0.1263620696055551,0.12636589950399868,0.1263694736880152,0.1263727948322596,0.12637586562674494,0.1263786887749344,0.12638126699184124,0.12638360300213639,0.1263856995382668,0.1263875593385841,0.1263891851454853,0.12639057970356785,0.12639174575779838,0.12639268605169826,0.1263934033255458,0.12639390031459777,0.12639417974732983,0.12639424434369909,0.12639409681342886,0.12639373985431712,0.12639317615057036,0.12639240837116397,0.12639143916823042,0.12639027117547658,0.12638890700663158,0.12638734925392675,0.1263856004866083,0.1263836632494849,0.12638154006151053,0.12637923341440468,0.12637674577131044,0.12637407956549263,0.126371237199076,0.1263682210418259,0.1263650334299714,0.1263616766650731,0.12635815301293615,0.12635446470256956,0.12635061392519314,0.12634660283329283,0.12634243353972546,0.12633810811687418,0.12633362859585492,0.12632899696577538,0.12632421517304687,0.12631928512075055,0.1263142086680573,0.12630898762970402,0.12630362377552545,0.1262981188300429,0.12629247447211003,0.1262866923346168,0.12628077400425158,0.12627472102132203,0.12626853487963527,0.12626221702643772,0.1262557688624148,0.12624919174175064,0.12624248697224838,0.12623565581551094,0.1262286994871828,0.1262216191572521,0.12621441595041405
12.25,1.0044135244496102,1.008830135395084,1.0132514278357194,1.017678842708119,1.0221136816428804,1.02655712029603,1.031010220392336,1.0354739406045212,1.0399491463805783,1.0444366188207785,1.0489370626963828,1.0534511136934062,1.057979344956977,1.0625222730047361,1.0670803630713264,1.0716540339402223,1.0762436623138116,1.0808495867678842,1.085472111332309,1.0901115087357045,1.094768023348272,1.0994418738536882,1.1041332556779178,1.1088423432000651,1.1135692917678874,1.1183142395383006,1.1230773091611175,1.1278586093223717,1.1326582361618378,1.1374762745777631,1.1423127994304343,1.1471678766548508,1.152041564291637,1.156933913444202,1.161844969169209,1.166774771306542,1.1717233552541524,1.1766907526924575,1.1816769922623465,1.1866821002002435,1.1917061009332042,1.1967490176365478,1.2018108727561383,1.206891688497082,1.2119914872803017,1.2171102921681798,1.2222481272602463,1.227405018059688,1.2325809918112929,1.2377760778113205,1.2429903076896645,1.2482237156645917,1.2534763387702892,1.2587482170573847,1.264039393766588,1.2693499154755798,1.2746798322192798,1.2800291975836013,1.2853980687728555,1.2907865066509947,1.296194575756776,1.3016223442932657,1.30706988409185,1.3125372705510925,1.3180245825508092,1.3235319023417809,1.3290593154115706,1.3346069103269713,1.3401747785536482,1.345763014253599,1.3513717140611066,1.3570009768378961,1.3626509034082626,1.3683215962749764,1.3740131593168106,1.3797256974685792,1.3854593163846047,1.3912141220865726,1.3969902205967477,1.402787717557576,1.408606717838688,1.4144473251323666,1.4203096415385432,1.426193767140407,1.4320997995717097,1.4380278335768737,1.4439779605649943,1.4499502681588414,1.4559448397399577,1.4619617539909415,1.468001084436006,1.4740628989808773,1.4801472594530907,1.486254221143729,1.4923838323516243,1.4985361339310257,1.5047111588437083,1.5109089317164826,1.517129468405024,1.5233727755649284,1.5296388502308518,1.535927679404583,1.5422392396528395,1.548573496715568,1.5549304051254778,1.561309907839506,1.567711935882883,1.5741364080064129,1.5805832303575686,1.5870522961659375,1.5935434854435384,1.600056664700475,1.6065916866763608,1.6131483900879104,1.6197265993930459,1.6263261245718397,1.6329467609245623,1.639588288887087,1.6462504738638377,1.6529330660784507,1.659635800442278,1.666358396440818,1.6731005580381264,1.6798619735992368,1.6866423158305592,1.693441241738225,1.7002583926042831,1.7070933939806496,1.713945855700647,1.7208153719079828,1.7277015211029452,1.7346038662056027,1.7415219546357366,1.7484553184092342,1.7554034742506337,1.7623659237214868,1.7693421533641902,1.7763316348609117,1.7833338252072128,1.7903481668999657,1.7973740881391158,1.804411003042862,1.8114583118757834,1.8185154012894316,1.8255816445749085,1.83265640192692,1.8397390207187914,1.84682883578793,1.853925169731194,1.8610273332096396,1.8681346252620903,1.8752463336269858,1.8823617350719526,1.889480095730538,1.896600671445551,1.9037227081184438,1.910845442064176,1.917968100371,1.9250899012646092,1.9322100544760903,1.9393277616131315,1.9464422165339337,1.953552605723285,1.960658108670261,1.9677578982470165,1.9748511410881562,1.9819369979701567,1.9890146241903504,1.9960831699449604,2.0031417807057164,2.010189597594566,2.017225757756028,2.024249394726733,2.031259638801716,2.0382556173970396,2.045236455408337,2.0522012755648715,2.0591491987787487,2.066079344488899,2.0729908309994864,2.0798827758124143,2.0867542959536,2.0936045082927226,2.1004325298561564,2.1072374781328227,2.1140184713727064,2.120774628877802,2.1275050712852765,2.1342089208426427,2.140885301674769,2.1475333400425503,2.154152164593101,2.1607409066013394,2.167298700202841,2.1738246826178873,2.180317994366609,2.1867777794751753,2.193203185672957,2.1995933645806627,2.2059474718893664,2.212264667531267,2.2185441158401153,2.224784985703392,2.2309864507055734,2.237147689262531,2.2432678847471283,2.2493462256061654,2.2553819054687656,2.2613741232463354,2.2673220832242515,2.273224995145411,2.27908207428582,2.2848925415224,2.2906556233931883,2.2963705521501545,2.3020365658048174,2.307652908166904,2.3132188288762694,2.3187335834283163,2.3241964331931637,2.3296066454288185,2.3349634932886096,2.340266255823144,2.3455142179770774,2.350706670580952,2.3558429103384024,2.3609222398090095,2.365943967387089,2.3709074072767096,2.375811879463232,2.3806567096816744,2.3854412293821827,2.3901647756929214,2.394826691380672,2.3994263248094403,2.403963029897361,2.4084361660722093,2.4128450982257967,2.4171891966675463,2.4214678370775418,2.4256804004593304,2.4298262730927545,2.433904846487103,2.4379155173348486,2.4418576874662383,2.445730763805004,2.449534158325454,2.4532672880112023,2.456929574815768,2.4605204456253116,2.464039332223727,2.467485671260316,2.4708589042202878,2.474158477398282,2.4773838418751213,2.480534453498018,2.4836097728643955,2.4866092653095437,2.489532400898254,2.4923786544206252,2.4951475053921977,2.4978384380585537,2.5004509414045444,2.5029845091682623,2.505438639859899,2.507812836785583,2.510106608076321,2.5123194667221345,2.514450930611463,2.5165005225759343,2.518467770440538,2.5203522070792874,2.522153370476394,2.5238708037929936,2.5255040554394497,2.5270526791532575,2.528516234082531,2.5298942848750845,2.531186401773078,2.5323921607132096,2.5335111434324107,2.5345429375789834,2.5354871368291425,2.5363433410088816,2.537111156221073,2.5377901949777297,2.53838007633732,2.5388804260470246,2.539290876689816,2.539611067836242,2.5398406462007563,2.5399792658024745,2.5400265881301705,2.5399822823113776,2.539846025285403,2.539617501980079,2.539296405492074,2.538882437270551,2.538375307303984,2.5377747343099175,2.537080445927455,2.5362921789122534,2.535409679333805,2.5344327027747537,2.533361014532038,2.5321943898195847,2.5309326139723427,2.5295754826513757,2.5281228020497775,2.5265743890991543,2.524930071676407,2.523189688810557,2.5213530908893507,2.519420139865387,2.5173907094614845,2.515264685375049,2.5130419654811447,2.5107224600340348,2.5083060918669062,2.5057927965895166,2.5031825227835123,2.5004752321951482,2.4976708999251533,2.494769514615485,2.4917710786327265,2.488675608247867,2.485483133812228,2.482193699929292,2.4788073656221967,2.4753242044966544,2.471744304899083,2.468067770069713,2.464294718290462,2.4604252830273627,2.456459613067331,2.4523978726490965,2.4482402415880773,2.44398691539503,2.439638105388294,2.43519403879945,2.4306549588722355,2.426021124954566,2.421292812583493,2.4164703135629813,2.4115539360343505,2.4065440045392728,2.401440860075194,2.3962448601430815,2.3909563787873838,2.3855758066281316,2.380103550885063,2.374540035393728,2.3688857006134882,2.363141003627351,2.357306418133601,2.3513824344291674,2.3453695593847135,2.339268316411401,2.3330792454193383,2.3268029027676738,2.3204398612063586,2.3139907098095707,2.307456053900824,2.3008365149697796,2.2941327305807966,2.2873453542732536,2.2804750554536994,2.2735225192798683,2.266488446536642,2.259373553504014,2.252178571817131,2.2449042483185035,2.237551344902466,2.2301206383519854,2.2226129201679203,2.215028996390843,2.2073696874155293,2.1996358277982457,2.1918282660569575,2.1839478644645833,2.175995498835445,2.1679720583050415,2.1598784451033017,2.151715574321467,2.1434843736727553,2.1351857832469703,2.1268207552592195,2.118390253792908,2.1098952545371805,2.101336744518987,2.092715721829948,2.0840331953482036,2.0752901844554317,2.066487718749216,2.0576268377509557,2.0487085906095137,2.0397340358007874,2.0307042408234017,2.0216202818907236,2.012483243619385,2.003294218714529,1.9940543076519666,1.984764618357447,1.9754262658832469,1.9660403720822788,1.9566080652799158,1.9471304799437414,1.937608756351419,1.9280440402568888,1.918437482555089,1.9087902389454003,1.8991034695940179,1.8893783387954433,1.8796160146332963,1.869817668640645,1.8599844754600396,1.8501176125034529,1.840218259612311,1.8302875987178073,1.8203268135016848,1.8103370890576682,1.8003196115537379,1.7902755678954134,1.7802061453902358,1.7701125314136121,1.759995913076207,1.7498574768930366,1.7396984084544462,1.7295198920991197,1.7193231105892952,1.7091092447883334,1.6988794733407988,1.6886349723551997,1.6783769150895396,1.6681064716398162,1.6578248086316179,1.6475330889149407,1.6372324712623745,1.6269241100707723,1.6166091550665398,1.606288751014659,1.595964037431567,1.5856361483020058,1.5753062117999461,1.564975350013699,1.5546446786753148,1.544315306894364,1.5339883368962,1.5236648637647905,1.5133459751902043,1.503032751220837,1.4927262640204535,1.4824275776301181,1.4721377477350936,1.4618578214367584,1.4515888370296208,1.4413318237834811,1.4310878017307953,1.420857781459295,1.410642763909907,1.4004437401800192,1.390261691332129,1.3800975882079136,1.369952391247745,1.3598270503156928,1.349722504530024,1.3396396820992291,1.329579500163594,1.319542864642319,1.309530670086213,1.2995437995359533,1.2895831243859244,1.2796495042536353,1.2697437868547032,1.2598668078834117,1.2500193908988233,1.2402023472164347,1.2304164758053648,1.2206625631910537,1.2109413833634477,1.201253697690654,1.1916002548380311,1.1819817906926875,1.1723990282933598,1.1628526777656287,1.1533434362624415,1.1438719879098989,1.1344390037582606,1.1250451417381353,1.115691046621796,1.106377349989578,1.097104670201312,1.0878736123727333,1.0786847683568141,1.0695387167299644,1.0604360227830392,1.0513772385170985,1.0423629026438472,1.033393540590703,1.0244696645104208,1.015591773295207,1.0067603525952598,0.9979758748416616,0.9892387992735567,0.9805495719695425,0.971908625883196,0.9633163808826716,0.9547732437942864,0.9462796084500219,0.9378358557388651,0.9294423536619083,0.9210994573911369,0.9128075093318172,0.9045668391884119,0.8963777640339392,0.8882405883826986,0.8801556042662778,0.8721230913127643,0.8641433168290767,0.8562165358863352,0.8483429914081887,0.8405229142620175,0.8327565233529273,0.825044025720452,0.8173856166378867,0.8097814797141618,0.8022317869981831,0.7947366990855501,0.787296365227573,0.7799109234425065,0.7725805006289193,0.7653052126811164,0.7580851646065343,0.7509204506450302,0.7438111543899816,0.7367573489111214,0.7297590968790254,0.722816450691176,0.7159294525995236,0.7090981348394682,0.7023225197601857,0.6956026199562225,0.6889384384002811,0.6823299685771276,0.6757771946185402,0.669280091439234,0.6628386248736814,0.656452751813767,0.6501224203471965,0.6438475698965969,0.6376281313592395,0.6314640272473139,0.6253551718286917,0.6193014712681102,0.6133028237687146,0.6073591197138946,0.6014702418093509,0.5956360652253351,0.5898564577389959,0.5841312798767803,0.5784603850568241,0.5728436197312824,0.567280823528537,0.5617718293952306,0.5563164637380744,0.5509145465653733,0.5455658916282217,0.5402703065613164,0.5350275930233392,0.5298375468368633,0.5246999581277316,0.5196146114638683,0.5145812859934746,0.5095997555825676,0.5046697889518201,0.49979114981266104,0.49496359700259573,0.4901868846197104,0.4854607621563203,0.4807849746317279,0.47615926272405634,0.47158336290112224,0.46705700755031826,0.4625799251074721,0.4581518401846517,0.4537724736968891,0.44944154298779304,0.445158761954024,0.44092384116860744,0.4367364880030573,0.43259640674828975,0.4285032987343006,0.4244568624485898,0.42045679365330707,0.41650278550110353,0.41259452864966834,0.40873171137493375,0.4049140196829324,0.40114113742029034,0.39741274638334206,0.3937285264258538,0.39008815556534143,0.3864913100879728,0.3829376646520423,0.37942689239000793,0.37595866500908176,0.3725326528903656,0.369148525186524,0.36580594991798854,0.36250459406768637,0.35924412367428926,0.3560242039239772,0.35284449924071515,0.34970467337503736,0.346604389491339,0.34354331025367313,0.34052109791005186,0.33753741437525225,0.334591921312126,0.3316842802114161,0.328814152470081,0.3259811994681279,0.32318508264395923,0.3204254635682366,0.31770200401626353,0.3150143660388943,0.31236221203197195,0.30974520480430295,0.30716300764417237,0.3046152843844085,0.30210169946600174,0.29962191800028637,0.2971756058296937,0.29476242958708293,0.29238205675366075,0.2900341557154964,0.2877183958186441,0.28543444742288054,0.283181981954069,0.2809606719551602,0.2787701911358406,0.276610214420839,0.2744804179969042,0.2723804793584637,0.27031007735197715,0.2682688922189952,0.26625660563793846,0.26427290076460647,0.26231746227143293,0.2603899763854979,0.2584901309253117,0.2566176153363843,0.25477212072559324,0.252953339894365,0.2511609673706836,0.2493946994399406,0.2476542341746422,0.24593927146298672,0.24424951303632852,0.24258466249554236,0.24094442533630397,0.23932850897330207,0.2377366227633968,0.23616847802774,0.2346237880728734,0.23310226821082003,0.23160363577818374,0.23012761015427433,0.22867391277827215,0.22724226716544962,0.2258323989224645,0.22444403576174124,0.22307690751495649,0.22173074614564475,0.22040528576093962,0.21910026262246748,0.2178154151564091,0.2165504839627447,0.21530521182370016,0.214079343711408,0.21287262679480076,0.2116848104457524,0.21051564624448296,0.20936488798424244,0.2082322916752907,0.20711761554818728,0.20602062005640845,0.20494106787830588,0.20387872391842296,0.20283335530818414,0.20180473140597222,0.20079262379660914,0.19979680629025534,0.1988170549207423,0.19785314794335343,0.1969048658320683,0.1959719912762839,0.19505430917702865,0.19415160664268233,0.19326367298421707,0.19239029970997243,0.19153128051997984,0.1906864112998483,0.1898554901142272,0.18903831719985717,0.188234694958224,0.18744442794782826,0.18666732287608281,0.18590318859085167,0.18515183607164237,0.18441307842046425,0.18368673085236462,0.18297261068565487,0.18227053733183815,0.18158033228525014,0.18090181911242406,0.1802348234411912,0.17957917294952813,0.17893469735416018,0.17830122839893287,0.17767859984296103,0.17706664744856532,0.176465208969006,0.17587412413602432,0.17529323464719973,0.17472238415313274,0.17416141824446205,0.1736101844387248,0.1730685321670683,0.17253631276082143,0.17201337943793374,0.17149958728928996,0.17099479326490788,0.17049885616002627,0.17001163660109084,0.16953299703164385,0.16906280169812568,0.16860091663559396,0.16814720965336605,0.16770155032059206,0.16726380995176365,0.16683386159216415,0.16641158000326597,0.16599684164808007,0.16558952467646282,0.1651895089103853,0.16479667582916935,0.164410908554695,0.16403209183658424,0.16366011203736383,0.16329485711761324,0.16293621662109972,0.1625840816599047,0.1622383448995458,0.16189890054409695,0.16156564432131001,0.16123847346774112,0.16091728671388478,0.16060198426931807,0.16029246780785844,0.1599886404527365,0.15969040676178745,0.15939767271266242,0.15911034568806265,0.15882833446099853,0.1585515491800747,0.15827990135480433,0.15801330384095347,0.15775167082591773,0.1574949178141325,0.15724296161251888,0.15699572031596595,0.15675311329285183,0.1565150611706039,0.15628148582130055,0.15605231034731482,0.15582745906700118,0.15560685750042774,0.15539043235515346,0.15517811151205244,0.15496982401118628,0.15476550003772496,0.15456507090791788,0.15436846905511584,0.15417562801584478,0.1539864824159322,0.1538009679566877,0.1536190214011376,0.15344058056031556,0.15326558427960982,0.1530939724251672,0.15292568587035604,0.15276066648228817,0.15259885710840088,0.15244020156310029,0.15228464461446625,0.1521321319710211,0.15198261026856127,0.15183602705705465,0.15169233078760339,0.1515514707994739,0.1514133973071948,0.15127806138772362,0.15114541496768383,0.15101541081067282,0.15088800250464227,0.15076314444935182,0.15064079184389717,0.1505209006743141,0.15040342770125917,0.15028833044776838,0.1501755671870954,0.15006509693063017,0.1499568794158992,0.14985087509464895,0.1497470451210138,0.14964535133976944,0.14954575627467315,0.14944822311689274,0.1493527157135249,0.14925919855620481,0.14916763676980777,0.14907799610124498,0.14899024290835425,0.14890434414888748,0.14882026736959578,0.14873798069541447,0.14865745281874804,0.14857865298885786,0.14850155100135343,0.14842611718778811,0.1483523224053614,0.1482801380267291,0.14820953592992206,0.14814048848837558,0.1480729685610704,0.14800694948278692,0.14794240505447334,0.14787930953372988,0.14781763762540917,0.1477573644723355,0.14769846564614275,0.1476409171382329,0.14758469535085628,0.1475297770883141,0.14747613954828542,0.14742376031327806,0.14737261734220586,0.14732268896209263,0.14727395385990324,0.14722639107450403,0.14717997998875187,0.1471347003217136,0.14709053212101625,0.14704745575532874,0.1470054519069759,0.14696450156468485,0.1469245860164648,0.14688568684262043,0.1468477859088994,0.14681086535977417,0.14677490761185852,0.1467398953474589,0.14670581150826087,0.14667263928915053,0.1466403621321715,0.1466089637206165,0.1465784279732542,0.14654873903869084,0.14651988128986662,0.14649183931868598,0.1464645979307822,0.14643814214041534,0.14641245716550272,0.14638752842278266,0.1463633415231091,0.14633988226687775,0.14631713663958204,0.14629509080749903,0.14627373111350322,0.14625304407300807,0.14623301637003414,0.14621363485340216,0.1461948865330504,0.14617675857647508,0.1461592383052919,0.1461423131919183,0.14612597085637394,0.14611019906319897,0.1460949857184875,0.14608031886703568,0.14606618668960158,0.1460525775002765,0.1460394797439647,0.14602688199397018,0.14601477294968926,0.1460031414344058,0.1459919763931882,0.14598126689088556,0.14597100211022102,0.14596117134998052,0.14595176402329432,0.1459427696560094,0.14593417788515087,0.1459259784574694,0.14591816122807288,0.14591071615914022,0.14590363331871442,0.14589690287957288,0.14589051511817266,0.14588446041366832,0.14587872924699935,0.1458733122000461,0.14586819995485006,0.145863383292898,0.1458588530944654,0.14585460033801895,0.145850616099674,0.14584689155270536,0.14584341796710865,0.14584018670921053,0.14583718924132388,0.14583441712144748,0.1458318620030064,0.14582951563463098,0.1458273698599729,0.1458254166175546,0.14582364794065128,0.145822055957202,0.14582063288974834,0.14581937105539822,0.1458182628658125,0.1458173008272125,0.14581647754040641,0.14581578570083187,0.14581521809861353,0.1458147676186333,0.14581442724061106,0.1458141900391939,0.14581404918405294,0.14581399793998473,0.14581402966701607,0.1458141378205106,0.1458143159512752,0.14581455770566484,0.1458148568256841,0.14581520714908427,0.1458156026094538,0.14581603723630165,0.1458165051551313,0.14581700058750502,0.1458175178510963,0.14581805135972986,0.14581859562340807,0.14581914524832212,0.14581969493684788,0.14582023948752484,0.1458207737950171,0.14582129285005646,0.1458217917393655,0.14582226564556147,0.14582270984703882,0.14582311971783077,0.14582349072744877,0.14582381844070025,0.1458240985174824,0.14582432671255377,0.1458244988752815,0.14582461094936533,0.1458246589725365,0.1458246390762334,0.14582454748525148,0.14582438051736957,0.1458241345829503,0.14582380618451685,0.14582339191630406,0.14582288846378522,0.1458222926031741,0.14582160120090237,0.14582081121307286,0.14581991968488833,0.14581892375005662,0.14581782063017174,0.145816607634072,0.14581528215717482,0.14581384168078892,0.14581228377140396,0.14581060607995855,0.14580880634108687,0.1458068823723437,0.14580483207340947,0.14580265342527476,0.14580034448940574,0.14579790340688997,0.14579532839756457,0.14579261775912544,0.14578976986622,0.14578678316952276,0.14578365619479486,0.14578038754192807,0.1457769758839739,0.14577341996615836,0.14576971860488322,0.14576587068671404,0.14576187516735625,0.14575773107061907,0.14575343748736863,0.14574899357447085,0.14574439855372454,0.145739651710785,0.14573475239408015,0.1457297000137182,0.14572449404038856,0.1457191340042565,0.14571361949385167,0.14570795015495225,0.14570212568946408,0.1456961458542963,0.14569001046023403,0.1456837193708084,0.14567727250116497,0.14567066981693094,0.1456639113330818,0.14565699711280797,0.14564992726638276,0.145642701950031,0.14563532136480004,0.1456277857554331,0.14562009540924623,0.14561225065500857,0.14560425186182716,0.14559609943803678,0.14558779383009535,0.1455793355214852,0.14557072503162127,0.14556196291476645,0.1455530497589545,0.14554398618492156,0.14553477284504646,0.14552541042229983,0.1455158996292042,0.14550624120680344,0.14549643592364375,0.1454864845747657,0.14547638798070828,0.14546614698652519,0.14545576246081432,0.14544523529475992,0.14543456640118907,0.145423756713642,0.14541280718545704,0.14540171878887095,0.14539049251413413,0.14537912936864214,0.14536763037608322,0.14535599657560258,0.14534422902098365,0.14533232877984648,0.14532029693286436,0.14530813457299782,0.14529584280474747,0.14528342274342543,0.14527087551444545,0.14525820225263264,0.14524540410155265,0.1452324822128603,0.14521943774566878,0.14520627186593849,0.1451929857458869,0.1451795805634186,0.14516605750157646,0.1451524177480135,0.1451386624944864,0.1451247929363696,0.1451108102721913,0.1450967157031906,0.14508251043289636,0.1450681956667275,0.14505377261161492,0.14503924247564515,0.1450246064677255,0.14500986579727107,0.14499502167391282,0.1449800753072276,0.1449650279064893,0.14494988068044165,0.1449346348370916,0.14491929158352412,0.14490385212573803,0.14488831766850194,0.1448726894152309,0.14485696856788366,0.14484115632687905,0.14482525389103285,0.14480926245751335,0.14479318322181678,0.14477701737776055,0.14476076611749558,0.14474443063153639,0.14472801210880865,0.14471151173671412,0.14469493070121223,0.1446782701869179,0.14466153137721507,0.14464471545438612,0.14462782359975535,0.14461085699384707,0.1445938168165576,0.14457670424734018,0.14455952046540246,0.1445422666499164,0.14452494398023896,0.14450755363614415,0.14449009679806488,0.14447257464734437,0.1444549883664966,0.14443733913947465,0.14441962815194684,0.1444018565915794,0.1443840256483254,0.1443661365147194,0.14434819038617608,0.14433018846129375,0.14431213194216025,0.14429402203466213,0.14427585994879513,0.144257646898976,0.14423938410435452,0.1442210727891251,0.14420271418283745,0.14418430952070507,0.14416586004391138,0.14414736699991204,0.14412883164273405,0.144110255233269,0.14409163903956135,0.14407298433709045,0.1440542924090454,0.14403556454659217,0.1440168020491325,0.14399800622455372,0.14397917838946853,0.14396031986944466,0.1439414319992233,0.14392251612292575,0.14390357359424766,0.14388460577664045,0.14386561404347906,0.143846599778215,0.14382756437451572,0.14380850923638716,0.14378943577828168,0.14377034542518907,0.14375123961271027,0.14373211978711442,0.14371298740537727,0.14369384393520193,0.14367469085502022,0.14365552965397535,0.14363636183188466,0.14361718889918268,0.14359801237684375,0.14357883379628442,0.14355965469924425,0.14354047663764646,0.1435213011734362,0.14350212987839803,0.14348296433395108,0.14346380613092277,0.14344465686929994,0.14342551815795815,0.1434063916143688,0.14338727886428343,0.1433681815413964,0.14334910128698472,0.14333003974952574,0.1433109985842927,0.1432919794529282,0.1432729840229956,0.14325401396750834,0.14323507096443813,0.1432161566962012,0.14319727284912362,0.14317842111288548,0.1431596031799447,0.14314082074494028,0.14312207550407563,0.14310336915448263,0.14308470339356602,0.14306607991832965,0.14304750042468398,0.1430289666067362,0.14301048015606302,0.14299204276096691,0.14297365610571575,0.14295532186976792,0.14293704172698166,0.1429188173448106,0.14290065038348604,0.1428825424951856,0.14286449532319057,0.1428465105010315,0.1428285896516233,0.14281073438639022,0.1427929463043826,0.14277522699138423,0.14275757801901323,0.1427400009438161,0.14272249730635592,0.1427050686302964,0.14268771642148112,0.14267044216701047,0.14265324733431628,0.14263613337023523,0.14261910170008218,0.14260215372672397,0.14258529082965532,0.1425685143640767,0.1425518256599765,0.1425352260212171,0.14251871672462674,0.1425022990190978,0.14248597412469238,0.14246974323175632,0.14245360750004246,0.14243756805784433,0.14242162600114097,0.14240578239275373,0.14239003826151636,0.14237439460145904,0.14235885237100754,0.1423434124921978,0.14232807584990764,0.14231284329110566,0.14229771562411916,0.14228269361792106,0.14226777800143695,0.14225296946287325,0.1422382686490671,0.1422236761648593,0.1422091925724896,0.1421948183910175,0.14218055409576655,0.14216640011779536,0.14215235684339397,0.14213842461360787,0.14212460372378904,0.14211089442317568,0.14209729691450035,0.14208381135362777,0.14207043784922252,0.142057176462447,0.14204402720669076,0.142030990047331,0.1420180649015248,0.1420052516380343,0.14199255007708386,0.14197995999025115,0.14196748110039056,0.1419551130815916,0.1419428555591705,0.1419307081096963,0.14191867026105182,0.14190674149252885,0.14189492123495867,0.14188320887087746,0.1418716037347267,0.14186010511308947,0.14184871224496104,0.14183742432205615,0.1418262404891501,0.14181515984445672,0.1418041814400403,0.1417933042822636,0.14178252733227045,0.14177184950650362,0.14176126967725686,0.14175078667326238,0.14174039928031162,0.14173010624191099,0.1417199062599706,0.1417097979955272,0.14169978006949926,0.14168985106347584,0.14168000952053686,0.14167025394610575,0.14166058280883306,0.14165099454151184,0.14164148754202233,0.14163206017430713,0.14162271076937585,0.1416134376263375,0.14160423901346209,0.14159511316926854,0.1415860583036401,0.14157707259896513,0.14156815421130337,0.14155930127157682,0.14155051188678397,0.1415417841412371,0.14153311609782152,0.14152450579927586,0.14151595126949287,0.14150745051483912,0.1414990015254936,0.1414906022768031,0.14148225073065476,0.14147394483686343,0.14146568253457364,0.14145746175367496,0.1414492804162296,0.14144113643791098,0.14143302772945265,0.1414249521981062,0.1414169077491064,0.1414088922871435,0.14140090371784103,0.14139293994923716,0.14138499889326983,0.1413770784672634,0.14136917659541595,0.14136129121028565,0.14135342025427577,0.14134556168111612,0.14133771345733998,0.14132987356375568,0.14132203999691115,0.14131421077054948,0.14130638391705622,0.14129855748889453,0.1412907295600294,0.14128289822733717,0.1412750616120016,0.14126721786089336,0.14125936514793194,0.14125150167542996,0.14124362567541712,0.14123573541094314,0.1412278291773588,0.1412199053035732,0.14121196215328682,0.14120399812619822,0.14119601165918397,0.14118800122745065,0.14117996534565727,0.14117190256900722,0.14116381149430918,0.1411556907610051,0.1411475390521648,0.14113935509544587,0.14113113766401825,0.14112288557745206,0.14111459770256812,0.14110627295425035,0.14109791029621857,0.14108950874176185,0.14108106735443096,0.14107258524868924,0.14106406159052115,0.14105549559799865,0.14104688654180328,0.14103823374570462,0.14102953658699444,0.14102079449687493,0.14101200696080246,0.14100317351878436,0.14099429376563005,0.14098536735115538,0.1409763939803397,0.14096737341343635,0.1409583054660351,0.14094919000907785,0.1409400269688261,0.14093081632678114,0.14092155811955628,0.14091225243870178,0.14090289943048206,0.14089349929560557,0.1408840522889074,0.14087455871898488,0.14086501894778639,0.1408554333901539,0.14084580251331938,0.14083612683635524,0.14082640692958018,0.14081664341391958,0.14080683696022225,0.14079698828853304,0.14078709816732296,0.1407771674126764,0.14076719688743683,0.14075718750031166,0.14074714020493673,0.14073705599890138,0.1407269359227353,0.14071678105885704,0.14070659253048642,0.14069637150052078,0.1406861191703762,0.14067583677879536,0.14066552560062212,0.14065518694554452,0.1406448221568073,0.14063443260989456,0.14062401971118435,0.140613584896576,0.14060312963009128,0.14059265540245097,0.14058216372962792,0.14057165615137776,0.1405611342297487,0.1405505995475718,0.14054005370693265,0.14052949832762635,0.14051893504559657,0.1405083655113607,0.14049779138842208,0.14048721435167033,0.14047663608577218,0.1404660582835537,0.14045548264437466,0.1404449108724981,0.14043434467545474,0.14042378576240502,0.1404132358424996,0.14040269662323993,0.14039216980884028,0.14038165709859296,0.14037116018523746,0.14036068075333605,0.14035022047765652,0.14033978102156344,0.1403293640354201,0.1403189711550019,0.14030860399992265,0.14029826417207575,0.14028795325409105,0.1402776728078091,0.140267424372774,0.14025720946474637,0.1402470295742379,0.14023688616506821,0.1402267806729463,0.14021671450407694,0.1402066890337937,0.14019670560522024,0.14018676552796008,0.1401768700768174,0.14016702049054838,0.1401572179706462,0.14014746368015893,0.1401377587425425,0.14012810424054983,0.14011850121515632,0.14010895066452364,0.14009945354300227,0.1400900107601736,0.1400806231799329,0.1400712916196136,0.14006201684915393,0.14005279959030675,0.14004364051589266,0.14003454024909814,0.14002549936281833,0.14001651837904563,0.14000759776830474,0.1399987379491339,0.13998993928761388,0.13998120209694404,0.13997252663706675,0.1399639131143397,0.13995536168125708,0.13994687243621912,0.13993844542335093,0.13993008063236986,0.13992177799850236,0.1399135374024496,0.1399053586704025,0.13989724157410513,0.1398891858309676,0.13988119110422698,0.13987325700315703,0.1398653830833257,0.1398575688469004,0.13984981374300093,0.13984211716809888,0.13983447846646366,0.13982689693065412,0.13981937180205578,0.1398119022714626,0.1398044874797022,0.1397971265183049,0.1397898184302147,0.139782562210542,0.1397753568073569,0.1397682011225224,0.13976109401256612,0.13975403428959002,0.1397470207222168,0.13974005203657183,0.13973312691729958,0.13972624400861347,0.1397194019153777,0.13971259920422013,0.1397058344046744,0.1396991060103508,0.1396924124801336,0.1396857522394041,0.1396791236812879,0.1396725251679246,0.13966595503175885,0.13965941157685105,0.13965289308020606,0.13964639779311908,0.13963992394253594,0.13963346973242696,0.13962703334517304,0.13962061294296144,0.13961420666919033,0.13960781264988026,0.13960142899509054,0.13959505380033926,0.13958868514802505,0.13958232110884874,0.1395759597432331,0.13956959910273947,0.1395632372314789,0.1395568721675162,0.1395505019442653,0.1395441245918738,0.13953773813859552,0.13953134061214853,0.13952493004105734,0.1395185044559776,0.13951206189100085,0.13950560038493837,0.1394991179825819,0.13949261273593963,0.13948608270544552,0.1394795259611406,0.13947294058382415,0.1394663246661735,0.13945967631383024,0.13945299364645172,0.13944627479872604,0.13943951792134868,0.13943272118195985,0.13942588276604037,0.13941900087776504,0.139412073740812,0.13940509959912648,0.13939807671763796,0.13939100338292942,0.1393838779038568,0.13937669861211885,0.13936946386277466,0.1393621720347093,0.13935482153104575,0.13934741077950238,0.13933993823269553,0.13933240236838618,0.13932480168966982,0.1393171347251103,0.1393094000288151,0.13930159618045376,0.13929372178521798,0.13928577547372364,0.13927775590185504,0.1392696617505509,0.13926149172553273,0.13925324455697594,0.13924491899912392,0.139236513829846,0.1392280278501397,0.13921945988357826,0.13921080877570466,0.1392020733933731,0.13919325262403892,0.13918434537499896,0.13917535057258335,0.13916626716130065,0.13915709410293864,0.1391478303756212,0.13913847497282572,0.13912902690236076,0.13911948518530862,0.13910984885493324,0.13910011695555793,0.13909028854141428,0.1390803626754657,0.1390703384282091,0.1390602148764563,0.13904999110210076,0.13903966619087027,0.1390292392310711,0.13901870931232654,0.13900807552431282,0.13899733695549701,0.13898649269188024,0.13897554181575014,0.13896448340444623,0.13895331652914292,0.13894204025365303,0.13893065363325693,0.1389191557135609,0.13890754552938822,0.13889582210370857,0.1388839844466081,0.1388720315543057,0.13885996240821868,0.13884777597408193,0.13883547120112502,0.13882304702131082,0.13881050234863945,0.1387978360785215,0.13878504708722453,0.1387721342313954,0.13875909634766356,0.13874593225232734,0.13873264074112693,0.13871922058910752,0.13870567055057534,0.13869198935914914,0.13867817572791055,0.13866422834965494,0.13865014589724603,0.13863592702407537,0.13862157036462983,0.1386070745351678,0.13859243813450603,0.13857765974491898,0.13856273793315063,0.1385476712515407,0.13853245823926552,0.13851709742369372,0.1385015873218574,0.1384859264420382,0.13847011328546838,0.13845414634814626,0.13843802412276496,0.1384217451007533,0.13840530777442842,0.13838871063925715,0.13837195219622556,0.13835503095431376,0.13833794543307415,0.13832069416531037,0.13830327569985396,0.13828568860443607,0.13826793146865052,0.13825000290700487,0.13823190156205598,0.13821362610762555,0.13819517525209213,0.13817654774175447,0.13815774236426234,0.1381387579521097,0.1381195933861851,0.13810024759937448,0.1380807195802111,0.13806100837656665,0.13804111309937858,0.13802103292640752,0.13800076710601894,0.13798031496098326,0.13795967589228814,0.13793884938295686,0.13791783500186647,0.13789663240755942,0.13787524135204232,0.13785366168456537,0.13783189335537574,0.13780993641943914,0.1377877910401219,0.13776545749282826,0.1377429361685857,0.1377202275775719,0.13769733235257706,0.13767425125239516,0.13765098516513774,0.13762753511146428,0.13760390224772256,0.13758008786899326,0.13755609341203273,0.13753192045810828,0.1375075707357199,0.1374830461232031,0.13745834865120768,0.13743348050504658,0.13740844402691002,0.13738324171794047,0.13735787624016277,0.1373323504182655,0.13730666724122928,0.1372808298637975,0.13725484160778606,0.1372287059632278,0.13720242658934878,0.1371760073153727,0.1371494521411507,0.13712276523761405,0.13709595094704646,0.13706901378317468,0.13704195843107456,0.1370147897468917,0.1369875127573745,0.1369601326592185,0.13693265481822176,0.13690508476824972,0.1368774282100095,0.13684969100963368,0.13682187919707342,0.1367939989643013,0.13676605666332495,0.13673805880401174,0.1367100120517262,0.13668192322478154,0.1366537992917067,0.13662564736833122,0.1365974747146901,0.1365692887317506,0.13654109695796432,0.1365129070656473,0.13648472685719093,0.13645656426110728,0.13642842732791288,0.13640032422585385,0.13637226323647733,0.1363442527500527,0.1363163012608475,0.13628841736226238,0.13626060974183005,0.13623288717608292,0.13620525852529503,0.13617773272810274,0.1361503187960105,0.13612302580778685,0.1360958629037561,0.1360688392799922,0.13604196418241973,0.13601524690082933,0.13598869676281244,0.1359623231276226,0.13593613537996901,0.1359101429237489,0.1358843551757253,0.13585878155915676,0.13583343149738492,0.13580831440738741,0.13578343969330237,0.13575881673993076,0.13573445490622363,0.13571036351876103,0.13568655186522874,0.13566302918789983,0.13563980467712755,0.13561688746485584,0.13559428661815445,0.1355720111327847,0.13555006992680257,0.13552847183420544,0.13550722559862838,0.13548633986709682,0.1354658231838411,0.13544568398417928,0.13542593058847396,0.135406571196169,0.1353876138799118,0.13536906657976638,0.13535093709752352,0.1353332330911123,0.13531596206911867,0.1352991313854162,0.13528274823391373,0.13526681964342444,0.1352513524726612,0.1352363534053625,0.13522182894555307,0.13520778541294348,0.13519422893847244,0.13518116545999548,0.13516860071812375,0.13515654025221602,0.13514498939652722,0.13513395327651653,0.13512343680531747,0.13511344468037312,0.1351039813802386,0.13509505116155263,0.13508665805618097,0.13507880586853296,0.13507149817305297,0.1350647383118883,0.1350585293927346,0.13505287428685983,0.1350477756273079,0.13504323580728222,0.13503925697871003,0.1350358410509872,0.1350329896899046,0.13503070431675457,0.13502898610761865,0.13502783599283483,0.13502725465664456,0.13502724253701825,0.13502779982565832,0.13502892646817885,0.13503062216446007,0.13503288636917668,0.13503571829249797,0.1350391169009582,0.13504308091849476,0.1350476088276527,0.13505269887095292,0.13505834905242148,0.1350645571392782,0.13507132066378083,0.13507863692522298,0.1350865029920823,0.13509491570431595,0.13510387167580062,0.13511336729691317,0.13512339873724927,0.13513396194847577,0.13514505266731439,0.13515666641865157,0.13516879851877261,0.1351814440787147,0.13519459800773578,0.13520825501689535,0.1352224096227431,0.13523705615111112,0.13525218874100614,0.1352678013485973,0.13528388775129527,0.13530044155191884,0.13531745618294466,0.1353349249108354,0.13535284084044327,0.13537119691948335,0.1353899859430732,0.13540920055833447,0.13542883326905172,0.1354488764403851,0.13546932230363162,0.13549016296103164,0.135511390390616,0.1355329964510893,0.13555497288674606,0.13557731133241463,0.13560000331842567,0.13562304027560038,0.13564641354025514,0.13567011435921814,0.13569413389485435,0.13571846323009498,0.13574309337346757,0.13576801526412294,0.1357932197768555,0.13581869772711308,0.13584443987599312,0.13587043693522124,0.1358966795721092,0.1359231584144889,0.135949864055619,0.13597678705906113,0.13600391796352226,0.1360312472876608,0.13605876553485324,0.13608646319791798,0.13611433076379428,0.1361423587181737,0.1361705375500802,0.1361988577563984,0.13622730984634543,0.1362558843458857,0.13628457180208506,0.1363133627874033,0.13634224790392188,0.13637121778750566,0.13640026311189604,0.13642937459273416,0.13645854299151228,0.1364877591194515,0.13651701384130402,0.1365462980790795,0.1365756028156926,0.1366049190985314,0.1366342380429451,0.13666355083564993,0.1366928487380518,0.13672212308948528,0.13675136531036744,0.136780566905266,0.13680971946588066,0.1368388146739376,0.13686784430399557,0.13689680022616385,0.13692567440873107,0.13695445892070496,0.13698314593426186,0.13701172772710718,0.13704019668474476,0.1370685453026568,0.13709676618839306,0.13712485206357003,0.13715279576577996,0.13718059025040977,0.1372082285923702,0.13723570398773588,0.13726300975529587,0.1372901393380158,0.1373170863044117,0.13734384434983643,0.13737040729767905,0.13739676910047752,0.13742292384094645,0.1374488657329196,0.13747458912220836,0.13750008848737766,0.13752535844043942,0.13755039372746497,0.13757518922911752,0.13759973996110586,0.13762404107456006,0.13764808785633081,0.13767187572921355,0.1376954002520985,0.13771865712004802,0.13774164216430293,0.1377643513522188,0.1377867807871339,0.1378089267081705,0.13783078548997038,0.13785235364236695,0.13787362780999518,0.13789460477184046,0.1379152814407292,0.13793565486276163,0.13795572221668925,0.13797548081323835,0.13799492809438144,0.13801406163255803,0.13803287912984707,0.13805137841709217,0.13806955745298188,0.1380874143230865,0.13810494723885336,0.1381221545365623,0.13813903467624294,0.1381555862405559,0.1381718079336395,0.13818769857992344,0.1382032571229117,0.1382184826239364,0.1382333742608836,0.13824793132689342,0.1382621532290362,0.13827603948696604,0.13828958973155325,0.13830280370349782,0.13831568125192492,0.13832822233296446,0.13834042700831586,0.1383522954437998,0.138363827907898,0.13837502477028318,0.13838588650033926,0.1383964136656749,0.13840660693063,0.13841646705477753,0.1384259948914211,0.13843519138609034,0.138444057575034,0.13845259458371298,0.1384608036252936,0.13846868599914203,0.13847624308932166,0.1384834763630929,0.13849038736941746,0.1384969777374669,0.13850324917513698,0.13850920346756804,0.13851484247567158,0.13852016813466483,0.13852518245261242,0.13852988750897624,0.13853428545317426,0.13853837850314765,0.13854216894393748,0.13854565912627084,0.13854885146515597,0.13855174843848803,0.13855435258566373,0.13855666650620682,0.13855869285840244,0.13856043435794224,0.1385618937765785,0.13856307394078837,0.13856397773044718,0.13856460807751134,0.13856496796470993,0.13856506042424552,0.1385648885365026,0.13856445542876483,0.1385637642739397,0.13856281828929057,0.1385616207351756,0.1385601749137933,0.13855848416793357,0.13855655187973528,0.1385543814694477,0.1385519763941975,0.1385493401467591,0.13854647625432884,0.13854338827730223,0.13854007980805305,0.1385365544697154,0.1385328159149661,0.13852886782480855,0.1385247139073569,0.13852035789661984,0.1385158035512838,0.13851105465349495,0.13850611500763987,0.13850098843912356,0.13849567879314548,0.13849018993347212,0.1384845257412065,0.13847869011355401,0.13847268696258377,0.1384665202139861,0.13846019380582456,0.1384537116872841,0.13844707781741264,0.13844029616385836,0.13843337070160075,0.1384263054116761,0.13841910427989737,0.13841177129556764,0.13840431045018817,0.13839672573616008,0.13838902114548055,0.13838120066843282,0.1383732682922709,0.13836522799989828,0.13835708376854178,0.13834883956841992,0.13834049936140685,0.13833206709969126,0.13832354672443173,0.13831494216440768,0.13830625733466756,0.13829749613517367,0.13828866244944496,0.13827976014319776,0.13827079306298531,0.13826176503483678,0.13825267986289577,0.13824354132806005,0.13823435318662208,0.1382251191689121,0.1382158429779436,0.13820652828806254,0.13819717874360093,0.13818779795753583,0.1381783895101542,0.13816895694772485,0.13815950378117814,0.13815003348479446,0.13814054949490276,0.13813105520858882,0.1381215539824163,0.13811204913115915,0.13810254392654864,0.1380930415960339,0.13808354532155862,0.1380740582383538,0.1380645834337483,0.13805512394599748,0.1380456827631315,0.13803626282182402,0.1380268670062819,0.1380174981471577,0.1380081590204852,0.1379988523466391,0.13798958078932003,0.13798034695456518,0.13797115338978672,0.13796200258283675,0.13795289696110208,0.13794383889062783,0.1379348306752715,0.13792587455588792,0.13791697270954625,0.13790812724877924,0.1378993402208658,0.13789061360714752,0.13788194932237946,0.13787334921411604,0.1378648150621327,0.1378563485778835,0.13784795140399572,0.13783962511380107,0.13783137121090466,0.13782319112879202,0.13781508623047395,0.1378070578081703,0.13779910708303203,0.137791235204903,0.13778344325212036,0.13777573223135453,0.13776810307748869,0.1377605566535379,0.13775309375060776,0.13774571508789266,0.13773842131271372,0.13773121300059638,0.13772409065538727,0.1377170547094104,0.137710105523663,0.13770324338804973,0.13769646852165632,0.1376897810730612,0.13768318112068598,0.1376766686731835,0.13767024366986408,0.13766390598115857,0.13765765540911898,0.13765149168795532,0.13764541448460893,0.1376394233993614,0.13763351796647913,0.13762769765489252,0.13762196186890996,0.13761630994896532,0.1376107411723993,0.13760525475427357,0.1375998498482173,0.1375945255473056,0.13758928088496952,0.13758411483593633,0.13757902631720045,0.13757401418902385,0.1375690772559654,0.13756421426793894,0.13755942392129894,0.1375547048599535,0.1375500556765038,0.13754547491341013,0.13754096106418237,0.13753651257459618,0.13753212784393257,0.1375278052262413,0.137523543031627,0.13751933952755735,0.1375151929401929,0.1375111014557375,0.13750706322180917,0.13750307634883002,0.1374991389114354,0.13749524894990056,0.1374914044715855,0.1374876034523957,0.13748384383825915,0.13748012354661882,0.13747644046793933,0.13747279246722743,0.13746917738556594,0.1374655930416593,0.13746203723339157,0.13745850773939414,0.13745500232062446,0.13745151872195344,0.1374480546737614,0.13744460789354193,0.13744117608751225,0.13743775695222993,0.13743434817621467,0.13743094744157466,0.13742755242563628,0.1374241608025767,0.13742077024505825,0.13741737842586402,0.13741398301953317,0.13741058170399598,0.13740717216220683,0.13740375208377514,0.13740031916659223,0.1373968711184545,0.1373934056586807,0.13738992051972337,0.13738641344877295,0.13738288220935382,0.13737932458291113,0.13737573837038763,0.1373721213937895,0.13736847149773995,0.13736478655102005,0.1373610644480953,0.13735730311062722,0.13735350048896897,0.1373496545636436,0.13734576334680443,0.13734182488367616,0.1373378372539759,0.13733379857331257,0.13732970699456465,0.1373255607092337,0.13732135794877454,0.1373170969858989,0.13731277613585346,0.1373083937576699,0.1373039482553861,0.13729943807923845,0.13729486172682262,0.1372902177442231,0.13728550472710985,0.13728072132180116,0.1372758662262916,0.13727093819124417,0.13726593602094592,0.13726085857422524,0.1372557047653311,0.13725047356477188,0.1372451640001141,0.13723977515673938,0.13723430617855895,0.1372287562686848,0.13722312469005718,0.1372174107660265,0.1372116138808898,0.13720573348038076,0.13719976907211262,0.13719372022597284,0.13718758657446972,0.13718136781302956,0.13717506370024415,0.1371686740580682,0.137162198771966,0.13715563779100695,0.13714899112790946,0.13714225885903347,0.13713544112432033,0.1371285381271807,0.13712155013432997,0.13711447747557112,0.137107320543525,0.13710007979330788,0.13709275574215696,0.13708534896900326,0.13707786011399264,0.13707028987795494,0.13706263902182209,0.1370549083659948,0.13704709878965946,0.1370392112300549,0.13703124668169042,0.13702320619551506,0.13701509087804,0.137006901890414,0.1369986404474536,0.13699030781662863,0.13698190531700474,0.1369734343181437,0.13696489623896324,0.13695629254655747,0.1369476247549795,0.13693889442398785,0.13693010315775853,0.13692125260356394,0.1369123444504209,0.13690338042770944,0.13689436230376448,0.13688529188444193,0.13687617101166205,0.1368670015619313,0.13685778544484584,0.1368485246015779,0.13683922100334825,0.13682987664988652,0.13682049356788192,0.13681107380942714,0.13680161945045727,0.13679213258918677,0.13678261534454672,0.13677306985462534,0.13676349827511364,0.13675390277775948,0.13674428554883242,0.1367346487876018,0.13672499470483068,0.13671532552128876,0.13670564346628583,0.13669595077622962,0.1366862496932093,0.13667654246360825,0.1366668313367477,0.13665711856356422,0.1366474063953235,0.13663769708237197,0.13662799287292968,0.13661829601192585,0.13660860873987923,0.13659893329182612,0.13658927189629674,0.1365796267743435,0.13657000013862106,0.1365603941925218,0.13655081112936687,0.13654125313165488,0.13653172237037012,0.1365222210043503,0.13651275117971645,0.136503315029365,0.13649391467252328,0.13648455221436925,0.1364752297457162,0.13646594934276263,0.13645671306690832,0.1364475229646358,0.13643838106745834,0.1364292893919341,0.13642024993974589,0.13641126469784656,0.1364023356386698,0.13639346472040495,0.13638465388733595,0.13637590507024278,0.13636722018686495,0.1363586011424255,0.1363500498302143,0.1363415681322287,0.13633315791987125,0.13632482105470112,0.13631655938923826,0.13630837476781849,0.1363002690274965,0.13629224399899567,0.13628430150770107,0.13627644337469447,0.1362686714178277,0.13626098745283252,0.1362533932944635,0.13624589075767146,0.13623848165880453,0.1362311678168337,0.13622395105459945,0.13621683320007683,0.13620981608765545,0.13620290155943088,0.1361960914665044,0.13618938767028788,0.1361827920438096,0.13617630647301873,0.13616993285808368,0.13616367311468186,0.13615752917527696,0.13615150299037992,0.136145596529791,0.13613981178381823,0.13613415076447008,0.136128615506618,0.13612320806912567,0.13611793053594193,0.1361127850171538,0.1361077736499962,0.1361028985998159,0.13609816206098552,0.13609356625776556,0.13608911344511096,0.13608480590941938,0.13608064596921884,0.1360766359757914,0.13607277831373085,0.13606907540143193,0.13606552969150823,0.13606214367113753,0.13605891986233143,0.13605586082212823,0.1360529691427065,0.13605024745141833,0.1360476984107401,0.13604532471813993,0.1360431291058603,0.1360411143406145,0.1360392832231967,0.13603763858800372,0.13603618330246917,0.13603492026640843,0.1360338524112746,0.13603298269932548,0.13603231412270073,0.13603184970241053,0.13603159248723495,0.13603154555253527,0.13603171199897737,0.1360320949511683,0.1360326975562067,0.13603352298214838,0.13603457441638794,0.13603585506395835,0.13603736814574935,0.136039116896647,0.13604110456359533,0.1360433344035832,0.13604580968155708,0.1360485336682629,0.13605150963801915,0.13605474086642308,0.1360582306279933,0.13606198219375074,0.13606599882874146,0.13607028378950348,0.13607484032148082,0.13607967165638804,0.1360847810095282,0.1360901715770673,0.13609584653326853,0.13610180902769006,0.1361080621823493,0.13611460908885717,0.13612145280552623,0.1361285963544557,0.13613604271859736,0.13614379483880598,0.1361518556108775,0.13616022788257923,0.13616891445067533,0.13617791805795124,0.13618724139024113,0.13619688707346184,0.1362068576706567,0.13621715567905388,0.1362277835271414,0.13623874357176408,0.13625003809524466,0.13626166930253378,0.13627363931839137,0.1362859501846037,0.13629860385723905,0.1363116022039455,0.13632494700129452,0.1363386399321728,0.13635268258322636,0.13636707644235965,0.1363818228962927,0.13639692322817903,0.13641237861528807,0.13642819012675367,0.13644435872139246,0.13646088524559397,0.13647777043128528,0.136495014893973,0.13651261913086377,0.13653058351906694,0.1365489083138802,0.13656759364716134,0.13658663952578695,0.13660604583020056,0.13662581231305157,0.13664593859792665,0.13666642417817498,0.13668726841582873,0.13670847054061958,0.13673002964909314,0.13675194470382154,0.1367742145327152,0.136796837828435,0.13681981314790428,0.1368431389119231,0.1368668134048829,0.13689083477458358,0.13691520103215227,0.13693991005206416,0.1369649595722651,0.13699034719439615,0.13701607038411928,0.1370421264715441,0.13706851265175538,0.13709522598544022,0.13712226339961445,0.13714962168844735,0.13717729751418398,0.13720528740816365,0.13723358777193412,0.1372621948784596,0.13729110487342164,0.13732031377661177,0.13734981748341377,0.13737961176637448,0.1374096922768618,0.13744005454680736,0.13747069399053272,0.13750160590665747,0.1375327854800862,0.13756422778407387,0.1375959277823662,0.1376278803314142,0.1376600801826593,0.13769252198488824,0.13772520028665475,0.13775810953876566,0.13779124409682933,0.1378245982238642,0.13785816609296436,0.13789194179002073,0.13792591931649403,0.13796009259223838,0.1379944554583721,0.13802900168019347,0.1380637249501389,0.13809861889078073,0.1381336770578622,0.13816889294336718,0.13820425997862124,0.1382397715374227,0.1382754209391998,0.13831120145219228,0.13834710629665384,0.138383128648074,0.13841926164041568,0.13845549836936666,0.13849183189560177,0.13852825524805387,0.1385647614271905,0.13860134340829397,0.13863799414474218,0.1386747065712883,0.13871147360733596,0.13874828816020823,0.1387851431284078,0.13882203140486574,0.13885894588017722,0.1388958794458212,0.13893282499736223,0.1389697754376321,0.13900672367988903,0.13904366265095283,0.13908058529431325,0.13911748457321002,0.13915435347368224,0.139191185007586,0.13922797221557698,0.1392647081700576,0.13930138597808644,0.13933799878424785,0.1393745397734806,0.13941100217386387,0.13944737925935918,0.13948366435250614,0.13951985082707138,0.13955593211064907,0.1395919016872112,0.13962775309960732,0.13966347995201153,0.13969907591231656,0.139734534714473,0.13976985016077323,0.139805016124079,0.1398400265499916,0.13987487545896385,0.13990955694835322,0.1399440651944153,0.13997839445423688,0.1400125390676079,0.14004649345883283,0.1400802521384785,0.14011380970506102,0.14014716084666903,0.14018030034252452,0.1402132230644791,0.14024592397844787,0.14027839814577894,0.1403106407245589,0.14034264697085455,0.14037441223989056,0.14040593198716303,0.14043720176948907,0.14046821724599287,0.14049897417902774,0.1405294684350347,0.14055969598533843,0.14058965290687936,0.14061933538288388,0.14064873970347203,0.14067786226620316,0.14070669957656037,0.1407352482483737,0.14076350500418316,0.1407914666755417,0.1408191302032582,0.14084649263758228,0.14087355113833067,0.1409003029749555,0.14092674552655635,0.1409528762818354,0.14097869283899692,0.14100419290559232,0.14102937429831033,0.14105423494271438,0.1410787728729265,0.14110298623126005,0.14112687326780052,0.14115043233993643,0.14117366191184044,0.14119656055390173,0.14121912694211017,0.14124135985739364,0.1412632581849089,0.14128482091328676,0.14130604713383274,0.14132693603968388,0.1413474869249225,0.14136769918364783,0.1413875723090062,0.14140710589218095,0.14142629962134248,0.14144515328055976,0.14146366674867353,0.14148183999813313,0.14149967309379607,0.1415171661916931,0.14153431953775836,0.14155113346652562,0.1415676083997921,0.14158374484525013,0.1415995433950875,0.14161500472455768,0.14163012959052063,0.14164491882995484,0.1416593733584421,0.14167349416862482,0.14168728232863786,0.14170073898051508,0.14171386533857158,0.14172666268776268,0.14173913238202074,0.14175127584257002,0.14176309455622094,0.1417745900736449,0.14178576400763016,0.14179661803132007,0.14180715387643392,0.1418173733314724,0.1418272782399078,0.1418368704983604,0.14184615205476145,0.14185512490650481,0.1418637910985873,0.14187215272173884,0.14188021191054442,0.14188797084155752,0.1418954317314075,0.14190259683490086,0.14190946844311805,0.14191604888150736,0.14192234050797578,0.14192834571097962,0.1419340669076145,0.14193950654170692,0.14194466708190814,0.14194955101979212,0.14195416086795745,0.14195849915813652,0.14196256843931104,0.1419663712758367,0.14196991024557765,0.14197318793805197,0.14197620695258953,0.14197896989650374,0.14198147938327801,0.1419837380307689,0.14198574845942621,0.14198751329053255,0.14198903514446276,0.14199031663896483,0.14199136038746357,0.1419921689973884,0.14199274506852658,0.14199309119140283,0.14199320994568676,0.1419931038986302,0.1419927756035338,0.1419922275982463,0.1419914624036962,0.1419904825224576,0.1419892904373513,0.14198788861008257,0.1419862794799165,0.14198446546239196,0.1419824489480758,0.14198023230135792,0.14197781785928834,0.14197520793045754,0.141972404793921,0.14196941069816887,0.14196622786014174,0.14196285846429355,0.14195930466170253,0.14195556856923075,0.14195165226873388,0.14194755780632104,0.1419432871916661
12.75,1.0044776885857258,1.0089787758446709,1.0135022984478292,1.0180474222022393,1.022613427689774,1.02719969738154,1.0318057040810078,1.0364310005633515,1.04107521029148,1.045738019100971,1.050419167756724,1.0551184452937337,1.059835683063038,1.064570749411711,1.0693235449328486,1.0740939982279034,1.0788820621294273,1.0836877103375424,1.0885109344281496,1.0933517411951232,1.098210150292559,1.1030861921466204,1.1079799061095983,1.1128913388316208,1.117820542827952,1.1227675752221014,1.1277324966469682,1.1327153702880912,1.1377162610547078,1.1427352348657565,1.1477723580393213,1.1528276967751443,1.1579013167209071,1.1629932826138831,1.168103657990404,1.1732325049563346,1.1783798840123885,1.1835458539287043,1.1887304716636324,1.1939337923221158,1.199155869149479,1.2043967535567828,1.209656495174221,1.214935141929325,1.2202327401469872,1.2255493346685347,1.2308849689872867,1.2362396853981998,1.2416135251593667,1.2470065286632754,1.2524187356158571,1.2578501852214627,1.2633009163720317,1.2687709678387875,1.27426037846491,1.2797691873577004,1.2852974340788221,1.2908451588313206,1.296412402642147,1.3019992075388864,1.307605616719965,1.3132316747167965,1.3188774275471205,1.3245429228585748,1.3302282100616327,1.3359333404510987,1.3416583673154163,1.347403346033114,1.3531683341557554,1.3589533914768428,1.3647585800861735,1.3705839644092088,1.3764296112310714,1.3822955897048532,1.3881819713439711,1.3940888299983605,1.40001624181437,1.405964285178245,1.4119330406431876,1.4179225908399968,1.4239330203713598,1.4299644156899245,1.4360168649603189,1.4420904579053448,1.448185285636607,1.4543014404698953,1.4604390157256757,1.466598105515091,1.472778804511897,1.4789812077108275,1.4852054101728833,1.4914515067580922,1.4977195918463135,1.5040097590466897,1.5103221008963754,1.5166567085491933,1.5230136714548932,1.5293930770297068,1.5357950103189186,1.5422195536521597,1.5486667862921852,1.5551367840778718,1.5616296190621912,1.5681453591459373,1.5746840677079599,1.5812458032326804,1.587830618935668,1.594438562388031,1.601069675140393,1.6077239923472184,1.614401542392229,1.6211023465156578,1.627826418444079,1.6345737640235167,1.6413443808565558,1.6481382579441297,1.6549553753326671,1.6617957037672493,1.6686592043514197,1.6755458282142552,1.6824555161853008,1.6893881984779389,1.6963437943817445,1.7033222119643499,1.7103233477833255,1.7173470866085525,1.7243933011555406,1.7314618518301108,1.7385525864848512,1.745665340187708,1.7527999350030674,1.7599561797856353,1.7671338699874175,1.7743327874780452,1.7815527003787004,1.788793362909835,1.7960545152528675,1.8033358834260091,1.81063717917434,1.8179580998742493,1.825298328452274,1.8326575333184365,1.8400353683140545,1.8474314726740366,1.8548454710036233,1.862276973269524,1.8697255748053678,1.8771908563313655,1.8846723839880544,1.8921697093839824,1.8996823696571572,1.9072098875500691,1.9147517714980868,1.92230751573098,1.9298766003873378,1.937458491641602,1.9450526418434422,1.9526584896691719,1.9602754602848838,1.9679029655209865,1.9755404040577889,1.983187161621786,1.9908426111922723,1.9985061132179052,2.0061770158428334,2.0138546551419867,2.0215383553651214,2.029227429189212,2.0369211779787615,2.044618892053605,2.0523198509637735,2.060023323770983,2.0677285693363077,2.0754348366135935,2.083141364948167,2.0908473843803956,2.0985521159536478,2.1062547720262175,2.113954556586756,2.1216506655727776,2.1293422871917946,2.1370286022446505,2.1447087844506085,2.152382000773779,2.1600474117504604,2.16770417181697,2.175351429637567,2.182988328432055,2.1906140063026753,2.1982275965599047,2.205828228046774,2.2134150254613463,2.2209871096769973,2.228543598060147,2.23608360478509,2.2436062411456326,2.2511106158631953,2.2585958353911137,2.266061004214828,2.2735052251477366,2.2809275996215215,2.2883272279730913,2.295703209725526,2.3030546438636423,2.3103806291040065,2.317680264159173,2.3249526479959597,2.3321968800875723,2.3394120606594253,2.346597290928524,2.3537516733362684,2.3608743117745696,2.3679643118051827,2.3750207808721635,2.382042828507388,2.38902956652906,2.395980109233186,2.402893573577963,2.4097690793610824,2.4166057493899347,2.4234027096447304,2.430159089434558,2.4368740215464126,2.443546642387248,2.4501760921191056,2.4567615147873956,2.4633020584424137,2.469796875254186,2.476245121620745,2.4826459582699556,2.48899855035501,2.495302067543741,2.501555684101868,2.507758578970367,2.513909935837096,2.5200089432028463,2.526054794442019,2.5320466878580876,2.537983826734036,2.543865419377993,2.5496906791642306,2.555458824569766,2.56116907920675,2.566820671850884,2.5724128364660745,2.5779448122255397,2.583415843529618,2.588825180020492,2.5941720765940612,2.599455793409211,2.604675595894697,2.6098307547538937,2.6149205459676397,2.619944250795421,2.624901155775132,2.629790552721644,2.6346117387244252,2.6393640161444516,2.644046692610631,2.648659081015983,2.6532004995138054,2.657670271514044,2.6620677256801035,2.666392195926315,2.6706430214162746,2.6748195465622797,2.678921121026053,2.6829470997209803,2.686896842816053,2.690769715741704,2.6945650891977437,2.6982823391635646,2.701920846910807,2.7054799990186456,2.708959187391868,2.712357809281914,2.715675267311009,2.718910969499556,2.7220643292969062,2.7251347656156595,2.728121702869597,2.731024571015373,2.7338428055980724,2.736575847800725,2.739223144497873,2.741784148313276,2.744258317681815,2.7466451169156745,2.7489440162748418,2.751154492041992,2.7532760266017697,2.755308108524517,2.7572502326544575,2.7591019002023494,2.7608626188426095,2.762531902814893,2.764109273030126,2.765594257180954,2.7669863898565676,2.768285212661877,2.769490274340968,2.7706011309047827,2.7716173457629565,2.7725384898597265,2.7733641418138344,2.774093888062314,2.7747273230080696,2.7752640491711364,2.775703677343484,2.776045826747266,2.7762901251963497,2.776436209261006,2.7764837244356064,2.7764323253091554,2.776281675738528,2.776031449024207,2.7756813280883827,2.775231005655203,2.7746801844330107,2.7740285772983717,2.7732759074816933,2.7724219087542377,2.7714663256163385,2.7704089134865866,2.769249438891799,2.7679876796575504,2.7666234250990387,2.7651564762120815,2.76358664586401,2.7619137589842477,2.760137652754334,2.758258176797183,2.7562751933653367,2.754188577527994,2.751998217356581,2.749704014108642,2.747305882409816,2.744803750433678,2.742197560079216,2.7394872671457224,2.7366728415048778,2.733754267269796,2.7307315429608323,2.727604681667923,2.7243737112092434,2.721038674285989,2.717599628633061,2.714056647165451,2.710409818120144,2.7066592451933214,2.7028050476726997,2.69884736056479,2.694786334716931,2.690622136933893,2.686354950088893,2.681984973228863,2.6775124216737995,2.6729375271100486,2.6682605376773836,2.6634817180497197,2.658601349509349,2.653619730014551,2.64853717426047,2.643354013733137,2.6380705967565254,2.632687288532549,2.6272044711738984,2.621622543729624,2.615941922203407,2.610163039564414,2.6042863457506953,2.5983123076650467,2.5922414091633064,2.586074151035011,2.5798110509764043,2.5734526435557457,2.5669994801709084,2.5604521289992404,2.5538111749396886,2.54707721954718,2.5402508809592597,2.533332793815011,2.5263236091662633,2.5192239943811146,2.512034633039813,2.504756224823022,2.4973894853925205,2.4899351462643966,2.4823939546747753,2.47476667343817,2.4670540807985066,2.4592569702729032,2.451376150488298,2.4434124450109995,2.4353666921692634,2.4272397448689853,2.4190324704026267,2.4107457502514764,2.402380479881356,2.393937568531906,2.385417938999562,2.3768225274143537,2.3681522830106667,2.3594081678920915,2.3505911567905176,2.341702236819599,2.3327424072227614,2.3237126791158795,2.3146140752248043,2.3054476296178796,2.296214387433622,2.286915404603722,2.27755174757154,2.268124493006257,2.2586347275128613,2.249083547338144,2.239472058072869,2.2298013743503122,2.220072619541331,2.21028692544616,2.2004454319831015,2.1905492868743055,2.1805996453288117,2.1705976697230485,2.1605445292789627,2.150441399739973,2.1402894630449305,2.1300899070002703,2.119843924950543,2.1095527154475016,2.099217481917945,2.088839432330482,2.078419778861419,2.067959737559937,2.057460528012747,2.04692337300841,2.0363494982014885,2.0257401317767116,2.0150965041133366,2.004419847449874,1.9937113955493455,1.9829723833652628,1.972204046708471,1.9614076219150467,1.9505843455154026,1.9397354539047602,1.9288621830151615,1.9179657679891635,1.9070474428553779,1.89610844020601,1.88514999087654,1.8741733236276976,1.8631796648298746,1.8521702381501088,1.8411462642417897,1.8301089604372067,1.8190595404430825,1.8079992140392132,1.796929186780342,1.7858506597013926,1.7747648290261682,1.76367288587965,1.7525760160039874,1.7414753994783032,1.7303722104424062,1.719267616824522,1.7081627800731347,1.6970588548930339,1.6859569889856547,1.6748583227938076,1.6637639892508655,1.652675113534502,1.6415928128250472,1.6305181960685415,1.6194523637445457,1.6083964076387827,1.5973514106206634,1.5863184464257647,1.5752985794433025,1.5642928645086582,1.553302346701005,1.5423280611460726,1.5313710328240966,1.5204322763829854,1.509512795956739,1.4986135849891487,1.4877356260628072,1.4768798907334442,1.4660473393696185,1.455238920997772,1.4444555731526671,1.4336982217332108,1.4229677808636791,1.412265152760339,1.4015912276034728,1.3909468834148007,1.380332985940295,1.3697503885383844,1.3591999320735257,1.3486824448151402,1.3381987423418906,1.3277496274512846,1.3173358900745766,1.3069583071969488,1.2966176427829446,1.2863146477071177,1.276050059689873,1.2658246032384597,1.255638989593085,1.245493916678103,1.235390069058241,1.2253281178998228,1.2153087209369395,1.205332522442523,1.1954001532042697,1.1855122305053694,1.1756693581099815,1.165872126253407,1.1561211116368972,1.146416877427044,1.136759973259691,1.1271509352483076,1.1175902859967561,1.1080785346164,1.0986161767474771,1.0892036945846788,1.0798415569068656,1.0705302191108492,1.0612701232491766,1.0520616980718385,1.042905359071837,1.0338015085345371,1.0247505355907307,1.0157528162733358,1.0068087135776624,0.997918577525165,0.9890827452306048,0.9803015409725534,0.9715752762671505,0.9629042499450478,0.9542887482314545,0.945729044829211,0.9372254010048117,0.928778065677296,0.9203872755099337,0.9120532550046223,0.9037762165989169,0.8955563607656194,0.8873938761148422,0.8792889394984708,0.8712417161169473,0.863252359628294,0.8553210122593017,0.8474478049188019,0.8396328573129498,0.8318762780624344,0.8241781648215452,0.8165386043990146,0.8089576728805618,0.8014354357530614,0.7939719480302649,0.786567254379994,0.7792213892527401,0.7719343770115876,0.7647062320633983,0.7575369589911737,0.7504265526875338,0.7433749984892353,0.7363822723126625,0.7294483407902197,0.7225731614075581,0.7157566826415698,0.708998844099081,0.7022995766561795,0.6956588025981114,0.6890764357596838,0.6825523816661072,0.6760865376742213,0.6696787931140354,0.6633290294305312,0.6570371203256616,0.6508029319004934,0.6446263227974318,0.6385071443424715,0.6324452406874242,0.6264404489520611,0.620492599366121,0.6146015154111326,0.6087670139619997,0.6029889054282974,0.5972669938952334,0.5916010772642243,0.585990947393043,0.5804363902354891,0.5749371859805387,0.5694931091909321,0.564103928941154,0.5587694089547689,0.5534893077410677,0.54826337873099,0.5430913704122818,0.5379730264638545,0.5329080858893067,0.5278962831495759,0.5229373482946879,0.5180310070945673,0.5131769811688832,0.5083749881158957,0.5036247416402752,0.49892595167986803,0.4942783245313789,0.48968156297494414,0.48513536639757393,0.48063943091543443,0.47619344949495146,0.47179711207271025,0.4674501056741327,0.4631521145309092,0.45890282019716894,0.4547019016643681,0.4505490354748801,0.4464438958342706,0.4423861547222418,0.43837548200223236,0.43441154552965844,0.43049401125878306,0.4266225433482023,0.42279680426493643,0.4190164548871167,0.41528115460525694,0.41159056142210304,0.4079443320510504,0.4043421220131239,0.40078358573251277,0.3972683766306558,0.393796147218871,0.39036654918952635,0.38697923350574676,0.38363385048965726,0.3803300499091559,0.3770674810632198,0.37384579286573943,0.3706646339278831,0.3675236526389921,0.36442249724600523,0.3613608159314181,0.3583382568897752,0.35535446840270096,0.35240909891247085,0.3495017970941269,0.34663221192614246,0.34379999275964046,0.34100478938617035,0.33824625210405,0.33552403178327855,0.3328377799290265,0.33018714874371163,0.32757179118766566,0.32499136103840226,0.3224455129484935,0.31993390250206366,0.3174561862699095,0.3150120218632565,0.3126010679861614,0.3102229844865698,0.307877432406042,0.3055640740281543,0.3032825729255904,0.3010325940059323,0.2988138035561624,0.2966258692858903,0.2944684603693146,0.2923412474859339,0.2902439028600186,0.28817610029885726,0.28613751522979,0.28412782473604303,0.2821467075913776,0.2801938442935671,0.2782689170967161,0.2763716100424364,0.2745016089898934,0.2726586016447375,0.2708422775869355,0.26905232829751685,0.26728844718424805,0.2655503296062529,0.26383767289759125,0.26215017638981264,0.26048754143349984,0.2588494714188174,0.2572356717950812,0.25564585008936375,0.2540797159241514,0.2525369810340687,0.2510173592816853,0.24952056667242192,0.24804632136856997,0.2465943437024411,0.24516435618866209,0.24375608353563144,0.24236925265615186,0.241003592677256,0.23965883494923992,0.23833471305392032,0.2370309628121306,0.2357473222904723,0.23448353180733586,0.23323933393820764,0.23201447352027715,0.23080869765636058,0.22962175571815546,0.2284533993488419,0.22730338246504422,0.2261714612581699,0.22505739419513812,0.22396094201851469,0.22288186774606678,0.2218199366697517,0.22077491635415514,0.21974657663439143,0.21873468961348158,0.21773902965922126,0.2167593734005537,0.21579549972346046,0.21484718976638356,0.21391422691519243,0.21299639679770846,0.21209348727780014,0.2112052884490617,0.2103315926280877,0.2094721943473559,0.20862689034773038,0.2077954795705976,0.20697776314964644,0.20617354440230443,0.20538262882084124,0.20460482406315106,0.20383993994322408,0.20308778842131933,0.20234818359384807,0.20162094168297917,0.20090588102597595,0.2002028220642757,0.19951158733231997,0.19883200144614727,0.19816389109175592,0.19750708501324699,0.19686141400075685,0.19622671087818702,0.19560281049074105,0.19498954969227583,0.19438676733247656,0.19379430424386243,0.193212003228632,0.19263970904535418,0.19207726839551426,0.1915245299099205,0.19098134413497922,0.19044756351884537,0.18992304239745458,0.18940763698044344,0.18890120533696483,0.18840360738140344,0.18791470485899825,0.1874343613313775,0.18696244216201122,0.18649881450158798,0.1860433472733194,0.18559591115817928,0.18515637858008105,0.18472462369099893,0.1843005223560372,0.18388395213845196,0.18347479228463068,0.18307292370903183,0.18267822897909072,0.18229059230009453,0.18190989950002978,0.18153603801440737,0.1811688968710676,0.18080836667496886,0.1804543395929638,0.1801067093385657,0.1797653711567085,0.1794302218085032,0.1791011595559941,0.17877808414691715,0.1784608967994635,0.17814950018705106,0.177843798423106,0.1775436970458576,0.17724910300314847,0.17695992463726226,0.17667607166977167,0.17639745518640873,0.1761239876219596,0.17585558274518598,0.1755921556437756,0.1753336227093227,0.17507990162234244,0.1748309113373191,0.17458657206779113,0.1743468052714755,0.17411153363543125,0.17388068106126592,0.17365417265038582,0.17343193468929233,0.17321389463492481,0.1729999811000535,0.17279012383872297,0.1725842537317483,0.17238230277226474,0.17218420405133444,0.1719898917436094,0.17179930109305422,0.17161236839872945,0.17142903100063703,0.17124922726562988,0.17107289657338673,0.17089997930245418,0.17073041681635753,0.17056415144978138,0.17040112649482247,0.1702412861873158,0.17008457569323548,0.1699309410951723,0.16978032937888934,0.16963268841995732,0.1694879669704705,0.1693461146458465,0.16920708191170938,0.16907082007085916,0.16893728125032856,0.16880641838852894,0.16867818522248637,0.16855253627517044,0.16842942684291595,0.16830881298294018,0.16819065150095683,0.16807489993888802,0.16796151656267624,0.167850460350197,0.16774169097927502,0.16763516881580387,0.16753085490197156,0.16742871094459322,0.16732869930355246,0.16723078298035263,0.1671349256067792,0.16704109143367532,0.1669492453198314,0.16685935272098995,0.16677137967896746,0.1666852928108942,0.16660105929857352,0.16651864687796178,0.16643802382876985,0.16635915896418782,0.16628202162073372,0.16620658164822766,0.1661328093998922,0.16606067572257968,0.16599015194712882,0.16592120987884987,0.16585382178814018,0.1657879604012312,0.1657235988910671,0.16566071086831624,0.1655992703725164,0.16553925186335355,0.16548063021207626,0.16542338069304482,0.16536747897541676,0.16531290111496882,0.16525962354605536,0.1652076230737047,0.16515687686585243,0.165107362445713,0.16505905768428933,0.1650119407930203,0.16496599031656717,0.16492118512573747,0.16487750441054833,0.164834927673427,0.16479343472255017,0.16475300566532053,0.16471362090198163,0.1646752611193695,0.1646379072848012,0.16460154064009994,0.1645661426957559,0.16453169522522257,0.16449818025934743,0.16446558008093673,0.16443387721945324,0.16440305444584685,0.16437309476751583,0.16434398142339907,0.1643156978791977,0.16428822782272487,0.16426155515938307,0.16423566400776704,0.1642105386953921,0.16418616375454526,0.16416252391825906,0.16413960411640557,0.1641173894719103,0.16409586529708292,0.16407501709006525,0.16405483053139236,0.16403529148066814,0.16401638597335053,0.16399810021764707,0.16398042059151782,0.16396333363978385,0.16394682607133967,0.1639308847564678,0.16391549672425285,0.16390064916009436,0.16388632940331477,0.16387252494486187,0.16385922342510312,0.16384641263170924,0.16383408049762602,0.16382221509913109,0.16381080465397413,0.16379983751959862,0.16378930219144172,0.16377918730131127,0.16376948161583757,0.16376017403499632,0.1637512535907028,0.16374270944547278,0.1637345308911494,0.16372670734769296,0.16371922836203176,0.16371208360697187,0.16370526288016285,0.1636987561031179,0.16369255332028626,0.1636866446981748,0.16368102052451755,0.16367567120749074,0.1636705872749703,0.1636657593738312,0.16366117826928517,0.16365683484425553,0.16365272009878637,0.16364882514948467,0.16364514122899312,0.16364165968549085,0.1636383719822218,0.1636352696970471,0.16363234452202038,0.1636295882629842,0.16362699283918528,0.16362455028290732,0.16362225273911918,0.16362009246513687,0.16361806183029776,0.16361615331564539,0.1636143595136229,0.16361267312777425,0.16361108697245091,0.1636095939725234,0.16360818716309508,0.16360685968921881,0.1636056048056125,0.16360441587637467,0.16360328637469748,0.16360220988257662,0.16360118009051622,0.16360019079722862,0.16359923590932754,0.16359830944101314,0.16359740551374918,0.16359651835593028,0.16359564230253912,0.1635947717947924,0.16359390137977511,0.1635930257100623,0.1635921395433273,0.16359123774193657,0.1635903152725298,0.16358936720558537,0.1635883887149704,0.1635873750774745,0.16358632167232823,0.163585223980704,0.1635840775852005,0.1635828781693103,0.16358162151686928,0.1635803035114892,0.16357892013597206,0.16357746747170662,0.16357594169804737,0.1635743390916748,0.16357265602593818,0.16357088897018016,0.16356903448904325,0.16356708924175847,0.1635650499814165,0.16356291355422062,0.16356067689872258,0.16355833704504105,0.16355589111406263,0.16355333631662677,0.16355066995269324,0.16354788941049378,0.1635449921656677,0.16354197578038152,0.16353883790243373,0.16353557626434412,0.16353218868242866,0.16352867305586047,0.16352502736571647,0.16352124967401108,0.16351733812271713,0.16351329093277364,0.1635091064030824,0.16350478290949247,0.16350031890377406,0.16349571291258172,0.16349096353640727,0.1634860694485239,0.16348102939392045,0.16347584218822808,0.16347050671663851,0.16346502193281515,0.16345938685779737,0.16345360057889838,0.16344766224859783,0.16344157108342874,0.16343532636286057,0.16342892742817766,0.16342237368135454,0.16341566458392834,0.16340879965586924,0.16340177847444867,0.1633946006731067,0.16338726594031908,0.16337977401846387,0.16337212470268903,0.16336431783978095,0.16335635332703496,0.1633482311111277,0.16333995118699304,0.1633315135967007,0.16332291842833932,0.1633141658149042,0.1633052559331895,0.16329618900268683,0.16328696528448955,0.16327758508020387,0.16326804873086728,0.16325835661587484,0.16324850915191377,0.16323850679190646,0.16322835002396344,0.16321803937034576,0.16320757538643782,0.16319695865973105,0.16318618980881885,0.16317526948240324,0.16316419835831386,0.1631529771425399,0.16314160656827417,0.16313008739497223,0.1631184204074243,0.16310660641484204,0.1630946462499604,0.16308254076815407,0.1630702908465701,0.16305789738327642,0.16304536129642613,0.16303268352343925,0.16301986502020105,0.16300690676027754,0.16299380973414923,0.16298057494846216,0.16296720342529736,0.16295369620145936,0.16294005432778214,0.1629262788684556,0.16291237090037003,0.16289833151248032,0.16288416180519003,0.16286986288975477,0.16285543588770593,0.1628408819302938,0.16282620215795157,0.162811397719779,0.1627964697730467,0.16278141948272062,0.16276624802100734,0.16275095656691912,0.16273554630586043,0.16272001842923373,0.16270437413406677,0.16268861462265957,0.16267274110225183,0.16265675478471098,0.1626406568862394,0.16262444862710268,0.16260813123137693,0.16259170592671612,0.16257517394413867,0.16255853651783345,0.16254179488498469,0.16252495028561575,0.16250800396245135,0.16249095716079792,0.16247381112844217,0.16245656711556697,0.16243922637468441,0.1624217901605864,0.1624042597303106,0.16238663634312384,0.16236892126052016,0.16235111574623473,0.16233322106627238,0.16231523848895055,0.16229716928495608,0.16227901472741535,0.16226077609197778,0.1622424546569109,0.16222405170320775,0.16220556851470572,0.1621870063782156,0.16216836658366113,0.16214965042422833,0.16213085919652298,0.16211199420073766,0.16209305674082514,0.16207404812468018,0.16205496966432698,0.16203582267611294,0.16201660848090724,0.16199732840430445,0.16197798377683142,0.16195857593415788,0.16193910621730956,0.1619195759728828,0.161899986553261,0.1618803393168308,0.16186063562819888,0.1618408768584076,0.16182106438514904,0.161801199592977,0.16178128387351634,0.16176131862566825,0.161741305255812,0.16172124517800138,0.16170113981415565,0.16168099059424487,0.1616607989564674,0.16164056634742108,0.16162029422226548,0.16159998404487588,0.16157963728798774,0.16155925543333147,0.16153883997175641,0.16151839240334398,0.16149791423750884,0.16147740699308843,0.16145687219841895,0.16143631139139872,0.1614157261195375,0.16139511793999153,0.1613744884195839,0.16135383913480944,0.16133317167182426,0.16131248762641923,0.16129178860397658,0.16127107621940984,0.16125035209708688,0.16122961787073464,0.1612088751833267,0.161188125686952,0.16116737104266574,0.16114661292032065,0.1611258529983803,0.1611050929637125,0.16108433451136367,0.16106357934431345,0.16104282917320994,0.16102208571608495,0.16100135069804944,0.16098062585096917,0.16095991291312026,0.16093921362882493,0.1609185297480671,0.16089786302608847,0.16087721522296453,0.16085658810316086,0.1608359834350701,0.16081540299052915,0.16079484854431747,0.16077432187363605,0.16075382475756803,0.16073335897652008,0.16071292631164646,0.16069252854425423,0.16067216745519164,0.16065184482421874,0.16063156242936152,0.16061132204624953,0.16059112544743728,0.1605709744017107,0.1605508706733781,0.16053081602154662,0.16051081219938523,0.16049086095337375,0.16047096402253938,0.1604511231376808,0.16043134002058096,0.1604116163832084,0.16039195392690905,0.16037235434158767,0.16035281930488057,0.16033335048132086,0.16031394952149475,0.1602946180611926,0.1602753577205532,0.16025617010320284,0.16023705679539052,0.16021801936511923,0.16019905936127407,0.16018017831274936,0.16016137772757352,0.16014265909203454,0.16012402386980545,0.1601054735010715,0.16008700940165954,0.16006863296217033,0.16005034554711528,0.16003214849405747,0.16001404311275902,0.1599960306843346,0.15997811246041285,0.15996028966230566,0.15994256348018707,0.15992493507228225,0.15990740556406716,0.15988997604748031,0.15987264758014708,0.15985542118461735,0.159838297847618,0.1598212785193199,0.15980436411262172,0.1597875555024496,0.1597708535250754,0.15975425897745243,0.15973777261657124,0.15972139515883438,0.15970512727945282,0.15968896961186316,0.1596729227471671,0.15965698723359367,0.15964116357598535,0.1596254522353076,0.15960985362818428,0.15959436812645755,0.15957899605677442,0.15956373770019974,0.15954859329185622,0.15953356302059288,0.15951864702868096,0.15950384541153934,0.1594891582174889,0.15947458544753634,0.15946012705518897,0.1594457829462993,0.1594315529789412,0.1594174369633169,0.15940343466169604,0.1593895457883867,0.15937577000973827,0.15936210694417743,0.1593485561622766,0.15933511718685556,0.15932178949311562,0.15930857250880817,0.15929546561443583,0.15928246814348726,0.15926957938270586,0.15925679857239194,0.15924412490673878,0.15923155753420182,0.15921909555790226,0.15920673803606344,0.15919448398248118,0.15918233236702725,0.15917028211618614,0.15915833211362437,0.15914648120079347,0.15913472817756452,0.1591230718028955,0.1591115107955308,0.15910004383473147,0.15908866956103793,0.1590773865770627,0.159066193448314,0.15905508870404922,0.15904407083815827,0.1590331383100754,0.15902228954572037,0.15901152293846682,0.15900083685013866,0.15899022961203296,0.1589796995259689,0.15896924486536268,0.15895886387632654,0.15894855477879247,0.1589383157676592,0.15892814501396127,0.15891804066606055,0.15890800085085813,0.15889802367502684,0.15888810722626254,0.15887824957455418,0.1588684487734712,0.1588587028614671,0.1588490098631992,0.15883936779086247,0.15882977464553708,0.15882022841854856,0.15881072709283947,0.1588012686443515,0.15879185104341703,0.15878247225615913,0.15877313024589834,0.158763822974566,0.15875454840412231,0.15874530449797825,0.15873608922242013,0.15872690054803587,0.158717736451141,0.15870859491520464,0.15869947393227268,0.15869037150438803,0.15868128564500658,0.15867221438040693,0.1586631557510939,0.1586541078131935,0.1586450686398388,0.15863603632254525,0.15862700897257406,0.1586179847222832,0.15860896172646366,0.15859993816366078,0.15859091223747884,0.15858188217786826,0.1585728462423936,0.15856380271748174,0.15855474991964882,0.158545686196705,0.15853660992893573,0.15852751953025862,0.1585184134493546,0.1585092901707723,0.1585001482160053,0.15849098614453985,0.15848180255487374,0.15847259608550388,0.1584633654158823,0.15845410926734002,0.15844482640397695,0.15843551563351782,0.15842617580813287,0.15841680582522222,0.15840740462816424,0.15839797120702573,0.15838850459923412,0.158379003890211,0.15836946821396566,0.15835989675364912,0.15835028874206672,0.1583406434621501,0.15833096024738694,0.15832123848220903,0.15831147760233694,0.15830167709508242,0.15829183649960712,0.1582819554071377,0.15827203346113664,0.15826207035742967,0.1582520658442881,0.15824201972246713,0.15823193184519935,0.1582218021181437,0.1582116304992899,0.15820141699881768,0.1581911616789122,0.15818086465353454,0.15817052608814783,0.15816014619939955,0.15814972525475945,0.15813926357211447,0.15812876151931948,0.15811821951370592,0.15810763802154723,0.15809701755748212,0.1580863586838966,0.15807566201026418,0.1580649281924459,0.15805415793195,0.1580433519751522,0.15803251111247713,0.15802163617754164,0.15801072804626082,0.15799978763591693,0.15798881590419322,0.15797781384817192,0.1579667825032984,0.15795572294231225,0.15794463627414548,0.15793352364278976,0.15792238622613267,0.15791122523476517,0.1579000419107601,0.1578888375264235,0.15787761338301948,0.1578663708094706,0.1578551111610329,0.1578438358179495,0.1578325461840815,0.1578212436855185,0.15780992976917038,0.15779860590134012,0.1577872735662807,0.1577759342647358,0.15776458951246636,0.15775324083876457,0.15774188978495562,0.15773053790288943,0.1577191867534234,0.15770783790489734,0.15769649293160212,0.15768515341224343,0.15767382092840188,0.15766249706299099,0.1576511833987141,0.15763988151652195,0.15762859299407225,0.15761731940419238,0.15760606231334653,0.15759482328010962,0.1575836038536474,0.15757240557220661,0.1575612299616142,0.1575500785337885,0.15753895278526328,0.15752785419572543,0.15751678422656867,0.15750574431946354,0.15749473589494575,0.1574837603510235,0.15747281906180574,0.15746191337615204,0.1574510446163454,0.1574402140767895,0.1574294230227311,0.15741867268900944,0.15740796427883263,0.15739729896258367,0.15738667787665572,0.1573761021223184,0.15736557276461663,0.15735509083130153,0.15734465731179567,0.15733427315619336,0.15732393927429647,0.15731365653468668,0.15730342576383546,0.157293247745252,0.1572831232186704,0.15727305287927637,0.1572630373769741,0.1572530773156947,0.15724317325274553,0.15723332569820225,0.15722353511434314,0.15721380191512702,0.15720412646571402,0.157194509082031,0.1571849500303809,0.15717544952709653,0.15716600773823955,0.15715662477934425,0.15714730071520652,0.15713803555971798,0.15712882927574598,0.15711968177505822,0.1571105929182932,0.15710156251497592,0.15709259032357842,0.15708367605162557,0.15707481935584552,0.1570660198423644,0.15705727706694553,0.15704859053527231,0.15703995970327417,0.1570313839774961,0.15702286271551,0.15701439522636834,0.15700598077109904,0.15699761856324065,0.15698930776941833,0.1569810475099581,0.1569728368595405,0.15696467484789137,0.15695656046050976,0.1569484926394316,0.15694047028402894,0.15693249225184222,0.15692455735944677,0.15691666438335056,0.15690881206092303,0.15690099909135416,0.15689322413664128,0.15688548582260434,0.15687778273992692,0.15687011344522206,0.15686247646212212,0.15685487028239106,0.15684729336705747,0.15683974414756713,0.15683222102695468,0.1568247223810308,0.15681724655958587,0.15680979188760708,0.15680235666650766,0.15679493917536755,0.15678753767218273,0.15678015039512283,0.15677277556379454,0.15676541138051003,0.15675805603155743,0.1567507076884739,0.1567433645093172,0.1567360246399361,0.1567286862152366,0.1567213473604435,0.1567140061923542,0.15670666082058468,0.15669930934880463,0.15669194987596086,0.1566845804974869,0.1566771993064976,0.15666980439496628,0.15666239385488373,0.1566549657793967,0.15664751826392453,0.15664004940725249,0.15663255731259967,0.15662504008866085,0.1566174958506193,0.15660992272113103,0.15660231883127684,0.15659468232148235,0.15658701134240385,0.15657930405577894,0.15657155863524003,0.15656377326709026,0.15655594615104007,0.15654807550090347,0.15654015954525224,0.15653219652802855,0.15652418470911303,0.15651612236484874,0.1565080077885201,0.15649983929078465,0.1564916152000592,0.15648333386285745,0.15647499364408007,0.1564665929272561,0.15645813011473533,0.1564496036278318,0.15644101190691748,0.15643235341146702,0.1564236266200524,0.15641483003028883,0.15640596215873107,0.1563970215407212,0.15638800673018793,0.15637891629939812,0.15636974883866084,0.1563605029559856,0.15635117727669448,0.15634177044298989,0.15633228111347922,0.1563227079626571,0.15631304968034648,0.15630330497110115,0.15629347255356982,0.15628355115982437,0.15627353953465373,0.15626343643482565,0.1562532406283179,0.15624295089352158,0.15623256601841803,0.15622208479973276,0.15621150604206793,0.15620082855701622,0.15619005116225912,0.15617917268065157,0.15616819193929654,0.15615710776861202,0.1561459190013935,0.15613462447187504,0.1561232230147919,0.15611171346444788,0.1561000946537911,0.15608836541350044,0.15607652457108664,0.1560645709500121,0.15605250336883086,0.15604032064035384,0.15602802157084186,0.1560156049592303,0.15600306959638835,0.15599041426441643,0.1559776377359853,0.15596473877371975,0.1559517161296309,0.15593856854459912,0.15592529474791228,0.1559118934568615,0.15589836337639704,0.15588470319884892,0.1558709116037136,0.15585698725751004,0.15584292881370848,0.1558287349127333,0.15581440418204362,0.1557999352362933,0.155785326677573,0.1557705770957358,0.15575568506880919,0.1557406491634944,0.15572546793575512,0.15571013993149727,0.1556946636873406,0.15567903773148395,0.15566326058466431,0.15564733076121165,0.1556312467701984,0.1556150071166858,0.1555986103030665,0.15558205483050272,0.15556533920046153,0.1555484619163451,0.1555314214852167,0.15551421641962052,0.1554968452394954,0.15547930647418062,0.1554615986645125,0.15544372036501014,0.15542567014614875,0.15540744659671848,0.15538904832626613,0.1553704739676181,0.15535172217948154,0.15533279164912073,0.15531368109510613,0.1552943892701327,0.15527491496390453,0.1552552570060816,0.15523541426928547,0.15521538567216034,0.15519517018248474,0.15517476682033018,0.15515417466126252,0.15513339283958144,0.15511242055159358,0.15509125705891444,0.1550699016917947,0.15504835385246563,0.15502661301849868,0.15500467874617468,0.15498255067385627,0.15496022852536015,0.15493771211332177,0.1549150013425491,0.15489209621335817,0.1548689968248867,0.15484570337837955,0.15482221618043965,0.15479853564624105,0.15477466230269651,0.15475059679157543,0.15472633987256626,0.15470189242627796,0.15467725545717517,0.154652430096442,0.15462741760476875,0.15460221937505678,0.15457683693503632,0.15455127194979193,0.15452552622419102,0.15449960170521054,0.15447350048415712,0.15444722479877554,0.15442077703524246,0.15439415973003925,0.15436737557170144,0.1543404274024394,0.1543133182196274,0.15428605117715688,0.15425862958665,0.1542310569185311,0.15420333680295215,0.15417547303056922,0.15414746955316744,0.1541193304841318,0.15409106009876103,0.1540626628344232,0.15403414329054999,0.15400550622846848,0.1539767565710689,0.15394789940230666,0.15391893996653802,0.15388988366768777,0.15386073606824907,0.1538315028881142,0.15380219000323675,0.15377280344412417,0.15374334939416223,0.15371383418777074,0.1536842643083913,0.15365464638630888,0.15362498719630693,0.15359529365515842,0.15356557281895367,0.15353583188026718,0.153506078165165,0.1534763191300551,0.15344656235838275,0.15341681555717396,0.153387086553429,0.15335738329037002,0.1533277138235445,0.15329808631678926,0.15326850903805725,0.15323899035511188,0.153209538731092,0.15318016271995158,0.1531508709617788,0.1531216721779979,0.1530925751664591,0.15306358879642096,0.1530347220034292,0.15300598378409797,0.15297738319079737,0.15294892932625334,0.15292063133806394,0.1528924984131384,0.15286453977206335,0.15283676466340254,0.1528091823579345,0.1527818021428347,0.15275463331580727,0.15272768517917204,0.15270096703391287,0.15267448817369253,0.15264825787884054,0.15262228541031939,0.15259658000367476,0.1525711508629763,0.15254600715475392,0.15252115800193636,0.15249661247779664,0.15247237959991164,0.1524484683241401,0.15242488753862604,0.15240164605783238,0.15237875261661074,0.15235621586431308,0.15233404435895073,0.15231224656140555,0.1522908308296999,0.15226980541332943,0.15224917844766458,0.15222895794842595,0.1522091518062378,0.15218976778126594,0.15217081349794323,0.15215229643978856,0.1521342239443236,0.1521166031980911,0.15209944123178015,0.15208274491546192,0.15206652095393955,0.15205077588221744,0.15203551606109209,0.15202074767286938,0.15200647671721101,0.15199270900711384,0.151979450165025,0.15196670561909612,0.15195448059957906,0.1519427801353665,0.15193160905067915,0.15192097196190235,0.1519108732745747,0.1519013171805295,0.15189230765519232,0.1518838484550353,0.15187594311519037,0.1518685949472223,0.15186180703706312,0.15185558224310863,0.15184992319447815,0.15184483228943782,0.1518403116939885,0.15183636334061806,0.15183298892721867,0.15183018991616865,0.15182796753357947,0.1518263227687069,0.1518252563735262,0.15182476886247073,0.15182486051233304,0.15182553136232785,0.1518267812143155,0.15182860963318512,0.15183101594739556,0.1518339992496734,0.15183755839786536,0.15184169201594466,0.15184639849516837,0.15185167599538435,0.15185752244648518,0.15186393555000766,0.15187091278087445,0.15187845138927641,0.1518865484026924,0.15189520062804396,0.15190440465398283,0.15191415685330711,0.15192445338550448,0.1519352901994185,0.15194666303603577,0.15195856743138944,0.15197099871957753,0.15198395203589127,0.1519974223200508,0.1520114043195451,0.1520258925930714,0.15204088151407233,0.15205636527436558,0.15207233788786362,0.1520887931943791,0.15210572486351262,0.15212312639861933,0.1521409911408498,0.1521593122732626,0.15217808282500403,0.15219729567555118,0.1522169435590151,0.15223701906850007,0.15225751466051468,0.15227842265943206,0.1522997352619941,0.15232144454185756,0.1523435424541764,0.15236602084021864,0.1523888714320125,0.15241208585701893,0.15243565564282668,0.1524595722218664,0.1524838269361403,0.15250841104196325,0.15253331571471296,0.15255853205358438,0.15258405108634632,0.152609863774096,0.15263596101600835,0.15266233365407744,0.15268897247784602,0.15271586822912034,0.15274301160666778,0.15277039327089298,0.1527980038484908,0.15282583393707233,0.1528538741097618,0.15288211491976086,0.15291054690487813,0.15293916059202126,0.1529679465016486,0.1529968951521788,0.1530259970643544,0.153055242765559,0.1530846227940839,0.1531141277033435,0.15314374806603626,0.1531734744782493,0.15320329756350576,0.15323320797675088,0.15326319640827735,0.15329325358758614,0.1533233702871826,0.15335353732630513,0.15338374557458564,0.15341398595563985,0.1534442494505862,0.15347452710149218,0.15350481001474672,0.15353508936435722,0.15356535639517088,0.1535956024260181,0.15362581885277848,0.15365599715136719,0.15368612888064181,0.15371620568522865,0.1537462192982676,0.15377616154407556,0.1538060243407272,0.15383579970255348,0.15386547974255663,0.15389505667474207,0.15392452281636687,0.15395387059010374,0.15398309252612238,0.15401218126408592,0.1540411295550642,0.1540699302633632,0.1540985763682708,0.15412706096571993,0.15415537726986797,0.15418351861459417,0.15421147845491476,0.15423925036831646,0.15426682805600878,0.15429420534409613,0.15432137618466982,0.1543483346568213,0.15437507496757663,0.15440159145275387,0.1544278785777438,0.15445393093821452,0.15447974326074182,0.1545053104033658,0.15453062735607428,0.15455568924121543,0.15458049131383944,0.15460502896197117,0.1546292977068148,0.15465329320289162,0.15467701123811242,0.15470044773378575,0.15472359874456326,0.15474646045832383,0.15476902919599733,0.15479130141133013,0.15481327369059317,0.15483494275223447,0.15485630544647738,0.15487735875486608,0.15489809978976002,0.1549185257937784,0.1549386341391967,0.15495842232729645,0.15497788798766998,0.15499702887748168,0.15501584288068693,0.155034328007211,0.1550524823920889,0.1550703042945674,0.15508779209717163,0.15510494430473748,0.1551217595434105,0.15513823655961376,0.15515437421898604,0.15517017150529117,0.1551856275193006,0.1552007414776501,0.15521551271167258,0.15522994066620782,0.15524402489839084,0.1552577650764198,0.15527116097830562,0.15528421249060312,0.15529691960712633,0.15530928242764844,0.15532130115658746,0.15533297610167934,0.15534430767263874,0.15535529637980922,0.15536594283280367,0.15537624773913594,0.15538621190284435,0.15539583622310837,0.1554051216928592,0.1554140693973848,0.15542268051293057,0.1554309563052962,0.15543889812842915,0.15544650742301594,0.1554537857150713,0.15546073461452614,0.15546735581381466,0.1554736510864612,0.15547962228566709,0.15548527134289816,0.15549060026647324,0.15549561114015337,0.15550030612173302,0.15550468744163287,0.15550875740149456,0.1555125183727773,0.15551597279535725,0.1555191231761286,0.15552197208760768,0.15552452216653917,0.15552677611250493,0.15552873668653538,0.15553040670972285,0.15553178906183804,0.15553288667994797,0.1555337025570366,0.15553423974062722,0.15553450133140653,0.15553449048185086,0.15553421039485338,0.15553366432235277,0.1555328555639631,0.15553178746560425,0.15553046341813304,0.1555288868559749,0.15552706125575533,0.1555249901349313,0.15552267705042247,0.1555201255972415,0.15551733940712326,0.1555143221471535,0.15551107751839546,0.15550760925451515,0.1555039211204047,0.15550001691080353,0.15549590044891737,0.15549157558503446,0.15548704619513937,0.15548231617952374,0.15547738946139414,0.15547226998547672,0.15546696171661822,0.15546146863838428,0.155455794751654,0.1554499440732106,0.15544392063432913,0.15543772847936027,0.15543137166431087,0.15542485425542063,0.15541818032773597,0.15541135396367983,0.15540437925161887,0.15539726028442738,0.15539000115804835,0.155382605970052,0.1553750788181914,0.155367423798957,0.1553596450061279,0.15535174652932274,0.15534373245254882,0.15533560685275044,0.15532737379835698,0.1553190373478309,0.15531060154821638,0.1553020704336886,0.15529344802410477,0.15528473832355721,0.15527594531892872,0.15526707297845146,0.15525812525026944,0.1552491060610054,0.1552400193143327,0.15523086888955331,0.15522165864018175,0.15521239239253662,0.15520307394433971,0.15519370706332372,0.15518429548584972,0.15517484291553454,0.15516535302188883,0.15515582943896764,0.15514627576403267,0.1551366955562286,0.1551270923352732,0.15511746958016245,0.15510783072789205,0.15509817917219493,0.15508851826229658,0.15507885130168902,0.15506918154692345,0.15505951220642314,0.1550498464393174,0.15504018735429692,0.15503053800849145,0.1550209014063711,0.1550112804986716,0.15500167818134428,0.1549920972945315,0.15498254062156902,0.15497301088801466,0.1549635107607055,0.1549540428468428,0.15494460969310694,0.1549352137848013,0.1549258575450274,0.15491654333389054,0.1549072734477374,0.15489805011842567,0.15488887551262687,0.15487975173116175,0.1548706808083703,0.1548616647115153,0.15485270534022108,0.1548438045259469,0.1548349640314961,0.15482618555056146,0.15481747070730564,0.15480882105597923,0.15480023808057494,0.1547917231945187,0.15478327774039832,0.15477490298972926,0.15476660014275792,0.1547583703283028,0.15475021460363342,0.15474213395438663,0.15473412929452154,0.15472620146631175,0.15471835124037575,0.1547105793157455,0.15470288631997217,0.15469527280927012,0.15468773926869875,0.15468028611238124,0.15467291368376113,0.15466562225589606,0.15465841203178843,0.1546512831447529,0.15464423565882054,0.15463726956917936,0.15463038480265057,0.15462358121820105,0.15461685860749083,0.1546102166954561,0.15460365514092672,0.15459717353727814,0.15459077141311778,0.15458444823300427,0.1545782033982006,0.1545720362474599,0.15456594605784343,0.1545599320455705,0.15455399336690018,0.1545481291190434,0.15454233834110592,0.15453662001506147,0.15453097306675345,0.15452539636692678,0.1545198887322869,0.15451444892658758,0.15450907566174524,0.15450376759898043,0.15449852334998504,0.15449334147811553,0.15448822049960995,0.15448315888483058,0.1544781550595292,0.1544732074061355,0.15446831426506824,0.1544634739360676,0.15445868467954854,0.1544539447179746,0.1544492522372516,0.15444460538813934,0.15444000228768245,0.15443544102065804,0.15443091964104033,0.15442643617348112,0.15442198861480563,0.1544175749355227,0.15441319308134832,0.15440884097474292,0.15440451651645962,0.15440021758710462,0.1543959420487076,0.15439168774630171,0.1543874525095129,0.1543832341541564,0.15437903048384083,0.15437483929157825,0.15437065836139965,0.15436648546997503,0.15436231838823664,0.15435815488300525,0.15435399271861774,0.1543498296585561,0.1543456634670753,0.15434149191083124,0.1543373127605057,0.15433312379242867,0.1543289227901967,0.15432470754628622,0.15432047586366088,0.15431622555737187,0.15431195445615045,0.1543076604039915,0.15430334126172665,0.15429899490858698,0.15429461924375318,0.15429021218789307,0.15428577168468435,0.15428129570232274,0.15427678223501384,0.15427222930444706,0.15426763496125198,0.1542629972864349,0.1542583143927949,0.15425358442631862,0.15424880556755216,0.15424397603294954,0.15423909407619635,0.15423415798950763,0.1542291661048992,0.15422411679543066,0.1542190084764203,0.15421383960662904,0.15420860868941447,0.15420331427385248,0.1541979549558261,0.15419252937908037,0.1541870362362424,0.15418147426980588,0.1541758422730784,0.15417013909109153,0.15416436362147215,0.15415851481527462,0.15415259167777243,0.154146593269209,0.15414051870550655,0.15413436715893272,0.15412813785872315,0.15412183009166086,0.15411544320261025,0.15410897659500658,0.15410242973129876,0.15409580213334623,0.15408909338276888,0.15408230312124957,0.15407543105078852,0.15406847693391015,0.15406144059382096,0.15405432191451918,0.15404712084085473,0.15403983737854096,0.15403247159411668,0.15402502361485912,0.15401749362864753,0.15400988188377798,0.15400218868872878,0.15399441441187747,0.15398655948116902,0.15397862438373588,0.15397060966547066,0.15396251593055085,0.15395434384091708,0.15394609411570545,0.15393776753063396,0.15392936491734432,0.1539208871627,0.1539123352080409,0.15390371004839618,0.1538950127316559,0.15388624435770276,0.15387740607750466,0.15386849909217024,0.1538595246519677,0.15385048405530874,0.15384137864769917,0.15383220982065735,0.15382297901060202,0.1538136876977116,0.15380433740475624,0.15379492969590422,0.1537854661755048,0.15377594848684928,0.15376637831091203,0.1537567573650737,0.15374708740182808,0.1537373702074753,0.1537276076008026,0.15371780143175567,0.1537079535801021,0.15369806595408905,0.15368814048909746,0.1536781791462953,0.15366818391129142,0.15365815679279268,0.15364809982126662,0.1536380150476111,0.1536279045418347,0.15361777039174834,0.15360761470167136,0.15359743959115435,0.1535872471937199,0.15357703965562478,0.15356681913464432,0.15355658779888226,0.15354634782560714,0.15353610140011795,0.15352585071464037,0.15351559796725603,0.15350534536086663,0.15349509510219392,0.15348484940081833,0.15347461046825725,0.1534643805170845,0.1534541617600932,0.153443956409502,0.15343376667620806,0.15342359476908582,0.15341344289433467,0.15340331325487505,0.15339320804979475,0.15338312947384647,0.15337307971699624,0.15336306096402505,0.15335307539418233,0.15334312518089374,0.1533332124915214,0.15332333948717874,0.15331350832259893,0.15330372114605686,0.15329398009934542,0.15328428731780447,0.15327464493040355,0.15326505505987653,0.15325551982290866,0.1532460413303746,0.15323662168762672,0.15322726299483314,0.15321796734736354,0.15320873683622283,0.15319957354852978,0.15319047956804083,0.15318145697571636,0.15317250785032863,0.15316363426910848,0.15315483830843088,0.15314612204453568,0.15313748755428197,0.15312893691593496,0.15312047220998165,0.1531120955199743,0.15310380893339862,0.15309561454256468,0.15308751444551788,0.15307951074696746,0.15307160555923013,0.1530638010031858,0.15305609920924335,0.15304850231831277,0.15304101248278212,0.15303363186749538,0.15302636265072908,0.15301920702516447,0.15301216719885263,0.15300524539616972,0.15299844385875896,0.1529917648464573,0.152985210638203,0.1529787835329224,0.15297248585039175,0.15296631993207244,0.15296028814191626,0.15295439286713805,0.15294863651895318,0.15294302153327716,0.15293755037138476,0.15293222552052618,0.15292704949449765,0.1529220248341643,0.15291715410793297,0.1529124399121722,0.1529078848715782,0.15290349163948377,0.15289926289810857,0.15289520135874934,0.15289130976190704,0.15288759087735085,0.15288404750411563,0.15288068247043338,0.15287749863359504,0.1528744988797438,0.15287168612359675,0.152869063308095,0.15286663340398096,0.15286439940930244,0.15286236434884204,0.15286053127347227,0.1528589032594355,0.15285748340754846,0.15285627484233127,0.15285528071106122,0.15285450418275062,0.15285394844705008,0.15285361671307657,0.15285351220816748,0.15285363817656106,0.15285399787800344,0.15285459458628436,0.15285543158770143,0.15285651217945428,0.1528578396679707,0.15285941736716474,0.15286124859662925,0.15286333667976434,0.1528656849418429,0.1528682967080154,0.15287117530125588,0.15287432404025103,0.1528777462372344,0.1528814451957679,0.15288542420847323,0.1528896865547151,0.1528942354982388,0.15289907428476507,0.15290420613954442,0.15290963426487345,0.1529153618375765,0.15292139200645485,0.15292772788970654,0.15293437257231982,0.15294132910344266,0.15294860049373252,0.15295618971268748,0.15296409968596394,0.15297233329268195,0.1529808933627232,0.1529897826740231,0.15299900394986135,0.15300855985615305,0.15301845299874503,0.15302868592071867,0.15303926109970395,0.15305018094520703,0.15306144779595446,0.15307306391725817,0.15308503149840264,0.1530973526500587,0.15311002940172647,0.15312306369921042,0.15313645740212964,0.15315021228146625,0.15316433001715407,0.15317881219571247,0.1531936603079252,0.15320887574656936,0.15322445980419627,0.15324041367096627,0.15325673843254106,0.15327343506803512,0.15329050444802925,0.15330794733264808,0.15332576436970388,0.15334395609290896,0.15336252292015867,0.15338146515188686,0.15340078296949583,0.15342047643386247,0.15344054548392239,0.15346098993533358,0.15348180947922105,0.15350300368100453,0.1535245719793092,0.15354651368496228,0.15356882798007543,0.15359151391721476,0.15361457041865878,0.15363799627574565,0.1536617901483105,0.1536859505642126,0.15371047591895443,0.15373536447539146,0.15376061436353466,0.15378622358044425,0.15381218999021654,0.15383851132406243,0.1538651851804789,0.15389220902551198,0.1539195801931124,0.15394729588558242,0.15397535317411415,0.15400374899941827,0.15403248017244353,0.1540615433751852,0.15409093516158232,0.15412065195850308,0.15415069006681686,0.1541810456625526,0.15421171479814139,0.15424269340374339,0.15427397728865674,0.15430556214280786,0.1543374435383214,0.1543696169311685,0.15440207766289157,0.15443482096240493,0.1544678419478682,0.15450113562863182,0.15453469690725322,0.1545685205815802,0.15460260134690162,0.15463693379816207,0.15467151243223926,0.1547063316502819,0.15474138576010613,0.15477666897864817,0.15481217543447154,0.15484789917032596,0.15488383414575668,0.15491997423976125,0.15495631325349174,0.15499284491300053,0.15502956287202654,0.15506646071482055,0.15510353195900659,0.15514077005847748,0.15517816840632206,0.15521572033778153,0.15525341913323332,0.15529125802119856,0.15532923018137315,0.15536732874767778,0.15540554681132562,0.155443877423906,0.15548231360047987,0.15552084832268695,0.15555947454186037,0.15559818518214755,0.15563697314363517,0.15567583130547483,0.15571475252900893,0.15575372966089251,0.15579275553621072,0.15583182298158868,0.15587092481829182,0.15591005386531498,0.15594920294245732,0.155988364873382,0.15602753248865833,0.1560666986287839,0.15610585614718536,0.1561449979131958,0.1561841168150067,0.15622320576259308,0.1562622576906095,0.15630126556125548,0.15634022236710912,0.15637912113392613,0.15641795492340407,0.15645671683590917,0.15649540001316486,0.15653399764090017,0.15657250295145703,0.15661090922635484,0.15664920979881083,0.1566873980562157,0.15672546744256236,0.15676341146082734,0.15680122367530383,0.15683889771388432,0.1568764272702935,0.15691380610626876,0.15695102805368863,0.1569880870166476,0.1570249769734774,0.15706169197871248,0.15709822616500085,0.15713457374495826,0.1571707290129656,0.15720668634690946,0.15724244020986405,0.15727798515171582,0.1573133158107287,0.1573484269150506,0.1573833132841611,0.15741796983025869,0.1574523915595888,0.15748657357371185,0.1575205110707113,0.15755419934634105,0.15758763379511334,0.15762080991132602,0.15765372329002939,0.15768636962793367,0.1577187447242555,0.1577508444815055,0.15778266490621543,0.15781420210960606,0.1578454523081959,0.15787641182435072,0.1579070770867747,0.15793744463094272,0.15796751109947507,0.15799727324245424,0.15802672791768468,0.15805587209089572,0.15808470283588802,0.15811321733462408,0.15814141287726388,0.1581692868621451,0.1581968367957093,0.15822406029237449,0.15825095507435405,0.15827751897142375,0.1583037499206361,0.15832964596598392,0.15835520525801286,0.15838042605338407,0.15840530671438724,0.15842984570840535,0.15845404160733076,0.1584778930869348,0.15850139892618997,0.15852455800654702,0.1585473693111662,0.1585698319241046,0.15859194502945975,0.15861370791047022,0.15863511994857443,0.15865618062242776,0.15867688950687964,0.15869724627191037,0.1587172506815297,0.15873690259263676,0.15875620195384332,0.15877514880426008,0.15879374327224793,0.15881198557413437,0.158829876012896,0.15884741497680827,0.1588646029380633,0.1588814404513559,0.15889792815244075,0.15891406675665865,0.1589298570574357,0.15894529992475456,0.15896039630359907,0.15897514721237385,0.1589895537412993,0.15900361705078267,0.1590173383697672,0.15903071899405954,0.1590437602846368,0.15905646366593376,0.15906883062411276,0.15908086270531505,0.15909256151389709,0.15910392871065074,0.1591149660110105,0.15912567518324702,0.15913605804664935,0.15914611646969656,0.15915585236821952,0.15916526770355532,0.15917436448069364,0.15918314474641793,0.15919161058744158,0.1591997641285407,0.15920760753068486,0.15921514298916653,0.15922237273173118,0.15922929901670824,0.15923592413114576,0.15924225038894832,0.1592482801290204,0.15925401571341688,0.15925945952550055,0.15926461396810965,0.15926948146173525,0.15927406444271064,0.1592783653614138,0.15928238668048414,0.15928613087305474,0.15928960042100188,0.15929279781321262,0.15929572554387167,0.1592983861107693,0.15930078201363135,0.15930291575247246,0.15930478982597387,0.15930640672988713,0.15930776895546492,0.15930887898792007,0.15930973930491427,0.15931035237507746,0.15931072065655902
13.25,1.0050318545692647,1.0100662196917605,1.015104232545749,1.0201469222775625,1.0251952221223337,1.0302499801733624,1.0353119689443415,1.0403818938538003,1.0454604007477815,1.050548082564746,1.0556454852359085,1.0607531129045027,1.0658714325387386,1.071000878005374,1.0761418536637921,1.0812947375341728,1.0864598840876107,1.0916376267009948,1.0968282798148865,1.1020321408285365,1.1072494917625055,1.1124806007160992,1.1177257231438456,1.1229851029726343,1.1282589735787714,1.1335475586421035,1.1388510728924697,1.1441697227620569,1.149503706955745,1.1548532169501389,1.1602184374308333,1.1655995466763565,1.17099671689629,1.1764101145301809,1.1818399005131124,1.1872862305131249,1.1927492551450374,1.1982291201646984,1.2037259666471947,1.2092399311521072,1.2147711458785089,1.2203197388120515,1.2258858338661665,1.231469551019119,1.2370710064484094,1.2426903126637745,1.2483275786398438,1.2539829099493123,1.259656408897331,1.2653481746576636,1.2710583034110092,1.2767868884857838,1.28253402050153,1.288299787515032,1.2940842751691137,1.2998875668440295,1.3057097438112881,1.311550885389648,1.3174110691030037,1.3232903708399408,1.3291888650141666,1.3351066247258754,1.3410437219233469,1.3470002275643034,1.3529762117765147,1.358971744017115,1.3649868932300764,1.371021728001271,1.3770763167105522,1.3831507276802681,1.389245029319637,1.3953592902644005,1.4014935795111838,1.4076479665460002,1.4138225214663405,1.4200173150963116,1.4262324190942979,1.4324679060526346,1.438723849588814,1.4450003244277536,1.4512974064746893,1.457615172878275,1.4639537020835032,1.4703130738740888,1.4766933694039839,1.4830946712177198,1.4895170632593158,1.4959606308695148,1.5024254607711394,1.508911641042409,1.5154192610780735,1.5219484115382638,1.5284991842849918,1.535071672306266,1.541665969627825,1.548282171212518,1.554920372847408,1.5615806710186864,1.568263162774545,1.574967945576157,1.5816951171369706,1.588444775250539,1.5952170176071334,1.602011941599434,1.6088296441176009,1.6156702213340597,1.6225337684783674,1.6294203796025424,1.6363301473372598,1.6432631626393484,1.6502195145310299,1.6571992898313708,1.664202572880432,1.67122944525661,1.678279985487692,1.6853542687561331,1.6924523665991174,1.6995743466039277,1.706720272099197,1.7138902018425939,1.7210841897055154,1.7283022843553606,1.7355445289359603,1.7428109607467352,1.7501016109211704,1.7574165041051732,1.7647556581358923,1.7721190837215683,1.779506784122983,1.7869187548370584,1.7943549832831718,1.8018154484927167,1.8093001208024508,1.8168089615521583,1.8243419227871325,1.83189894696598,1.8394799666742383,1.847084904344275,1.8547136719819322,1.8623661709003507,1.8700422914614172,1.8777419128252149,1.8854649027078938,1.8932111171483361,1.9009804002839525,1.9087725841359686,1.9165874884045064,1.9244249202737538,1.9322846742275162,1.9401665318753916,1.9480702617898156,1.9559956193541914,1.9639423466222958,1.971910172189144,1.9798988110734594,1.9879079646118882,1.9959373203650692,2.003986552035649,2.0120553193983173,2.0201432682419087,2.0282500303236137,2.0363752233352908,2.0445184508818905,2.052679302471952,2.060857353520131,2.0690521653616902,2.0772632852788684,2.0854902465390355,2.093732568444499,2.1019897563938454,2.110261301954647,2.118546682947381,2.1268453635403635,2.1351567943555194,2.143480412584756,2.151815642116725,2.160161893673742,2.168518564958592,2.1768850408109786,2.1852606933733294,2.1936448822656835,2.202036954769354,2.210436246019078,2.2188420792033265,2.2272537657724643,2.235670605654431,2.244091887477606,2.2525168888005247,2.2609448763480886,2.269375106253939,2.27780682430862,2.2862392662131934,2.294671657837931,2.303103215485731,2.3115331461599102,2.3199606478359756,2.328384909737042,2.3368051126124803,2.34522042901946,2.353630023606926,2.3620330534031595,2.3704286681027864,2.3788160103565708,2.3871942160623574,2.3955624146567587,2.403919729407271,2.4122652777045293,2.4205981713543583,2.4289175168693315,2.4372224157594986,2.4455119648219967,2.4537852564292404,2.462041378815405,2.470279416360919,2.4784984498746985,2.4866975568738616,2.4948758118606684,2.5030322865964427,2.5111660503722453,2.519276170276079,2.5273617114564026,2.5354217373817685,2.543455310096376,2.5514614904713744,2.5594393384517433,2.567387913298586,2.5753062738267034,2.5831934786373023,2.5910485863457207,2.5988706558040575,2.606658746318606,2.6144119178620038,2.6221292312800193,2.6298097484929115,2.6374525326913054,2.645056648526548,2.652621162295497,2.6601451421197364,2.667627658119199,2.6750677825801983,2.682464590117882,2.6898171578331236,2.697124565463888,2.704385895531104,2.7116002334791056,2.718766667810689,2.725884290216859,2.7329521957013463,2.7399694826999728,2.7469352531949736,2.75384861282435,2.7607086709864044,2.7675145409395343,2.7742653398974295,2.780960189119811,2.787598213998822,2.7941785441412508,2.8007003134466943,2.807162660181858,2.813564727051114,2.8199056612635105,2.826184614596389,2.832400743455775,2.8385532089337446,2.8446411768629085,2.850663817868233,2.8566203074163616,2.8625098258626314,2.868331558495977,2.8740846955819057,2.879768432403748,2.885381969302358,2.890924511714489,2.8963952702099998,2.901793460528121,2.907118303612948,2.912369025648375,2.9175448580926484,2.922645037712733,2.9276688066186805,2.932615412298189,2.937484107651537,2.942274151027067,2.9469848062574084,2.9516153426966025,2.9561650352583118,2.9606331644552775,2.965019016440185,2.9693218830481025,2.973541061840646,2.977675856152012,2.9817255751370433,2.9856895338214375,2.989567053154259,2.9933574600628634,2.997060087510371,3.0006742745557857,3.0041993664168913,3.0076347145360094,3.010979676648718,3.014233616855633,3.0173959056973088,3.020465920232362,3.0234430441188596,3.026326667699052,3.029116188087482,3.031811009262539,3.034410542161471,3.036914204778902,3.0393214222688694,3.041631627050391,3.0438442589165744,3.0459587651472675,3.047974600625228,3.049891227955813,3.051708117590152,3.0534247479517655,3.0550406055666053,3.0565551851964514,3.057967989975616,3.059278531550902,3.0604863302247205,3.061590915101315,3.062591824235997,3.06348860478729,3.0642808131719126,3.064968015222455,3.065549786347684,3.066025711695311,3.0663953863171347,3.0666584153364136,3.0668144141173252,3.0668630084363944,3.0668038346557123,3.0666365398978237,3.066360782222108,3.065976230802496,3.065482566106358,3.0648794800744015,3.064166676301386,3.063343870217502,3.0624107892702046,3.0613671731063494,3.060212773754419,3.0589473558066667,3.0575706966009726,3.056082586402239,3.0544828285831036,3.052771239803798,3.050947650190942,3.04901190351507,3.0469638573667166,3.0448033833308172,3.0425303671592716,3.040144708941441,3.037646323272386,3.03503513941866,3.0323111014814392,3.029474168556819,3.0265243148930554,3.023461530044586,3.020285819022613,3.0169972024420955,3.0135957166649168,3.010081413939103,3.0064543625338525,3.0027146468702517,2.998862367647469,2.994897641964272,2.990820603435706,2.986631402304758,2.9823302055488643,2.977917196981095,2.973392577345878,2.9687565644091083,2.964009393042519,2.959151315302161,2.954182600500871,2.9491035352746158,2.9439144236425734,2.9386155870608555,2.9332073644697534,2.9276901123344197,2.9220642046788696,2.916330033113238,2.9104880068541834,2.9045385527383845,2.898482115229043,2.892319156415328,2.8860501560047145,2.879675611308154,2.8731960372180305,2.866611966178872,2.8599239481507643,2.853132550565469,2.84623835827519,2.8392419734940026,2.832144015731927,2.824945121721632,2.8176459453377944,2.810247157509108,2.8027494461229643,2.795153515922828,2.787460088398331,2.779669901668128,2.771783710355543,2.763802285457065,2.755726414203733,2.7475568999154665,2.7392945618484266,2.730940235035443,2.7224947701196087,2.7139590331811037,2.7053339055573407,2.696620283656517,2.6878190787646723,2.6789312168463395,2.6699576383389103,2.6608992979407993,2.6517571643935454,2.6425322202579444,2.6332254616843436,2.623837898177225,2.614370552354196,2.6048244596995325,2.5952006683123936,2.5855002386498644,2.5757242432649514,2.565873766539692,2.5559499044135126,2.5459537641069914,2.5358864638411838,2.525749132552658,2.515542909604402,2.505268944492765,2.494928396550588,2.484522434646701,2.4740522368819344,2.463518990281829,2.4529238904862005,2.442268141435733,2.4315529550557775,2.420779550937516,2.4099491560166744,2.399063004249949,2.388122336289325,2.377128399154464,2.366082445903319,2.354985735301179,2.3438395314882823,2.332645103646205,2.3214037256631745,2.3101166757984943,2.2987852363462475,2.2874106932984493,2.275994336007822,2.2645374568503605,2.253041350887859,2.2415073155305616,2.2299366502001097,2.2183306559929394,2.206690635344306,2.195017891693087,2.1833137291475233,2.171579452152062,2.1598163651554505,2.148025772280236,2.136208976993829,2.1243672817812684,2.112501987819842,2.100614394655706,2.0887057998826477,2.076777498823119,2.0648307842116953,2.052866945881079,2.040887270450787,2.028893041018646,2.016885536855221,2.0048660331013055,1.9928358004685864,1.9807961049436023,1.9687482074951113,1.9566933637849704,1.9446328238826498,1.9325678319834647,1.9204996261306433,1.9084294379413187,1.896358492336547,1.884288007275431,1.8722191934934485,1.860153254245064,1.8480913850507044,1.836034773448181,1.8239845987486238,1.8119420317970099,1.7999082347373443,1.7878843607825603,1.775871553989206,1.7638709490369626,1.7518836710130596,1.739910835201634,1.7279535468780773,1.7160129011084233,1.7040899825538054,1.6921858652800337,1.6803016125723187,1.6684382767551713,1.6565968990175166,1.6447785092430351,1.6329841258457582,1.6212147556109417,1.6094713935412197,1.5977550227080677,1.586066614108565,1.574407126527487,1.562777506404707,1.5511786877079248,1.53961159181071,1.528077127375865,1.5165761902440875,1.5051096633279348,1.493678416511067,1.4822833065527599,1.4709251769976643,1.459604858090796,1.4483231666977299,1.4370809062299739,1.4258788665754933,1.414717824034359,1.4035985412594805,1.392521767202398,1.3814882370640893,1.3704986722507533,1.3595537803345359,1.3486542550191452,1.337800776110322,1.3269940094911101,1.3162346071018818,1.3055232069250693,1.2948604329745483,1.2842468952896204,1.2736831899335417,1.2631698989965372,1.2527075906032454,1.2422968189245354,1.2319381241936294,1.2216320327264778,1.211379056946316,1.2011796954123408,1.1910344328524438,1.1809437401999316,1.1709080746341665,1.1609278796250584,1.1510035849813438,1.141135606902572,1.1313243480347368,1.1215701975294763,1.1118735311067731,1.1022347111210764,1.0926540866307783,1.0831319934709656,1.0736687543293755,1.0642646788254815,1.0549200635926277,1.0456351923631462,1.0364103360563723,1.0272457528694894,1.018141688371118,1.0090983755975862,1.0001160351517895,0.9911948753045782,0.982335092098585,0.9735368694544244,0.9648003792791814,0.9561257815771186,0.9475132245625235,0.9389628447746204,0.9304747671944722,0.922049105363796,0.9136859615056213,0.9053854266467093,0.8971475807416686,0.888972492798686,0.880860221006804,0.8728108128646709,0.8648243053106911,0.8569007248545059,0.8490400877097308,0.8412423999278855,0.8335076575334378,0.8258358466599002,0.8182269436869105,0.8106809153782224,0.8031977190205477,0.7957773025631794,0.7884196047583306,0.7811245553021291,0.7738920749761968,0.7667220757897607,0.759614461122225,0.7525691258661483,0.7455859565705668,0.7386648315845996,0.7318056212012832,0.7250081878015757,0.7182723859984734,0.711598062781187,0.7049850576593218,0.6984332028070095,0.6919423232069365,0.685512236794223,0.6791427546000965,0.6728336808953146,0.666584813333287,0.6603959430928512,0.6542668550206534,0.648197327773091,0.6421871339577732,0.6362360402744546,0.6303438076554025,0.624510191405154,0.6187349413396253,0.6130178019245333,0.6073585124130921,0.6017568069829474,0.5962124148723118,0.5907250605152691,0.5852944636762112,0.5799203395833762,0.5746023990614562,0.5693403486632427,0.564133890800282,0.5589827238725097,0.5538865423968389,0.5488450371346741,0.5438578952183242,0.5389248002762929,0.534045432557419,0.5292194690538464,0.5244465836228013,0.5197264471071541,0.5150587274547498,0.5104430898364825,0.5058791967631,0.50136670820072,0.49690528168504045,0.49249457243422967,0.48813423346048107,0.48382391568021843,0.4795632680229395,0.4753519375386842,0.47118956950411817,0.4670758075272188,0.46301029365055585,0.45899266845315667,0.45502257115094774,0.45109963969576505,0.44722351087292733,0.4433938203973651,0.43961020300830034,0.4358722925624733,0.4321797221259102,0.4285321240642315,0.4249291301314953,0.42137037155757595,0.4178554791340756,0.41438408329876847,0.4109558142185763,0.4075703018710788,0.40422717612455566,0.40092606681656595,0.3976666038310641,0.39444841717405793,0.39127113704780864,0.3881343939235804,0.3850378186129405,0.38198104233761726,0.37896369679791997,0.375985414239726,0.3730458275200432,0.37014457017115243,0.3672812764633381,0.3644555814662141,0.36166712110865384,0.3589155322373311,0.3562004526738816,0.35352152127069475,0.3508783779653433,0.3482706638336633,0.34569802114149145,0.3431600933950728,0.3406565253901487,0.3381869632597354,0.3357510545206061,0.3333484481184868,0.33097879447197887,0.3286417455152192,0.3263369547392924,0.32406407723240616,0.32182276971884227,0.31961269059669867,0.31743349997443315,0.3152848597062243,0.3131664334261619,0.3110778865812825,0.3090188864634615,0.3069891022401786,0.30498820498416984,0.30301586770197964,0.30107176536143004,0.2991555749180193,0.29726697534026575,0.29540564763401217,0.29357127486570533,0.29176354218466527,0.2899821368443602,0.2882267482227023,0.28649706784137874,0.28479278938423447,0.28311360871472097,0.2814592238924272,0.2798293351887077,0.27822364510142295,0.2766418583688086,0.275083681982487,0.27354882519963847,0.27203699955434574,0.2705479188681288,0.2690812992596837,0.2676368591538415,0.2662143192897624,0.2648134027283798,0.2634338348591102,0.262075343405843,0.26073765843222513,0.25942051234625646,0.25812363990420933,0.2568467782138876,0.25558966673723976,0.25435204729233973,0.2531336640547512,0.25193426355828813,0.25075359469518604,0.2495914087156988,0.2484474592271332,0.24732150219233626,0.24621329592764837,0.24512260110033535,0.24404918072551327,0.2429928001625783,0.2419532271111556,0.24093023160657887,0.23992358601491376,0.23893306502753764,0.23795844565528768,0.23699950722218993,0.23605603135877987,0.2351278019950285,0.234214605352883,0.23331622993843537,0.23243246653372923,0.23156310818821574,0.23070795020986992,0.22986679015597813,0.22903942782360684,0.2282256652397624,0.2274253066512535,0.22663815851426464,0.22586402948365136,0.2251027304019661,0.2243540742882246,0.22361787632642188,0.22289395385380614,0.22218212634892034,0.22148221541941973,0.22079404478967346,0.22011744028815886,0.21945222983465618,0.21879824342725268,0.21815531312916192,0.21752327305536764,0.21690195935909856,0.21629121021814215,0.2156908658210031,0.2151007683529147,0.21452076198170947,0.21395069284355506,0.21339040902856235,0.2128397605662722,0.21229859941102605,0.21176677942722724,0.21124415637449862,0.21073058789274168,0.21022593348710325,0.2097300545128547,0.20924281416018928,0.20876407743894257,0.20829371116324077,0.2078315839360823,0.20737756613385652,0.20693152989080518,0.2064933490834307,0.2060628993148551,0.20564005789913511,0.2052247038455363,0.20481671784277125,0.20441598224320565,0.20402238104703546,0.20363579988643982,0.2032561260097128,0.2028832482653783,0.2025170570862907,0.2021574444737252,0.20180430398146176,0.20145753069986463,0.20111702123996217,0.20078267371752898,0.20045438773717403,0.20013206437643757,0.19981560616990024,0.19950491709330634,0.19919990254770537,0.19890046934361338,0.19860652568519813,0.19831798115448965,0.19803474669561968,0.19775673459909207,0.19748385848608715,0.1972160332928021,0.19695317525483033,0.19669520189158213,0.1964420319907488,0.19619358559281308,0.19594978397560775,0.19571054963892534,0.19547580628918051,0.19524547882412796,0.19501949331763804,0.19479777700453205,0.19458025826547937,0.19436686661195932,0.1941575326712884,0.19395218817171725,0.19375076592759682,0.1935531998246184,0.1933594248051275,0.19316937685351496,0.19298299298168656,0.1928002112146135,0.19262097057596594,0.19244521107383072,0.19227287368651597,0.1921039003484447,0.19193823393613813,0.191775818254292,0.19161659802194697,0.19146051885875473,0.19130752727134245,0.19115757063977673,0.19101059720412877,0.19086655605114322,0.1907253971010115,0.19058707109425174,0.19045152957869732,0.19031872489659502,0.19018861017181488,0.19006113929717303,0.1899362669218693,0.1898139484390413,0.1896941399734355,0.18957679836919825,0.18946188117778684,0.18934934664600303,0.18923915370414945,0.18913126195431124,0.18902563165876302,0.18892222372850379,0.18882099971191973,0.18872192178357666,0.18862495273314372,0.18853005595444824,0.18843719543466372,0.188346335743632,0.1882574420233195,0.18817047997741004,0.1880854158610333,0.1880022164706317,0.18792084913396423,0.18784128170025027,0.18776348253045205,0.18768742048769757,0.1876130649278441,0.18754038569018283,0.18746935308828505,0.18739993790099024,0.18733211136353667,0.1872658451588342,0.18720111140888016,0.18713788266631803,0.18707613190613911,0.18701583251752724,0.18695695829584652,0.1868994834347723,0.18684338251856475,0.18678863051448452,0.18673520276535202,0.18668307498224765,0.18663222323735373,0.1865826239569387,0.1865342539144807,0.18648709022393195,0.186441110333123,0.1863962920173053,0.18635261337283185,0.18631005281097565,0.1862685890518846,0.18622820111867117,0.18618886833163786,0.1861505703026354,0.18611328692955392,0.18607699839094494,0.1860416851407742,0.18600732790330318,0.18597390766809824,0.1859414056851661,0.1859098034602142,0.18587908275003495,0.1858492255580116,0.1858202141297445,0.18579203094879693,0.18576465873255762,0.18573808042821915,0.18571227920887046,0.18568723846970128,0.18566294182431717,0.18563937310116344,0.1856165163400555,0.18559435578881434,0.18557287590000499,0.18555206132777619,0.18553189692479918,0.18551236773930352,0.1854934590122082,0.185475156174346,0.18545744484377863,0.1854403108232011,0.1854237400974331,0.18540771883099527,0.1853922333657677,0.18537727021872996,0.1853628160797787,0.18534885780962254,0.18533538243775033,0.18532237716047223,0.1853098293390303,0.18529772649777732,0.1852860563224209,0.18527480665833132,0.1852639655089112,0.18525352103402384,0.18524346154847918,0.18523377552057493,0.18522445157069065,0.18521547846993283,0.18520684513882885,0.18519854064606808,0.18519055420728756,0.185182875183901,0.1851754930819683,0.1851683975511043,0.18516157838342467,0.18515502551252705,0.18514872901250484,0.18514267909699383,0.18513686611824706,0.18513128056623865,0.18512591306779316,0.18512075438574005,0.18511579541809023,0.1851110271972342,0.18510644088915987,0.18510202779268797,0.1850977793387242,0.1850936870895263,0.18508974273798448,0.1850859381069144,0.18508226514836026,0.18507871594290787,0.18507528269900553,0.18507195775229182,0.18506873356492914,0.1850656027249415,0.18506255794555612,0.18505959206454659,0.1850566980435781,0.18505386896755205,0.18505109804395078,0.18504837860218,0.18504570409290869,0.18504306808740606,0.1850404642768741,0.18503788647177505,0.18503532860115354,0.18503278471195217,0.18503024896832018,0.1850277156509147,0.18502517915619357,0.18502263399570007,0.18502007479533783,0.18501749629463685,0.18501489334600896,0.18501226091399356,0.185009594074492,0.18500688801399143,0.18500413802877733,0.18500133952413428,0.18499848801353533,0.18499557911781941,0.18499260856435656,0.18498957218620127,0.1849864659212334,0.18498328581128715,0.18498002800126698,0.18497668873825257,0.1849732643705901,0.18496975134697222,0.1849661462155056,0.18496244562276665,0.18495864631284484,0.184954745126375,0.18495073899955738,0.18494662496316705,0.18494240014155108,0.1849380617516162,0.18493360710180418,0.1849290335910583,0.18492433870777858,0.18491952002876771,0.1849145752181676,0.1849095020263862,0.18490429828901603,0.18489896192574404,0.1848934909392534,0.1848878834141175,0.1848821375156869,0.18487625148896916,0.18487022365750225,0.18486405242222212,0.1848577362603244,0.1848512737241213,0.18484466343989328,0.1848379041067373,0.18483099449541054,0.1848239334471713,0.18481671987261716,0.1848093527505204,0.18480183112666232,0.18479415411266575,0.18478632088482672,0.1847783306829463,0.1847701828091623,0.18476187662678187,0.18475341155911532,0.18474478708831152,0.18473600275419602,0.18472705815311166,0.18471795293676227,0.18470868681106092,0.18469925953498167,0.18468967091941696,0.18467992082603985,0.18467000916617213,0.18465993589965932,0.1846497010337521,0.18463930462199526,0.18462874676312452,0.18461802759997178,0.18460714731837935,0.18459610614612323,0.18458490435184652,0.18457354224400274,0.1845620201698104,0.18455033851421837,0.18453849769888303,0.18452649818115754,0.1845143404530936,0.1845020250404562,0.18448955250175159,0.18447692342726907,0.18446413843813717,0.18445119818539382,0.18443810334907187,0.18442485463729977,0.1844114527854175,0.18439789855510924,0.18438419273355125,0.18437033613257703,0.18435632958785952,0.18434217395810937,0.18432787012429186,0.18431341898886078,0.1842988214750103,0.1842840785259451,0.18426919110416878,0.1842541601907907,0.1842389867848514,0.18422367190266759,0.184208216577195,0.18419262185741125,0.18417688880771765,0.18416101850736025,0.18414501204987033,0.1841288705425245,0.1841125951058239,0.18409618687299353,0.18407964698950044,0.18406297661259174,0.1840461769108521,0.18402924906378051,0.1840121942613866,0.18399501370380592,0.18397770860093443,0.1839602801720822,0.18394272964564592,0.18392505825879968,0.18390726725720502,0.18388935789473854,0.18387133143323808,0.1838531891422668,0.18383493229889455,0.18381656218749662,0.18379808009956974,0.18377948733356475,0.18376078519473565,0.1837419749950047,0.18372305805284306,0.1837040356931673,0.1836849092472503,0.18366568005264688,0.18364634945313377,0.18362691879866302,0.18360738944532862,0.18358776275534627,0.18356804009704486,0.1835482228448704,0.18352831237940098,0.1835083100873722,0.18348821736171358,0.18346803560159425,0.1834477662124777,0.18342741060618561,0.18340697020096958,0.18338644642159008,0.18336584069940293,0.1833451544724514,0.18332438918556457,0.18330354629046072,0.18328262724585487,0.18326163351757085,0.1832405665786563,0.18321942790950022,0.18319821899795288,0.183176941339447,0.18315559643711993,0.18313418580193533,0.18311271095280546,0.1830911734167114,0.18306957472882235,0.1830479164326118,0.18302620007997142,0.18300442723132115,0.18298259945571482,0.18296071833094155,0.18293878544362116,0.18291680238929406,0.18289477077250413,0.18287269220687466,0.18285056831517688,0.18282840072938927,0.18280619109074908,0.18278394104979348,0.18276165226639168,0.18273932640976578,0.18271696515850117,0.1826945702005453,0.1826721432331944,0.18264968596306802,0.18262720010607056,0.1826046873873395,0.18258214954118002,0.18255958831098523,0.1825370054491423,0.18251440271692335,0.18249178188436152,0.18246914473011097,0.1824464930412915,0.18242382861331669,0.18240115324970607,0.18237846876187994,0.18235577696893807,0.1823330796974206,0.18231037878105222,0.18228767606046886,0.18226497338292627,0.18224227260199174,0.1822195755772175,0.18219688417379618,0.182174200262199,0.18215152571779566,0.18212886242045617,0.18210621225413537,0.18208357710643905,0.18206095886817306,0.18203835943287394,0.18201578069632274,0.18199322455604153,0.18197069291077228,0.18194818765993903,0.1819257107030936,0.18190326393934453,0.18188084926676984,0.18185846858181423,0.18183612377867026,0.18181381674864447,0.1817915493795091,0.18176932355483869,0.18174714115333304,0.18172500404812655,0.1817029141060842,0.18168087318708517,0.18165888314329418,0.18163694581842116,0.18161506304696975,0.18159323665347576,0.18157146845173458,0.1815497602440209,0.18152811382029777,0.1815065309574194,0.18148501341832496,0.18146356295122643,0.18144218128879044,0.18142087014731395,0.1813996312258959,0.18137846620560424,0.18135737674864072,0.18133636449750154,0.1813154310741377,0.18129457807911362,0.18127380709076532,0.18125311966435972,0.18123251733125473,0.1812120015980616,0.18119157394581023,0.18117123582911784,0.1811509886753626,0.18113083388386225,0.18111077282505855,0.18109080683970927,0.18107093723808737,0.1810511652991888,0.18103149226994994,0.18101191936447472,0.18099244776327264,0.1809730786125092,0.18095381302326796,0.18093465207082665,0.1809155967939467,0.1808966481941781,0.18087780723517988,0.18085907484205652,0.18084045190071213,0.1808219392572219,0.18080353771722246,0.1807852480453216,0.1807670709645277,0.18074900715570041,0.1807310572570217,0.18071322186349031,0.18069550152643762,0.1806778967530677,0.18066040800602076,0.1806430357029615,0.1806257802161922,0.18060864187229186,0.1805916209517812,0.1805747176888146,0.18055793227089945,0.1805412648386426,0.18052471548552573,0.18050828425770882,0.180491971153863,0.1804757761250328,0.1804596990745277,0.18044373985784476,0.18042789828262104,0.18041217410861707,0.18039656704773127,0.18038107676404608,0.18036570287390533,0.18035044494602323,0.18033530250162577,0.18032027501462383,0.180305361911819,0.18029056257314094,0.180275876331918,0.18026130247517977,0.18024684024399235,0.18023248883382573,0.18021824739495423,0.18020411503288855,0.1801900908088409,0.18017617374022127,0.18016236280116696,0.1801486569231027,0.1801350549953333,0.18012155586566728,0.18010815834107163,0.1800948611883576,0.18008166313489676,0.18006856286936765,0.1800555590425317,0.1800426502680389,0.1800298351232625,0.18001711215016178,0.18000447985617354,0.17999193671513042,0.1799794811682066,0.1799671116248896,0.17995482646397842,0.1799426240346062,0.17993050265728783,0.1799184606249912,0.17990649620423205,0.1798946076361906,0.17988279313785033,0.17987105090315755,0.17985937910420097,0.17984777589241085,0.1798362393997762,0.17982476774008008,0.17981335901015089,0.17980201129113021,0.1797907226497549,0.17977949113965355,0.17976831480265545,0.17975719167011198,0.1797461197642284,0.17973509709940627,0.17972412168359414,0.1797131915196463,0.17970230460668854,0.17969145894148936,0.17968065251983587,0.17966988333791328,0.1796591493936868,0.17964844868828472,0.17963777922738172,0.17962713902258132,0.1796165260927961,0.17960593846562486,0.17959537417872495,0.17958483128117983,0.17957430783485892,0.17956380191577068,0.1795533116154057,0.17954283504207055,0.17953237032220948,0.17952191560171454,0.1795114690472212,0.17950102884739028,0.17949059321417316,0.1794801603840606,0.17946972861931346,0.17945929620917384,0.17944886147105688,0.1794384227517205,0.17942797842841307,0.179417526909998,0.17940706663805328,0.17939659608794675,0.17938611376988384,0.17937561822992873,0.17936510805099706,0.17935458185381947,0.1793440382978752,0.17933347608229452,0.17932289394672976,0.1793122906721933,0.17930166508186285,0.1792910160418518,0.1792803424619453,0.17926964329630074,0.17925891754411152,0.1792481642502348,0.17923738250578056,0.17922657144866408,0.17921573026411827,0.17920485818516826,0.17919395449306552,0.17918301851768204,0.17917204963786482,0.17916104728174823,0.17915001092702684,0.1791389401011853,0.1791278343816875,0.17911669339612357,0.17910551682231446,0.17909430438837498,0.17908305587273352,0.17907177110411035,0.1790604499614526,0.1790490923738274,0.17903769832027214,0.17902626782960288,0.17901480098017988,0.17900329789963196,0.17899175876453804,0.17898018380006778,0.17896857327958043,0.17895692752418282,0.17894524690224684,0.17893353182888588,0.17892178276539236,0.17891000021863476,0.17889818474041666,0.17888633692679673,0.17887445741737087,0.17886254689451742,0.17885060608260542,0.17883863574716685,0.178826636694034,0.1788146097684417,0.17880255585409605,0.17879047587221025,0.17877837078050798,0.17876624157219556,0.17875408927490374,0.17874191494959962,0.1787297196894704,0.17871750461877908,0.17870527089169377,0.17869301969109108,0.1786807522273352,0.17866846973703313,0.17865617348176763,0.17864386474680868,0.17863154483980476,0.17861921508945497,0.17860687684416326,0.1785945314706759,0.1785821803527031,0.17856982488952688,0.17855746649459545,0.17854510659410502,0.17853274662557236,0.178520388036397,0.17850803228241516,0.17849568082644776,0.17848333513684217,0.17847099668600963,0.17845866694896012,0.17844634740183538,0.1784340395204416,0.17842174477878295,0.17840946464759747,0.17839720059289654,0.17838495407450913,0.17837272654463227,0.17836051944638884,0.17834833421239438,0.17833617226333348,0.1783240350065481,0.1783119238346377,0.17829984012407385,0.17828778523382938,0.17827576050402427,0.17826376725458848,0.17825180678394392,0.1782398803677061,0.1782279892574068,0.17821613467923889,0.17820431783282437,0.1781925398900072,0.1781808019936708,0.1781691052565828,0.1781574507602669,0.1781458395539033,0.17813427265325898,0.1781227510396477,0.1781112756589222,0.178099847420498,0.17808846719641047,0.178077135820406,0.17806585408706754,0.178054622750976,0.1780434425259073,0.1780323140840666,0.17802123805536005,0.17801021502670417,0.17799924554137467,0.17798833009839357,0.1779774691519568,0.17796666311090123,0.17795591233821278,0.177945217150575,0.17793457781795935,0.17792399456325647,0.17791346756194942,0.1779029969418292,0.17789258278275172,0.17788222511643761,0.1778719239263138,0.17786167914739784,0.17785149066622408,0.17784135832081263,0.1778312819006798,0.17782126114689092,0.1778112957521549,0.17780138536096027,0.17779152956975205,0.1777817279271504,0.17777197993420907,0.17776228504471425,0.1777526426655228,0.17774305215694033,0.17773351283313715,0.1777240239626027,0.1777145847686369,0.17770519442987903,0.1776958520808717,0.17768655681266077,0.17767730767342912,0.17766810366916502,0.17765894376436206,0.1776498268827517,0.17764075190806683,0.17763171768483438,0.177622723019198,0.1776137666797675,0.17760484739849594,0.17759596387158166,0.17758711476039526,0.17757829869242941,0.17756951426227144,0.1775607600325958,0.17755203453517682,0.17754333627191948,0.17753466371590712,0.17752601531246429,0.17751738948023438,0.17750878461226974,0.177500199077133,0.17749163122000855,0.1774830793638221,0.17747454181036781,0.1774660168414401,0.17745750271996985,0.17744899769116323,0.17744049998364078,0.17743200781057644,0.1774235193708339,0.17741503285009974,0.17740654642201087,0.17739805824927504,0.1773895664847834,0.17738106927271255,0.1773725647496156,0.1773640510454997,0.17735552628488954,0.1773469885878741,0.17733843607113653,0.17732986684896465,0.17732127903424055,0.17731267073940937,0.1773040400774234,0.17729538516266255,0.17728670411182795,0.1772779950448089,0.17726925608552058,0.1772604853627122,0.1772516810107442,0.17724284117033293,0.17723396398926222,0.17722504762306077,0.17721609023564372,0.17720708999991897,0.17719804509835518,0.17718895372351287,0.17717981407853647,0.17717062437760717,0.17716138284635588,0.1771520877222359,0.1771427372548545,0.17713332970626383,0.17712386335121,0.17711433647734057,0.1771047473853705,0.17709509438920612,0.1770853758160276,0.17707559000633,0.17706573531392275,0.177055810105889,0.17704581276250353,0.1770357416771116,0.17702559525596848,0.17701537191804023,0.17700507009476715,0.17699468822979053,0.176984224778644,0.17697367820840995,0.17696304699734336,0.17695232963446333,0.1769415246191145,0.17693063046049964,0.17691964567718468,0.1769085687965787,0.17689739835439,0.1768861328940603,0.17687477096617965,0.17686331112788314,0.17685175194223218,0.17684009197758283,0.17682832980694274,0.17681646400731957,0.17680449315906338,0.17679241584520541,0.17678023065079523,0.17676793616224,0.17675553096664756,0.17674301365117662,0.17673038280239622,0.17671763700565776,0.17670477484448244,0.17669179489996623,0.17667869575020584,0.17666547596974863,0.17665213412906847,0.17663866879407167,0.17662507852563433,0.17661136187917528,0.1765975174042664,0.17658354364428377,0.17656943913610162,0.17655520240983302,0.1765408319886184,0.1765263263884652,0.17651168411814208,0.17649690367912818,0.17648198356562117,0.1764669222646066,0.17645171825598954,0.17643637001279153,0.1764208760014145,0.17640523468197403,0.17638944450870297,0.17637350393042767,0.17635741139111805,0.17634116533051342,0.17632476418482476,0.1763082063875148,0.17629149037015718,0.17627461456337537,0.17625757739786196,0.17624037730547903,0.17622301272044005,0.17620548208057357,0.17618778382866884,0.17616991641390256,0.1761518782933483,0.17613366793356608,0.17611528381227315,0.1760967244200944,0.17607798826239185,0.17605907386117178,0.17603997975706914,0.17602070451140647,0.17600124670832723,0.17598160495700055,0.17596177789389633,0.17594176418512827,0.17592156252886249,0.1759011716577898,0.1758805903416586,0.17585981738986595,0.17583885165410387,0.17581769203105826,0.1757963374651563,0.17577478695136037,0.17575303953800422,0.17573109432966794,0.17570895049008856,0.17568660724510188,0.1756640638856121,0.17564131977058495,0.1756183743300607,0.17559522706818248,0.17557187756623535,0.17554832548569296,0.17552457057126572,0.17550061265394776,0.17547645165405634,0.17545208758426115,0.1754275205525968,0.17540275076545553,0.17537777853055425,0.1753526042598721,0.17532722847255314,0.1753016517977699,0.17527587497754293,0.17524989886951126,0.1752237244496498,0.17519735281492868,0.17517078518590948,0.1751440229092744,0.1751170674602838,0.17508992044515714,0.175062583603373,0.1750350588098847,0.17500734807724597,0.1749794535576435,0.1749513775448317,0.17492312247596623,0.17489469093333163,0.17486608564596035,0.17483730949113835,0.17480836549579512,0.17477925683777323,0.17474998684697568,0.17472055900638636,0.1746909769529625,0.17466124447839454,0.17463136552973169,0.17460134420987103,0.17457118477790695,0.17454089164933906,0.17451046939613707,0.17447992274666038,0.17444925658543078,0.17441847595275714,0.17438758604421006,0.17435659220994654,0.17432549995388288,0.1742943149327153,0.17426304295478823,0.17423168997880922,0.174200262112411,0.17416876561056016,0.17413720687381357,0.1741055924464217,0.174073929014281,0.17404222340273454,0.1740104825742236,0.1739787136257899,0.173946923786431,0.17391512041430976,0.17388331099381996,0.17385150313250947,0.17381970455786433,0.17378792311395438,0.1737561667579442,0.17372444355647104,0.17369276168189354,0.17366112940841302,0.17362955510807165,0.17359804724662933,0.17356661437932425,0.17353526514651935,0.17350400826923926,0.17347285254460065,0.1734418068411411,0.1734108800940492,0.1733800813003013,0.17334941951370797,0.17331890383987578,0.17328854343108804,0.1732583474811092,0.17322832521991796,0.17319848590837347,0.17316883883281944,0.17313939329963127,0.17311015862971113,0.1730811441529357,0.173052359202562,0.1730238131095962,0.1729955151971305,0.17296747477465357,0.1729397011323392,0.17291220353531891,0.1728849912179436,0.17285807337803916,0.17283145917116155,0.17280515770485674,0.17277917803293003,0.1727535291497309,0.17272821998445795,0.17270325939548875,0.17267865616474054,0.17265441899206638,0.17263055648969142,0.1726070771766949,0.17258398947354248,0.1725613016966731,0.17253902205314672,0.17251715863535555,0.17249571941580516,0.17247471224196886,0.17245414483122007,0.1724340247658475,0.17241435948815642,0.172395156295661,0.1723764223363712,0.17235816460417866,0.17234038993434406,0.1723231049990921,0.17230631630331453,0.17229003018038747,0.17227425278810454,0.17225899010472942,0.1722442479251713,0.17223003185728578,0.17221634731830365,0.17220319953139107,0.17219059352234245,0.17217853411640957,0.17216702593526811,0.17215607339412453,0.17214568069896435,0.17213585184394423,0.17212659060892935,0.172117900557177,0.17210978503316854,0.17210224716059047,0.1720952898404651,0.172088915749433,0.17208312733818634,0.1720779268300554,0.17207331621974675,0.17206929727223555,0.17206587152180977,0.17206304027126876,0.17206080459127374,0.17205916531985166,0.17205812306205084,0.17205767818974876,0.17205783084161044,0.1720585809231972,0.1720599281072246,0.17206187183396834,0.17206441131181757,0.1720675455179732,0.17207127319929066,0.17207559287326535,0.17208050282915852,0.17208600112926295,0.17209208561030534,0.17209875388498397,0.17210600334363985,0.1721138311560584,0.1721222342734,0.1721312094302568,0.17214075314683316,0.17215086173124772,0.17216153128195377,0.17217275769027576,0.1721845366430589,0.17219686362542927,0.17220973392366087,0.17222314262814808,0.17223708463647838,0.17225155465660455,0.17226654721011145,0.17228205663557522,0.17229807709201111,0.17231460256240747,0.17233162685734116,0.17234914361867334,0.17236714632331981,0.17238562828709417,0.17240458266862022,0.17242400247330936,0.17244388055740087,0.17246420963206024,0.17248498226753348,0.17250619089735272,0.1725278278225909,0.17254988521616102,0.17257235512715735,0.17259522948523465,0.17261850010502236,0.17264215869057023,0.17266619683982218,0.17269060604911426,0.17271537771769516,0.1727405031522637,0.17276597357152207,0.17279178011074006,0.1728179138263285,0.17284436570041684,0.17287112664543422,0.17289818750868846,0.1729255390769416,0.17295317208097877,0.1729810772001661,0.17300924506699686,0.17303766627162132,0.1730663313663582,0.17309523087018489,0.17312435527320347,0.1731536950410804,0.17318324061945706,0.17321298243832783,0.173242910916385,0.17327301646532606,0.1733032894941227,0.1733337204132481,0.17336429963886102,0.1733950175969437,0.1734258647273929,0.17345683148806,0.17348790835874034,0.17351908584510814,0.17355035448259662,0.17358170484022017,0.17361312752433808,0.1736446131823575,0.17367615250637422,0.17370773623675004,0.17373935516562483,0.17377100014036262,0.17380266206692965,0.17383433191320385,0.17386600071221425,0.17389765956530934,0.17392929964525336,0.17396091219924992,0.17399248855189142,0.17402402010803433,0.17405549835559891,0.1740869148682929,0.17411826130825905,0.17414952942864567,0.17418071107609917,0.17421179819317947,0.1742427828206971,0.1742736570999716,0.17430441327501203,0.17433504369461825,0.1743655408144042,0.1743958971987418,0.17442610552262694,0.17445615857346675,0.17448604925278857,0.1745157705778713,0.17454531568329873,0.17457467782243602,0.17460385036882906,0.17463282681752756,0.1746616007863324,0.1746901660169678,0.17471851637617872,0.17474664585675462,0.17477454857847996,0.1748022187890121,0.17482965086468816,0.17485683931126067,0.17488377876456365,0.17491046399111002,0.1749368898886207,0.17496305148648722,0.17498894394616843,0.17501456256152245,0.17503990275907513,0.1750649600982256,0.1750897302713912,0.1751142091040916,0.17513839255497454,0.1751622767157833,0.17518585781126836,0.17520913219904358,0.1752320963693882,0.1752547469449967,0.1752770806806772,0.1752990944629996,0.17532078530989556,0.1753421503702106,0.17536318692321046,0.1753838923780429,0.17540426427315578,0.17542430027567324,0.17544399818073128,0.17546335591077394,0.1754823715148113,0.17550104316764042,0.17551936916903155,0.1755373479428792,0.17555497803632106,0.17557225811882465,0.17558918698124387,0.17560576353484594,0.17562198681031077,0.17563785595670295,0.1756533702404183,0.1756685290441059,0.1756833318655663,0.17569777831662756,0.175711868122,0.1757256011181105,0.17573897725191734,0.17575199657970716,0.1757646592658738,0.1757769655816814,0.17578891590401147,0.17580051071409503,0.17581175059623133,0.17582263623649289,0.1758331684214184,0.17584334803669424,0.17585317606582399,0.17586265358878897,0.17587178178069796,0.17588056191042842,0.17588899533925897,0.17589708351949387,0.17590482799307988,0.1759122303902161,0.17591929242795742,0.17592601590881143,0.17593240271932953,0.17593845482869283,0.1759441742872925,0.17594956322530553,0.17595462385126567,0.17595935845063007,0.1759637693843418,0.17596785908738846,0.17597163006735655,0.17597508490298305,0.17597822624270226,0.17598105680319046,0.17598357936790637,0.17598579678562876,0.17598771196899052,0.1759893278930101,0.17599064759361918,0.17599167416618763,0.17599241076404534,0.17599286059700056,0.1759930269298558,0.1759929130809197,0.17599252242051647,0.17599185836949188,0.1759909243977157,0.17598972402258148,0.17598826080750243,0.17598653836040445,0.1759845603322156,0.17598233041535188,0.17597985234220057,0.17597712988359884,0.1759741668473102,0.1759709670764964,0.17596753444818697,0.17596387287174456,0.17595998628732742,0.17595587866434828,0.1759515539999302,0.17594701631735926,0.1759422696645337,0.17593731811241087,0.1759321657534506,0.17592681670005628,0.17592127508301308,0.17591554504992424,0.1759096307636444,0.1759035364007119,0.1758972661497784,0.17589082421003752,0.17588421478965235,0.17587744210418166,0.1758705103750056,0.1758634238277513,0.17585618669071842,0.17584880319330495,0.17584127756443427,0.17583361403098302,0.17582581681621115,0.1758178901381937,0.17580983820825546,0.17580166522940865,0.17579337539479456,0.1757849728861287,0.17577646187215154,0.17576784650708405,0.17575913092908907,0.17575031925873974,0.17574141559749437,0.17573242402617967,0.17572334860348207,0.17571419336444807,0.17570496231899468,0.1756956594504298,0.17568628871398434,0.17567685403535566,0.17566735930926367,0.1756578083980205,0.17564820513011375,0.1756385532988047,0.1756288566607421,0.17561911893459176,0.1756093437996834,0.1755995348946753,0.17558969581623676,0.17557983011775039,0.17556994130803413,0.1755600328500834,0.17555010815983527,0.17554017060495447,0.17553022350364192,0.17552027012346702,0.1755103136802242,0.17550035733681413,0.17549040420215037,0.1754804573300929,0.1754705197184077,0.17546059430775418,0.17545068398070077,0.17544079156076933,0.17543091981150857,0.17542107143559782,0.17541124907398067,0.17540145530503015,0.17539169264374505,0.17538196354097857,0.17537227038269912,0.1753626154892844,0.17535300111484842,0.17534342944660303,0.17533390260425286,0.1753244226394257,0.17531499153513672,0.17530561120528915,0.1752962834942097,0.17528701017622014,0.1752777929552449,0.17526863346445537,0.17525953326595006,0.17525049385047242,0.17524151663716492,0.17523260297336046,0.17522375413441116,0.1752149713235543,0.1752062556718155,0.17519760823794975,0.1751890300084197,0.17518052189741143,0.17517208474688797,0.17516371932667998,0.1751554263346141,0.17514720639667866,0.17513906006722643,0.17513098782921477,0.1751229900944828,0.17511506720406525,0.17510721942854307,0.17509944696843086,0.17509174995460003,0.17508412844873883,0.1750765824438471,0.1750691118647679,0.17506171656875313,0.17505439634606518,0.1750471509206124,0.17503997995061973,0.17503288302933226,0.1750258596857536,0.1750189093854163,0.1750120315311858,0.17500522546409672,0.1749984904642206,0.17499182575156588,0.17498523048700815,0.17497870377325167,0.1749722446558204,0.17496585212407895,0.17495952511228213,0.17495326250065346,0.1749470631164916,0.17494092573530334,0.17493484908196455,0.17492883183190636,0.17492287261232747,0.17491697000343115,0.17491112253968644,0.17490532871111342,0.1748995869645911,0.17489389570518768,0.17488825329751256,0.1748826580670892,0.17487710830174813,0.17487160225303938,0.17486613813766394,0.17486071413892287,0.17485532840818355,0.17484997906636263,0.17484466420542474,0.17483938188989526,0.174834130158388,0.17482890702514542,0.17482371048159137,0.1748185384978956,0.1748133890245483,0.17480825999394484,0.17480314932197918,0.17479805490964503,0.1747929746446446,0.17478790640300282,0.17478284805068697,0.17477779744523067,0.17477275243736107,0.17476771087262818,0.1747626705930358,0.17475762943867254,0.17475258524934245,0.17474753586619374,0.1747424791333452,0.17473741289950862,0.1747323350196064,0.17472724335638407,0.17472213578201548,0.17471701017970015,0.1747118644452522,0.17470669648867893,0.17470150423574862,0.17469628562954623,0.17469103863201618,0.1746857612254905,0.17468045141420221,0.17467510722578194,0.17466972671273792,0.17466430795391613,0.17465884905594262,0.1746533481546437,0.17464780341644548,0.17464221303975028,0.17463657525628928,0.1746308883324504,0.17462515057058034,0.1746193603102597,0.17461351592955027,0.1746076158462133,0.17460165851889792,0.17459564244829892,0.17458956617828222,0.17458342829697804,0.17457722743783988,0.17457096228066957,0.174564631552606,0.17455823402907814,0.17455176853472065,0.1745452339442513,0.17453862918331003,0.1745319532292579,0.17452520511193634,0.17451838391438515,0.17451148877351874,0.17450451888076063,0.1744974734826346,0.17449035188131293,0.17448315343512036,0.17447587755899396,0.1744685237248982,0.17446109146219527,0.17445358035796896,0.174445990057304,0.17443832026351858,0.1744305707383512,0.17442274130210098,0.17441483183372178,0.17440684227087008,0.17439877260990588,0.17439062290584853,0.17438239327228516,0.17437408388123438,0.17436569496296317,0.17435722680575985,0.17434867975566107,0.1743400542161347,0.17433135064771876,0.17432256956761713,0.1743137115492522,0.17430477722177581,0.17429576726953835,0.17428668243151804,0.1742775235007101,0.1742682913234774,0.17425898679886365,0.1742496108778695,0.1742401645626935,0.17423064890593876,0.1742210650097863,0.17421141402513657,0.174201697150721,0.1741919156321835,0.1741820707611353,0.17417216387418305,0.1741621963519326,0.17415216961796962,0.1741420851378186,0.17413194441788257,0.17412174900436453,0.17411150048217228,0.17410120047380945,0.17409085063825294,0.17408045266981997,0.1740700082970261,0.1740595192814357,0.17404898741650723,0.1740384145264353,0.17402780246499097,0.1740171531143626,0.17400646838399889,0.17399575020945637,0.1739850005512528,0.1739742213937287,0.17396341474391913,0.17395258263043678,0.17394172710236888,0.1739308502281902,0.17391995409469257,0.17390904080593406,0.1738981124822088,0.17388717125903957,0.17387621928619412,0.17386525872672798,0.1738542917560545,0.17384332056104324,0.17383234733914996,0.1738213742975772,0.17381040365246878,0.1737994376281383,0.17378847845633372,0.17377752837553814,0.17376658963030897,0.1737556644706556,0.17374475515145663,0.17373386393191825,0.17372299307507316,0.1737121448473219,0.17370132151801654,0.17369052535908727,0.17367975864471244,0.17366902365103215,0.1736583226559056,0.1736476579387127,0.17363703178019904,0.17362644646236508,0.17361590426839935,0.17360540748265368,0.17359495839066308,0.17358455927920682,0.17357421243641208,0.1735639201518984,0.173553684716963,0.17354350842480532,0.17353339357079034,0.17352334245274953,0.17351335737131793,0.17350344063030704,0.17349359453711077,0.17348382140314472,0.17347412354431566,0.17346450328152108,0.17345496294117624,0.17344550485576732,0.17343613136442898,0.17342684481354434,0.17341764755736555,0.17340854195865274,0.1733995303893297,0.17339061523115412,0.17338179887639987,0.17337308372854968,0.17336447220299578,0.17335596672774597,0.17334756974413323,0.1733392837075267,0.17333111108804075,0.17332305437124124,0.17331511605884495,0.17330729866941158,0.17329960473902417,0.1732920368219568,0.17328459749132682,0.1732772893397289,0.17327011497984918,0.17326307704505645,0.17325617818996858,0.17324942109099203,0.1732428084468312,0.17323634297896678,0.17323002743209961,0.173223864574559,0.17321785719867253,0.17321200812109588,0.17320632018310045,0.17320079625081686,0.17319543921543248,0.17319025199334134,0.1731852375262445,0.17318039878119906,0.17317573875061498,0.17317126045219727,0.17316696692883315,0.17316286124842145,0.1731589465036449,0.17315522581168238,0.1731517023138613,0.17314837917524867,0.17314525958417992,0.17314234675172516,0.17313964391109174,0.1731371543169628,0.17313488124477153,0.17313282798991045,0.17313099786687597,0.17312939420834722,0.17312802036420055,0.17312687970045826,0.17312597559817264,0.17312531145224594,0.17312489067018547,0.17312471667079543,0.17312479288280586,0.17312512274343908,0.17312570969691485,0.1731265571928949,0.17312766868486795,0.17312904762847656,0.17313069747978685,0.17313262169350205,0.17313482372112227,0.173137307009051,0.17314007499665038,0.1731431311142471,0.17314647878109016,0.17315012140326294,0.17315406237155115,0.17315830505926857,0.17316285282004318,0.17316770898556486,0.1731728768632984,0.17317835973416212,0.17318416085017604,0.1731902834320815,0.17319673066693433,0.17320350570567417,0.17321061166067292,0.17321805160326437,0.17322582856125782,0.17323394551643834,0.17324240540205624,0.17325121110030842,0.17326036543981474,0.17326987119309134,0.17327973107402447,0.17328994773534692,0.17330052376612037,0.17331146168922595,0.17332276395886612,0.17333443295808035,0.1733464709962775,0.17335888030678764,0.1733716630444362,0.17338482128314217,0.17339835701354492,0.17341227214066005,0.17342656848156873,0.17344124776314185,0.1734563116198025,0.17347176159132827,0.1734875991206968,0.17350382555197638,0.17352044212826398,0.17353744998967352,0.173554850171376,0.17357264360169405,0.17359083110025303,0.1736094133761905,0.17362839102642666,0.17364776453399675,0.17366753426644824,0.17368770047430415,0.17370826328959396,0.1737292227244548,0.17375057866980287,0.17377233089407837,0.17379447904206405,0.17381702263377916,0.17383996106345048,0.1738632935985608,0.17388701937897655,0.17391113741615546,0.1739356465924352,0.17396054566040373,0.17398583324235176,0.17401150782980918,0.1740375677831647,0.17406401133137006,0.17409083657172855,0.1741180414697694,0.17414562385920618,0.17417358144198203,0.17420191178839928,0.17423061233733522,0.17425968039654297,0.1742891131430378,0.17431890762356822,0.17434906075517176,0.17437956932581505,0.1744104299951175,0.1744416392951583,0.17447319363136546,0.17450508928348718,0.1745373224066438,0.1745698890324598,0.1746027850702753,0.17463600630843515,0.17466954841565546,0.17470340694246575,0.17473757732272613,0.17477205487521721,0.17480683480530287,0.17484191220666304,0.17487728206309616,0.17491293925038895,0.1749488785382527,0.1749850945923238,0.17502158197622744,0.17505833515370228,0.17509534849078465,0.17513261625805052,0.17517013263291306,0.17520789170197448,0.1752458874634297,0.17528411382952022,0.17532256462903642,0.1753612336098656,0.1754001144415847,0.1754392007180949,0.17547848596029633,0.17551796361880082,0.17555762707668066,0.175597469652251,0.1756374846018843,0.17567766512285368,0.17571800435620452,0.1757584953896506,0.17579913126049382,0.17583990495856502,0.17588080942918283,0.17592183757613009,0.1759629822646447,0.17600423632442222,0.17604559255262925,0.17608704371692527,0.17612858255848962,0.17617020179505333,0.17621189412393243,0.17625365222506106,0.1762954687640226,0.17633733639507615,0.17637924776417732,0.17642119551199054,0.17646317227689112,0.17650517069795565,0.17654718341793776,0.17658920308622908,0.17663122236180157,0.17667323391613085,0.17671523043609852,0.1767572046268713,0.17679914921475548,0.17684105695002517,0.17688292060972294,0.17692473300043035,0.1769664869610081,0.17700817536530336,0.17704979112482286,0.17709132719137116,0.17713277655965173,0.17717413226982986,0.17721538741005619,0.17725653511895,0.17729756858804002,0.17733848106416245,0.1773792658518151,0.17741991631546555,0.1774604258818141,0.1775007880420085,0.17754099635381107,0.17758104444371658,0.17762092600902024,0.1776606348198347,0.17770016472105607,0.17773950963427704,0.1777786635596476,0.17781762057768244,0.17785637485101322,0.1778949206260874,0.17793325223481085,0.17797136409613593,0.17800925071759222,0.17804690669676196,0.17808432672269792,0.17812150557728465,0.17815843813654222,0.17819511937187238,0.17823154435124686,0.178267708240338,0.17830360630359107,0.17833923390523884,0.1783745865102575,0.17840965968526484,0.1784444490993601,0.1784789505249058,0.1785131598382514,0.1785470730203993,0.1785806861576126,0.1786139954419661,0.17864699717183935,0.17867968775235232,0.17871206369574488,0.17874412162169923,0.17877585825760609,0.17880727043877487,0.1788383551085887,0.17886910931860328,0.178899530228592,0.17892961510653618,0.17895936132856088,0.1789887663788183,0.17901782784931725,0.17904654343970072,0.17907491095697128,0.1791029283151652,0.17913059353497574,0.17915790474332607,0.17918486017289284,0.17921145816158043,0.17923769715194723,0.17926357569058396,0.1792890924274449,0.17931424611513325,0.17933903560814016,0.17936345986203966,0.17938751793263896,0.17941120897508533,0.1794345322429306,0.17945748708715376,0.17948007295514268,0.17950228938963508,0.179524136027621,0.17954561259920584,0.1795667189264369,0.17958745492209177,0.179607820588432,0.1796278160159213,0.1796474413819098,0.17966669694928536,0.1796855830650927,0.1797041001591212,0.17972224874246284,0.17974002940604103,0.17975744281911088,0.17977448972773288,0.17979117095322011,0.17980748739056107,0.17982344000681766,0.17983902983950134,0.17985425799492702,0.17986912564654636,0.17988363403326213,0.17989778445772328,0.17991157828460413,0.1799250169388664,0.17993810190400705,0.17995083472029272,0.17996321698298118,0.179975250340532,0.17998693649280714,0.17999827718926315,0.1800092742271352,0.1800199294496156,0.18003024474402726,0.1800402220399931,0.18004986330760345,0.18005917055558227,0.18006814582945366,0.1800767912097095,0.1800851088099804,0.1800931007752103,0.1801007692798368,0.18010811652597805,0.180115144741628
13.75,1.0045154466282777,1.009085181801798,1.0137067226829444,1.0183777656577149,1.0230961719052138,1.0278599543109608,1.0326672655872895,1.0375163874783848,1.0424057209402628,1.0473337771974887,1.0522991695886688,1.0573006061219732,1.062336882670162,1.0674068767419722,1.0725095417733133,1.0776439018876753,1.0828090470803582,1.0880041287859137,1.0932283557924272,1.0984809904700334,1.103761345284447,1.1090687795693375,1.1144026965340559,1.1197625404856593,1.1251477942463302,1.13055797674924,1.135992640797609,1.1414513709732867,1.1469337816825456,1.1524395153279992,1.1579682405967,1.1635196508554253,1.1690934626450795,1.1746894142668785,1.1803072644537242,1.1859467911208037,1.1916077901900015,1.1972900744832269,1.2029934726802125,1.2087178283367344,1.214462998959573,1.2202288551348581,1.2260152797067174,1.2318221670034182,1.237649422108422,1.2434969601739707,1.2493647057750135,1.2552525923014397,1.2611605613867494,1.2670885623713954,1.2730365517991673,1.2790044929450786,1.284992355373322,1.291000114523921,1.2970277513268034,1.3030752518420659,1.309142606925257,1.3152298119165722,1.321336866352875,1.327463773701479,1.3336105411148158,1.3397771792048545,1.345963701836413,1.3521701259384296,1.3583964713322902,1.3646427605763303,1.3709090188256392,1.3771952737063187,1.3835015552033536,1.3898278955612673,1.3961743291967477,1.402540892622438,1.4089276243810962,1.415334564989334,1.4217617568901624,1.4282092444135708,1.4346770737443912,1.4411652928966867,1.447673951693938,1.4542031017543027,1.46075279648022,1.4673230910516748,1.4739140424224233,1.480525709318504,1.4871581522383788,1.493811433454048,1.5004856170125218,1.5071807687370251,1.5138969562273397,1.5206342488587203,1.527392717778811,1.5341724359020348,1.540973477900933,1.5477959201939615,1.5546398409292774,1.561505319964061,1.568392438838943,1.575301280747152,1.5822319304979864,1.5891844744742747,1.59615900058349,1.6031555982022199,1.6101743581137276,1.6172153724383413,1.6242787345564729,1.6313645390240534,1.6384728814802345,1.64560385854721,1.6527575677220492,1.6599341072604505,1.6671335760523676,1.6743560734894685,1.6816016993244258,1.6888705535220538,1.6961627361023426,1.703478346975455,1.7108174857687817,1.7181802516461702,1.725566743119472,1.7329770578525703,1.7404112924580721,1.7478695422868697,1.7553519012108025,1.7628584613986535,1.7703893130857604,1.7779445443375064,1.785524240806998,1.793128485487247,1.8007573584581673,1.808410936628752,1.816089293474771,1.823792498772361,1.8315206183278834,1.839273713704441,1.8470518419454496,1.8548550552956642,1.8626834009200772,1.870536920621101,1.8784156505544563,1.886319620944195,1.8942488557972788,1.9022033726181524,1.9101831821237338,1.9181882879592569,1.9262186864153883,1.9342743661470552,1.9423553078943998,1.9504614842062837,1.958592859166761,1.9667493881249238,1.974931017428527,1.983137684161793,1.9913693158877743,1.9996258303956678,2.0079071354534417,2.016213128566138,2.02454369674021,2.032898716254219,2.0412780524362324,2.0496815594482314,2.058109080077838,2.0665604455376414,2.07503547527241,2.08353397677445,2.0920557454073543,2.1006005642383836,2.1091682038796895,2.1177584223385955,2.126370964877113,2.135005563880879,2.1436619387376563,2.1523397957255566,2.1610388279111015,2.1697587150572346,2.1784991235413838,2.1872597062836454,2.1960401026851595,2.204839938576723,2.213658826177668,2.2224963640650297,2.231352137152995,2.24022571668263,2.2491166602218464,2.258024511675568,2.2669488013060413,2.2758890457632166,2.2848447481251095,2.2938153979480496,2.3028004713267,2.311799430963722,2.3208117262489516,2.32983679334793,2.3388740552996334,2.3479229221232267,2.3569827909336536,2.3660530460658777,2.3751330592075632,2.384222189539996,2.393319783887019,2.4024251768717693,2.411537691080568,2.420656637234816,2.4297813143695115,2.438911010018557,2.448045000406611,2.457182550647183,2.466322914946709,2.475465336814325,2.4846090492770303,2.4937532750999885,2.502897227011651,2.512040107933424,2.521181111213583,2.530319420865141,2.539454211807373,2.548584650110709,2.557709893244686,2.566829090328685,2.5759413823851456,2.5850459025949704,2.594141776554834,2.603228122536106,2.6123040517451135,2.6213686685844477,2.6304210709150597,2.6394603503188536,2.64848559236153,2.6574958768553985,2.6664902781219233,2.675467865253736,2.6844277023758805,2.693368848906044,2.7022903598135555,2.7111912858769163,2.7200706739396523,2.728927567164272,2.737761005284144,2.7465700248530758,2.7553536594924313,2.7641109401356037,2.7728408952696655,2.7815425511740455,2.7902149321560836,2.7988570607833063,2.8074679581123094,2.8160466439141114,2.824592136895858,2.8331034549187866,2.8415796152123423,2.850019634584359,2.8584225296272296,2.866787316919999,2.875113013226306,2.8833986356881436,2.8916432020153753,2.8998457306709877,2.9080052410520487,2.9161207536663554,2.924191290304768,2.93221587420923,2.940193530236481,2.9481232850174823,2.956004167112587,2.9638352071624765,2.971615438034915,2.9793438949673643,2.9870196157055258,2.9946416406378566,3.002209012926146,3.0097207786322193,3.017175986840853,3.0245736897790043,3.031912942931423,3.03919280515278,3.046412338776389,3.053570609719651,3.0606666875863406,3.0676996457658334,3.0746685615294282,3.0815725161238734,3.088410594862236,3.0951818872122576,3.1018854868823214,3.108520491905192,3.1150860047196574,3.121581132250229,3.128004985985046,3.1343566820521405,3.1406353412942067,3.1468400893420387,3.152970056686781,3.159024378751154,3.165002195959813,3.1709026538089775,3.1767249029355114,3.1824680991855883,3.1881314036831054,3.1937139828979877,3.199215008714548,3.2046336585000375,3.209969115173542,3.21522056727536,3.2203872090370114,3.225468240452017,3.2304628673475717,3.2353703014572592,3.2401897604949235,3.244920468229842,3.2495616545632906,3.254112555606646,3.2585724137611187,3.2629404777992383,3.2672160029481847,3.2713982509750634,3.2754864902742176,3.2794799959566743,3.283378049941787,3.28717994105117,3.290884965104983,3.294492425020633,3.298001630913955,3.301411900202921,3.304722557713921,3.3079329357906615,3.3110423744057096,3.3140502212747163,3.3169558319733277,3.3197585700568104,3.322457807182395,3.325052923234329,3.327543306451654,3.329928353558666,3.3322074698980737,3.3343800695667967,3.336445575554394,3.33840341988408,3.340253043756271,3.341993897694628,3.3436254416945292,3.345147145373906,3.346558488126384,3.3478589592766377,3.349048058237895,3.350125294671482,3.351090188648346,3.3519422708124225,3.35268108254577,3.353306176135349,3.353817114941343,3.3542134735668836,3.3544948380290758,3.3546608059311875,3.3547109866358626,3.354645001439237,3.354462483745804,3.3541630792438912,3.353746446081592,3.3532122550430197,3.3525601897247026,3.3517899467119907,3.350901235755291,3.3498937799459823,3.3487673158918394,3.3475215938918046,3.3461563781099293,3.344671446748324,3.3430665922189475,3.341341621314045,3.339496355375085,3.337530630460007,3.3354442975086065,3.333237222505888,3.3309092866432084,3.328460386477034,3.3258904340851414,3.3231993572200893,3.320387099459785,3.317453620354983,3.314398895573534,3.3112229170412264,3.307925693079054,3.304507248536741,3.300967624922359,3.2973068805278962,3.293525090550592,3.289622347209911,3.28559875985999,3.2814544550974105,3.277189576864166,3.2728042865456564,3.2682987630636053,3.263673202963739,3.258927820498109,3.2540628477019427,3.2490785344648736,3.243975148596465,3.2387529758858986,3.2334123201557112,3.2279535033095024,3.222376865373489,3.216682764531833,3.2108715771556358,3.204943697825535,3.1988995393478095,3.192739532763929,3.186464127353479,3.1800737906303946,3.1735690083324517,3.166950284403964,3.1602181409716326,3.1533731183135196,3.1464157748210986,3.139346686954367,3.1321664491899766,3.1248756739623818,3.11747499159799,3.109965050242299,3.102346515780023,3.0946200717482184,3.0867864192424106,3.078846276815733,3.0708003803711192,3.0626494830465423,3.054394355093365,3.04603578374781,3.0375745730956107,3.0290115439298764,3.020347533602236,3.011583395867298,3.002720000720514,2.9937582342294906,2.984698998358827,2.9755432107885613,2.9662918047262967,2.956945728713099,2.947505946423249,2.937973436457949,2.928349192133076,2.9186342212610876,2.908829545927183,2.8989362022598337,2.888955240195788,2.8788877232396732,2.8687347282183198,2.8584973450299143,2.8481766763881304,2.8377738375613486,2.8272899561071063,2.8167261716019176,2.806083635366589,2.7953635101871828,2.7845669700317677,2.773695199763102,2.7627493948473947,2.7517307610592976,2.7406405141832813,2.7294798797115405,2.7182500925385944,2.706952396652727,2.695588044824437,2.6841582982920458,2.672664426444626,2.66110770650242,2.649489423194893,2.637810868436602,2.6260733410010286,2.614278146192547,2.602426595516685,2.5905200063488505,2.5785597016016757,2.56654700939115,2.554483262701705,2.5423697990504097,2.530207960150444,2.5179990915740036,2.5057445424148166,2.4934456649504018,2.4811038143042596,2.4687203481081323,2.456296626164504,2.443834010109482,2.431333863076236,2.4187975493591245,2.4062264340786763,2.3936218828475733,2.38098526143778,2.368317935448969,2.355621269978388,2.3428966292923064,2.330145376499193,2.317368873224748,2.3045684792889385,2.2917455523851675,2.2789014477617044,2.266037517905518,2.253155112228618,2.2402555767570584,2.2273402538226943,2.214410481757835,2.2014675945928994,2.1885129217571864,2.1755477877828766,2.16257351201237,2.1495914083090666,2.136602784771695,2.1236089434522785,2.1106111800778504,2.097610783775999,2.0846090368043444,2.0716072142840196,2.058606583937257,2.0456084058291553,2.032613932113696,2.019624406784104,2.006641065427603,1.9936651349846555,1.980697833512735,1.9677403699547085,1.9547939439118778,1.9418597454217428,1.9289389547405358,1.916032742130586,1.9031422676525462,1.8902686809625417,1.877413121114273,1.8645767163661149,1.8517605839932416,1.8389658301048182,1.8261935494662798,1.8134448253267283,1.8007207292514695,1.7880223209597101,1.775350648167431,1.762706746435452,1.750091639022703,1.7375063367447041,1.7249518378372626,1.7124291278253938,1.6999391793974612,1.6874829522845387,1.6750613931449863,1.6626754354542292,1.650325999399741,1.6380139917812075,1.6257403059158597,1.613505821548963,1.6013114047694392,1.5891579079305933,1.5770461695759364,1.5649770143700628,1.5529512530345608,1.540969682288922,1.529033084796422,1.5171422291149332,1.505297869652631,1.4935007466285621,1.4817515860380237,1.4700510996227225,1.458399984845659,1.4467989248706987,1.4352485885467776,1.423749630396695,1.412302690610442,1.4009083950430152,1.3895673552166576,1.3782801683274768,1.367047417256378,1.355869670584262,1.344747482611418,1.333681393381063,1.322671928706957,1.311719600205038,1.3008249053290064,1.2899883274098023,1.279210335698905,1.2684913854153885,1.2578319177966686,1.2472323601528714,1.236693125924757,1.2262146147451252,1.2157972125036371,1.2054412914149824,1.1951472100903164,1.1849153136119013,1.174745933610877,1.1646393883480872,1.154595982797895,1.1446160087349067,1.1346997448235356,1.1248474567103335,1.1150593971190117,1.1053358059480833,1.0956769103710495,1.0860829249390564,1.0765540516859526,1.0670904802356678,1.0576923879118445,1.0483599398496464,1.0390932891096707,1.0298925767938931,1.0207579321635691,1.0116894727590233,1.0026873045212528,0.9937515219152703,0.984882208055122,0.9760794348305011,0.9673432630348934,0.9586737424951803,0.950070912202632,0.9415348004452205,0.9330654249411862,0.924662792973785,0.9163269015271565,0.9080577374232367,0.89985527745966,0.8917194885485755,0.883650327856319,0.8756477429438747,0.8677116719080624,0.8598420435233903,0.8520387773845092,0.8443017840492077,0.836630965181892,0.8290262136974835,0.8214874139056829,0.8140144416555409,0.8066071644802765,0.7992654417422915,0.7919891247783222,0.7847780570446761,0.7776320742625019,0.7705510045630379,0.763534668632789,0.7565828798585817,0.7496954444724501,0.7428721616962989,0.7361128238863026,0.7294172166769898,0.7227851191249687,0.7162163038522505,0.7097105371891247,0.7032675793165449,0.6968871844079857,0.6905691007707252,0.6843130709865191,0.6781188320516229,0.6719861155161289,0.6659146476225769,0.6599041494438077,0.6539543370200198,0.6480649214950006,0.6422356092514944,0.6364661020456797,0.6307560971407218,0.625105287439373,0.6195133616155907,0.6139800042451445,0.6085048959351871,0.6030877134527618,0.5977281298522216,0.592425814601535,0.5871804337074585,0.581991649839547,0.576859122452988,0.5717825079102333,0.5667614596014118,0.5617956280635021,0.5568846610982499,0.5520282038888096,0.5472258991150971,0.542477387067836,0.5377823057612833,0.5331402910446215,0.5285509767120028,0.5240139946112351,0.5195289747510956,0.5150955454072643,0.5107133332268656,0.5063819633316095,0.5021010594195237,0.4978702438652704,0.4936891378190381,0.4895573613040042,0.4854745333123636,0.48144027189991573,0.47745419427920777,0.4735159169112307,0.46962505559566425,0.46578122555966883,0.46198404154522327,0.45823311789500726,0.45452806863682726,0.45086850756658714,0.44725404832980425,0.44368430450167046,0.44015888966566324,0.43667741749070604,0.43323950180688287,0.42984475667970956,0.42649279648296645,0.4231832359700959,0.41991569034417064,0.4166897753264378,0.4135051072234441,0.41036130299274914,0.4072579803072339,0.4041947576180094,0.401171254215936,0.39818709029175964,0.3952418869948728,0.39233526649071016,0.3894668520167877,0.3866362679373944,0.38384313979694473,0.3810870943720065,0.37836775972200803,0.375684765238642,0.3730377416939712,0.37042632128725084,0.3678501376904784,0.36530882609268145,0.3628020232429571,0.360329367492274,0.3578904988340506,0.35548505894352106,0.35311269121590266,0.3507730408033774,0.3484657546509009,0.34619048153085263,0.34394687207654034,0.34173457881457303,0.3395532561961154,0.3374025606270397,0.3352821504969866,0.33319168620735146,0.3311308301982091,0.32909924697419246,0.32709660312933814,0.3251225673709157,0.3231768105422534,0.32125900564457577,0.31936882785786813,0.3175059545607828,0.31567006534960135,0.313860842056268,0.3120779687655094,0.3103211318310554,0.30859001989097573,0.30688432388214715,0.30520373705386683,0.3035479549806257,0.3019166755740576,0.3003095990940782,0.2987264281592288,0.29716686775624007,0.29563062524882944,0.2941174103857473,0.29262693530808687,0.29115891455587123,0.2897130650739324,0.2882891062170971,0.2868867597546922,0.28550574987438515,0.28414580318537297,0.2828066487209328,0.2814880179403491,0.2801896447302303,0.2789112654052285,0.27765261870817626,0.2764134458096518,0.2751934903069892,0.27399249822274213,0.2728102180026183,0.27164640051289446,0.2705007990373252,0.2693731692735588,0.2682632693290713,0.26717085971663157,0.26609570334930915,0.26503756553503655,0.2639962139707378,0.2629714187360347,0.2619629522865422,0.26097058944676377,0.2599941074025981,0.25903328569346756,0.25808790620407984,0.25715775315583245,0.2562426130978705,0.25534227489780875,0.2544565297321271,0.2535851710762497,0.2527279946943169,0.25188479862866076,0.25105538318899184,0.2502395509413078,0.24943710669653207,0.24864785749889187,0.24787161261404356,0.24710818351695524,0.2463573838795531,0.24561902955814183,0.24489293858060504,0.24417893113339534,0.24347682954832098,0.24278645828913645,0.24210764393794545,0.24144021518142242,0.24078400279686052,0.2401388396380529,0.23950456062101405,0.23888100270954785,0.23826800490066977,0.23766540820988794,0.23707305565635162,0.23649079224787117,0.2359184649658175,0.23535592274990547,0.23480301648286755,0.2342595989750244,0.2337255249487559,0.23320065102288046,0.23268483569694617,0.23217793933544,0.23167982415192007,0.23119035419307538,0.23070939532271934,0.23023681520572023,0.22977248329187494,0.2293162707997294,0.22886805070035113,0.22842769770105764,0.22799508822910622,0.22757010041534795,0.22715261407785114,0.22674251070549842,0.22633967344156064,0.22594398706725294,0.22555533798527527,0.22517361420334286,0.22479870531770937,0.2244305024966863,0.2240688984641635,0.22371378748313311,0.22336506533922088,0.2230226293242288,0.22268637821969178,0.22235621228045196,0.22203203321825413,0.22171374418536538,0.22140124975822226,0.22109445592110827,0.22079327004986532,0.2204976008956416,0.22020735856867965,0.2199224545221468,0.21964280153601087,0.21936831370096552,0.21909890640240562,0.2188344963044575,0.21857500133406604,0.2183203406651408,0.2180704347027653,0.21782520506747016,0.21758457457957486,0.21734846724359821,0.2171168082327428,0.21688952387345334,0.21666654163005325,0.21644779008946058,0.21623319894598678,0.21602269898621973,0.21581622207399367,0.21561370113544856,0.21541507014418046,0.21522026410648604,0.21502921904670233,0.2148418719926448,0.21465816096114487,0.21447802494368992,0.21430140389216704,0.21412823870471265,0.21395847121167033,0.21379204416165812,0.2136289012077474,0.21346898689375565,0.21331224664065382,0.21315862673309086,0.21300807430603677,0.21286053733154633,0.2127159646056436,0.21257430573533084,0.21243551112572182,0.2122995319673012,0.2121663202233123,0.21203582861727324,0.21190801062062395,0.21178282044050467,0.2116602130076674,0.2115401439645214,0.21142256965331363,0.21130744710444585,0.2111947340249284,0.2110843887869729,0.21097637041672337,0.21087063858312763,0.2107671535869494,0.21066587634992212,0.21056676840404445,0.21046979188101905,0.21037490950183474,0.21028208456649206,0.210191280943874,0.21010246306176056,0.21001559589698954,0.20993064496576158,0.20984757631409176,0.2097663565084066,0.2096869526262867,0.20960933224735603,0.20953346344431648,0.20945931477412894,0.20938685526933948,0.20931605442955176,0.20924688221304424,0.20917930902853266,0.20911330572707712,0.20904884359413364,0.2089858943417492,0.20892443010089998,0.20886442341397266,0.20880584722738707,0.2087486748843608,0.20869288011781398,0.20863843704341364,0.2085853201527572,0.20853350430669373,0.20848296472878222,0.20843367699888585,0.20838561704690067,0.2083387611466186,0.2082930859097223,0.20824856827991206,0.20820518552716216,0.2081629152421061,0.20812173533054917,0.20808162400810729,0.20804255979496958,0.2080045215107848,0.20796748826966852,0.2079314394753309,0.20789635481632207,0.20786221426139473,0.20782899805498137,0.20779668671278498,0.2077652610174813,0.20773470201453062,0.20770499100809775,0.2076761095570785,0.20764803947122956,0.20762076280740174,0.20759426186587338,0.2075685191867822,0.20754351754665462,0.2075192399550287,0.20749566965117114,0.20747279010088443,0.20745058499340258,0.2074290382383748,0.2074081339629328,0.2073878565088418,0.2073681904297322,0.20734912048840984,0.20733063165424348,0.20731270910062646,0.20729533820251195,0.2072785045340183,0.2072621938661036,0.20724639216430657,0.20723108558655262,0.20721626048102254,0.20720190338408173,0.2071880010182689,0.2071745402903409,0.20716150828937327,0.20714889228491298,0.20713667972518315,0.20712485823533666,0.2071134156157569,0.20710233984040444,0.20709161905520754,0.2070812415764939,0.2070711958894636,0.20706147064669964,0.20705205466671547,0.2070429369325377,0.20703410659032173,0.20702555294799949,0.20701726547395732,0.20700923379574196,0.20700144769879403,0.20699389712520658,0.20698657217250768,0.2069794630924661,0.20697256028991734,0.20696585432161013,0.2069593358950708,0.20695299586748492,0.2069468252445953,0.2069408151796136,0.20693495697214623,0.20692924206713195,0.20692366205379098,0.20691820866458366,0.20691287377417827,0.206907649398427,0.20690252769334846,0.20689750095411666,0.20689256161405453,0.20688770224363184,0.20688291554946692,0.2068781943733303,0.2068735316911504,0.20686892061202056,0.206864354377206,0.20685982635915057,0.20685533006048284,0.20685085911302037,0.2068464072767721,0.206841968438938,0.20683753661290583,0.20683310593724366,0.20682867067468957,0.20682422521113575,0.20681976405460886,0.20681528183424455,0.2068107732992567,0.20680623331790182,0.2068016568764361,0.20679703907806748,0.20679237514190119,0.2067876604018783,0.20678289030570818,0.20677806041379393,0.20677316639815127,0.20676820404132015,0.20676316923527002,0.20675805798029753,0.20675286638391793,0.20674759065974926,0.2067422271263899,0.2067367722062891,0.2067312224246114,0.20672557440809383,0.2067198248838977,0.2067139706784532,0.2067080087162987,0.20670193601891354,0.20669574970354596,0.20668944698203515,0.20668302515962805,0.20667648163379165,0.20666981389302033,0.20666301951563923,0.2066560961686029,0.20664904160629116,0.2066418536693009,0.20663453028323478,0.20662706945748785,0.20661946928403108,0.20661172793619348,0.2066038436674422,0.20659581481016165,0.2065876397744318,0.20657931704680588,0.20657084518908822,0.20656222283711248,0.20655344869952083,0.20654452155654374,0.2065354402587826,0.20652620372599337,0.20651681094587337,0.206507260972851,0.20649755292687866,0.20648768599223002,0.20647765941630114,0.2064674725084169,0.20645712463864213,0.20644661523659896,0.20643594379028993,0.20642510984492798,0.20641411300177337,0.20640295291697805,0.2063916293004382,0.2063801419146547,0.20636849057360301,0.20635667514161196,0.20634469553225232,0.206332551707235,0.20632024367532104,0.20630777149124102,0.20629513525462698,0.2062823351089553,0.20626937124050215,0.2062562438773116,0.20624295328817605,0.20622949978163063,0.2062158837049604,0.20620210544322265,0.20618816541828217,0.20617406408786224,0.20615980194461012,0.20614537951517764,0.20613079735931805,0.20611605606899763,0.20610115626752443,0.20608609860869273,0.20607088377594424,0.20605551248154652,0.20603998546578786,0.2060243034961898,0.20600846736673697,0.20599247789712455,0.20597633593202339,0.20596004234036358,0.2059435980146352,0.20592700387020782,0.20591026084466824,0.20589336989717621,0.20587633200783895,0.2058591481771038,0.2058418194251695,0.20582434679141573,0.20580673133385183,0.2057889741285828,0.2057710762692948,0.20575303886675836,0.2057348630483505,0.20571654995759425,0.20569810075371692,0.20567951661122602,0.2056607987195035,0.20564194828241666,0.2056229665179479,0.20560385465784076,0.20558461394726338,0.20556524564448916,0.20554575102059353,0.20552613135916767,0.20550638795604795,0.20548652211906118,0.20546653516778596,0.20544642843332847,0.20542620325811367,0.20540586099569086,0.2053854030105535,0.20536483067797254,0.20534414538384374,0.20532334852454728,0.20530244150682048,0.2052814257476425,0.20526030267413065,0.20523907372344827,0.20521774034272297,0.20519630398897568,0.20517476612905916,0.205153128239606,0.20513139180698559,0.2051095583272691,0.20508762930620253,0.20506560625918702,0.20504349071126574,0.20502128419711713,0.20499898826105376,0.20497660445702615,0.20495413434863138,0.2049315795091255,0.20490894152143915,0.20488622197819656,0.20486342248173628,0.20484054464413382,0.20481759008722525,0.2047945604426318,0.2047714573517837,0.204748282465944,0.2047250374462308,0.20470172396363812,0.20467834369905377,0.2046548983432753,0.20463138959702148,0.20460781917094042,0.20458418878561282,0.20456050017155042,0.2045367550691884,0.2045129552288716,0.2044891024108348,0.20446519838517435,0.20444124493181365,0.20441724384045942,0.20439319691054944,0.20436910595119123,0.20434497278109115,0.2043207992284733,0.2042965871309879,0.20427233833560873,0.20424805469851942,0.2042237380849876,0.2041993903692273,0.2041750134342487,0.2041506091716952,0.20412617948166706,0.20410172627253179,0.20407725146072084,0.2040527569705121,0.2040282447337982,0.2040037166898402,0.20397917478500674,0.20395462097249806,0.2039300572120549,0.20390548546965226,0.20388090771717784,0.20385632593209446,0.2038317420970876,0.2038071581996966,0.2037825762319305,0.2037579981898681,0.20373342607324196,0.20370886188500692,0.20368430763089293,0.203659765318942,0.20363523695902974,0.20361072456237136,0.2035862301410123,0.20356175570730387,0.20353730327336356,0.2035128748505209,0.20348847244874824,0.20346409807607763,0.20343975373800322,0.20341544143687018,0.20339116317124992,0.20336692093530193,0.20334271671812298,0.20331855250308406,0.20329443026715469,0.20327035198021592,0.20324631960436207,0.20322233509319138,0.2031984003910864,0.20317451743248474,0.2031506881411403,0.2031269144293754,0.20310319819732492,0.20307954133217246,0.2030559457073795,0.20303241318190765,0.20300894559943505,0.2029855447875673,0.20296221255704364,0.20293895070093884,0.20291576099386172,0.2028926451911505,0.20286960502806675,0.2028466422189866,0.2028237584565922,0.20280095541106258,0.20277823472926532,0.202755598033949,0.2027330469229385,0.20271058296833216,0.2026882077157033,0.20266592268330513,0.20264372936128114,0.20262162921088098,0.20259962366368273,0.2025777141208227,0.20255590195223272,0.2025341884958861,0.20251257505705358,0.20249106290756871,0.20246965328510477,0.2024483473924628,0.20242714639687243,0.20240605142930565,0.20238506358380395,0.20236418391682118,0.20234341344658047,0.20232275315244763,0.2023022039743214,0.20228176681204044,0.2022614425248091,0.2022412319306414,0.2022211358058242,0.20220115488440113,0.20218128985767603,0.20216154137373876,0.20214191003701204,0.20212239640782112,0.20210300100198628,0.20208372429043928,0.20206456669886333,0.20204552860735805,0.20202661035012967,0.20200781221520694,0.20198913444418262,0.20197057723198228,0.20195214072665943,0.20193382502921897,0.2019156301934673,0.20189755622589187,0.2018796030855683,0.2018617706840969,0.2018440588855683,0.20182646750655886,0.20180899631615495,0.20179164503600833,0.20177441334042098,0.20175730085646085,0.2017403071641076,0.20172343179642965,0.20170667423979172,0.20169003393409346,0.20167351027303898,0.20165710260443762,0.2016408102305353,0.2016246324083777,0.2016085683502036,0.20159261722386976,0.20157677815330646,0.20156105021900383,0.20154543245852863,0.2015299238670715,0.20151452339802464,0.20149922996358932,0.20148404243541293,0.20146895964525602,0.20145398038568796,0.2014391034108114,0.20142432743701597,0.20140965114375908,0.20139507317437477,0.2013805921369099,0.2013662066049868,0.20135191511869244,0.20133771618549295,0.20132360828117357,0.2013095898508031,0.2012956593097225,0.2012818150445564,0.20126805541424794,0.20125437875111507,0.20124078336192866,0.20122726752901088,0.20121382951135378,0.20120046754575652,0.2011871798479816,0.20117396461392772,0.20116082002082042,0.20114774422841739,0.20113473538022975,0.2011217916047567,0.20110891101673375,0.2010960917183932,0.20108333180073562,0.20107062934481196,0.20105798242301495,0.2010453891003791,0.20103284743588776,0.20102035548378686,0.20100791129490378,0.2009955129179711,0.20098315840095293,0.20097084579237387,0.2009585731426495,0.2009463385054163,0.20093413993886108,0.20092197550704846,0.2009098432812448,0.20089774134123875,0.2008856677766557,0.2008736206882662,0.2008615981892873,0.20084959840667507,0.20083761948240728,0.20082565957475604,0.200813716859548,0.20080178953141253,0.20078987580501548,0.20077797391627789,0.20076608212357946,0.2007541987089443,0.20074232197920897,0.20073045026717173,0.2007185819327213,0.2007067153639449,0.20069484897821435,0.20068298122324907,0.20067111057815537,0.2006592355544408,0.20064735469700312,0.20063546658509218,0.20062356983324525,0.20061166309219308,0.20059974504973763,0.20058781443159962,0.20057587000223573,0.20056391056562398,0.20055193496601745,0.20053994208866516,0.2005279308604993,0.20051590025078864,0.20050384927175693,0.20049177697916673,0.20047968247286665,0.20046756489730266,0.20045542344199282,0.2004432573419643,0.20043106587815304,0.20041884837776525,0.2004066042146004,0.20039433280933575,0.2003820336297715,0.20036970619103706,0.20035735005575733,0.20034496483417977,0.20033255018426105,0.2003201058117146,0.20030763147001712,0.2002951269603757,0.2002825921316546,0.200270026880262,0.2002574311499965,0.2002448049318543,0.20023214826379568,0.20021946123047268,0.20020674396291716,0.20019399663818904,0.20018121947898676,0.2001684127532179,0.20015557677353246,0.2001427118968181,0.2001298185236573,0.20011689709774794,0.2001039481052875,0.20009097207432086,0.20007796957405255,0.20006494121412446,0.2000518876438587,0.20003880955146727,0.20002570766322808,0.20001258274262937,0.19999943558948208,0.1999862670390012,0.19997307796085767,0.19995986925820042,0.19994664186665034,0.19993339675326666,0.19992013491548638,0.19990685738003858,0.19989356520183324,0.1998802594628267,0.19986694127086393,0.19985361175849936,0.19984027208179655,0.1998269234191081,0.19981356696983696,0.19980020395318016,0.199786835606856,0.19977346318581568,0.19976008796094072,0.19974671121772716,0.19973333425495826,0.1997199583833656,0.19970658492428123,0.19969321520828084,0.19967985057382026,0.19966649236586523,0.199653141934517,0.1996398006336338,0.19962646981945023,0.19961315084919531,0.19959984507971062,0.19958655386606972,0.1995732785602,0.19956002050950816,0.19954678105551124,0.19953356153247256,0.19952036326604639,0.19950718757193012,0.19949403575452684,0.19948090910561828,0.1994678089030505,0.19945473640943243,0.19944169287084879,0.1994286795155886,0.19941569755289082,0.1994027481717072,0.19938983253948397,0.19937695180096413,0.19936410707700997,0.19935129946344818,0.19933853002993762,0.19932579981886142,0.19931310984424358,0.19930046109069213,0.1992878545123687,0.19927529103198577,0.19926277153983296,0.19925029689283202,0.19923786791362288,0.1992254853896797,0.19921315007245974,0.1992008626765835,0.19918862387904915,0.19917643431847962,0.19916429459440496,0.19915220526657884,0.19914016685433125,0.19912817983595665,0.1991162446481386,0.19910436168541162,0.19909253129965995,0.19908075379965404,0.1990690294506249,0.19905735847387673,0.19904574104643802,0.19903417730075096,0.19902266732440013,0.19901121115987946,0.19899980880439888,0.1989884602097293,0.19897716528208687,0.198965923882056,0.198954735824552,0.1989436008788209,0.19893251876847945,0.19892148917159197,0.19891051172078664,0.19889958600340835,0.1988887115617098,0.1988778878930791,0.19886711445030442,0.1988563906418742,0.19884571583231375,0.19883508934255628,0.19882451045034905,0.1988139783906926,0.19880349235631412,0.1987930514981729,0.1987826549259973,0.1987723017088534,0.19876199087574326,0.19875172141623293,0.19874149228110863,0.19873130238306067,0.19872115059739417,0.1987110357627647,0.1987009566819393,0.19869091212258078,0.19868090081805406,0.19867092146825469,0.19866097274045666,0.19865105327018015,0.19864116166207657,0.19863129649083017,0.19862145630207595,0.1986116396133303,0.19860184491493565,0.19859207067101636,0.1985823153204447,0.19857257727781571,0.19856285493442988,0.19855314665928178,0.19854345080005362,0.19853376568411218,0.19852408961950785,0.19851442089597418,0.19850475778592677,0.19849509854546002,0.19848544141534022,0.19847578462199342,0.19846612637848768,0.19845646488550656,0.1984467983323145,0.19843712489771048,0.19842744275097132,0.19841775005277998,0.19840804495614126,0.19839832560727994,0.19838859014652283,0.1983788367091624,0.19836906342630037,0.19835926842567075,0.19834944983244138,0.1983396057699917,0.19832973436066684,0.1983198337265065,0.1983099019899479,0.19829993727450082,0.19828993770539585,0.1982799014102027,0.19826982651941966,0.19825971116703214,0.19824955349104062,0.1982393516339565,0.1982291037432664,0.198218807971863,0.19820846247844337,0.1981980654278735,0.19818761499151955,0.1981771093475445,0.1981665466811716,0.19815592518491285,0.19814524305876427,0.19813449851036655,0.19812368975513234,0.1981128150163401,0.1981018725251943,0.1980908605208536,0.19807977725042644,0.19806862096893543,0.19805738993925032,0.19804608243199154,0.198034696725404,0.1980232311052029,0.19801168386439236,0.19800005330305748,0.19798833772813193,0.19797653545314162,0.19796464479792616,0.1979526640883391,0.1979405916559295,0.19792842583760495,0.19791616497527878,0.19790380741550276,0.19789135150908732,0.19787879561071062,0.19786613807851916,0.19785337727372118,0.19784051156017524,0.19782753930397592,0.1978144588730393,0.19780126863668904,0.19778796696524703,0.19777455222962922,0.19776102280095048,0.19774737705013917,0.19773361334756495,0.1977197300626816,0.19770572556368762,0.19769159821720655,0.19767734638798914,0.19766296843864095,0.19764846272937628,0.1976338276178014,0.19761906145873004,0.19760416260403185,0.19758912940251794,0.19757396019986426,0.19755865333857603,0.1975432071579947,0.19752761999434978,0.19751189018085794,0.1974960160478706,0.19747999592307297,0.19746382813173513,0.19744751099701818,0.19743104284033636,0.19741442198177692,0.1973976467405795,0.1973807154356762,0.19736362638629393,0.19734637791261983,0.1973289683365314,0.19731139598239195,0.19729365917791272,0.19727575625508187,0.1972576855511616,0.19723944540975333,0.1972210341819321,0.19720245022744975,0.1971836919160073,0.19716475762859725,0.19714564575891386,0.19712635471483358,0.19710688291996314,0.19708722881525617,0.19706739086069683,0.19704736753704982,0.19702715734767684,0.19700675882041624,0.1969861705095271,0.19696539099769442,0.1969444188980952,0.1969232528565229,0.19690189155356927,0.19688033370686056,0.1968585780733477,0.19683662345164638,0.19681446868442629,0.19679211266084592,0.19676955431903156,0.19674679264859635,0.19672382669319813,0.19670065555313196,0.1966772783879552,0.1966536944191413,0.19662990293275956,0.19660590328217759,0.19658169489078262,0.19655727725471853,0.19653264994563516,0.19650781261344605,0.19648276498909048,0.19645750688729718,0.19643203820934454,0.19640635894581476,0.19638046917933635,0.19635436908731319,0.1963280589446341,0.19630153912635992,0.19627481011038417,0.19624787248006254,0.19622072692680773,0.1961933742526452,0.19616581537272634,0.19613805131779366,0.1961100832365959,0.19608191239824715,0.19605354019452736,0.19602496814211914,0.19599619788477834,0.1959672311954329,0.19593806997820754,0.1959087162703695,0.19587917224419268,0.19584944020873538,0.1958195226115292,0.19578942204017497,0.1957591412238422,0.1957286830346698,0.19569805048906366,0.1956672467488887,0.19563627512255233,0.1956051390659767,0.19557384218345622,0.19554238822839878,0.19551078110394757,0.19547902486348118,0.19544712371099032,0.1954150820013278,0.19538290424033208,0.1953505950848199,0.19531815934244848,0.1952856019714451,0.19525292808020223,0.19522014292673795,0.1951872519180199,0.19515426060915236,0.19512117470242565,0.19508800004622717,0.19505474263381392,0.19502140860194614,0.1949880042293825,0.19495453593523573,0.19492101027719078,0.1948874339495844,0.1948538137813477,0.1948201567338119,0.19478646989837883,0.19475276049405654,0.19471903586486206,0.19468530347709195,0.19465157091646318,0.19461784588512498,0.19458413619854467,0.1945504497822685,0.19451679466856026,0.19448317899292036,0.19444961099048666,0.19441609899232082,0.19438265142158256,0.19434927678959446,0.19431598369180064,0.1942827808036223,0.1942496768762133,0.19421668073211953,0.1941838012608449,0.19415104741432834,0.19411842820233483,0.19408595268776468,0.19405362998188475,0.1940214692394854,0.19398947965396798,0.1939576704523662,0.19392605089030543,0.1938946302469056,0.19386341781963035,0.193832422919088,0.19380165486378803,0.1937711229748584,0.19374083657072724,0.1937108049617746,0.19368103744495785,0.19365154329841608,0.19362233177605778,0.19359341210213665,0.19356479346582034,0.19353648501575602,0.19350849585463908,0.19348083503378752,0.1934535115477287,0.19342653432880166,0.1933999122417804,0.19337365407852247,0.19334776855264715,0.19332226429424876,0.19329714984464805,0.1932724336511872,0.193248124062073,0.19322422932127115,0.19320075756345767,0.19317771680903048,0.1931551149591853,0.19313295979106088,0.19311125895295606,0.19309001995962422,0.1930692501876475,0.19304895687089504,0.1930291470960691,0.19300982779834253,0.19299100575709055,0.19297268759172037,0.19295487975760278,0.19293758854210677,0.19292082006074238,0.19290458025341353,0.19288887488078357,0.1928737095207564,0.19285908956507572,0.19284502021604527,0.19283150648337097,0.19281855318112895,0.19280616492485986,0.19279434612879273,0.19278310100319887,0.19277243355187854,0.19276234756978164,0.19275284664076303,0.19274393413547514,0.19273561320939755,0.19272788680100575,0.19272075763007926,0.19271422819614975,0.1927083007770906,0.1927029774278474,0.19269825997931014,0.19269415003732787,0.19269064898186464,0.19268775796629833,0.19268547791686055,0.19268380953221861,0.1926827532831989,0.19268230941265024,0.19268247793544818,0.19268325863863797,0.1926846510817164,0.19268665459705098,0.19268926829043545,0.19269249104178096,0.19269632150594063,0.19270075811366696,0.19270579907270052,0.1927114423689876,0.19271768576802598,0.19272452681633664,0.19273196284305982,0.1927399909616726,0.19274860807182737,0.1927578108613082,0.1927675958081025,0.1927779591825869,0.19278889704982385,0.1928004052719675,0.19281247951077551,0.19282511523022502,0.19283830769922944,0.19285205199445407,0.19286634300322755,0.19288117542654634,0.19289654378216964,0.19291244240780134,0.1929288654643573,0.19294580693931354,0.19296326065013344,0.1929812202477709,0.1929996792202457,0.19301863089628904,0.19303806844905522,0.19305798489989745,0.19307837312220347,0.19309922584528896,0.19312053565834492,0.19314229501443642,0.1931644962345492,0.19318713151168113,0.1932101929149754,0.1932336723938925,0.19325756178241746,0.1932818528032998,0.1933065370723224,0.19333160610259706,0.19335705130888325,0.19338286401192625,0.19340903544281354,0.19343555674734444,0.19346241899041167,0.19348961316039015,0.19351713017353223,0.19354496087836462,0.19357309606008496,0.19360152644495587,0.19363024270469215,0.1936592354608396,0.1936884952891428,0.1937180127238985,0.19374777826229214,0.19377778236871596,0.19380801547906437,0.19383846800500637,0.1938691303382304,0.19389999285466067,0.1939310459186424,0.19396227988709358,0.19399368511362058,0.19402525195259682,0.19405697076320091,0.19408883191341333,0.1941208257839689,0.1941529427722637,0.1941851732962145,0.19421750779806896,0.19424993674816393,0.1942824506486323,0.19431504003705458,0.19434769549005496,0.19438040762683995,0.19441316711267875,0.194445964662323,0.19447879104336557,0.1945116370795367,0.19454449365393683,0.19457735171220414,0.19461020226561704,0.1946430363941294,0.19467584524933867,0.1947086200573854,0.19474135212178373,0.19477403282618228,0.1948066536370542,0.1948392061063167,0.19487168187387888,0.19490407267011783,0.19493637031828223,0.1949685667368237,0.19500065394165506,0.19503262404833563,0.1950644692741836,0.19509618194031497,0.19512775447360906,0.19515917940860142,0.19519044938930336,0.1952215571709481,0.19525249562166483,0.19528325772408012,0.1953138365768466,0.1953442253961006,0.19537441751684798,0.1954044063942786,0.1954341856050112,0.19546374884826717,0.19549308994697595,0.19552220284881117,0.19555108162715862,0.19557972048201716,0.19560811374083248,0.19563625585926553,0.1956641414218951,0.19569176514285708,0.19571912186641913,0.1957462065674941,0.19577301435209077,0.19579954045770448,0.19582578025364797,0.19585172924132344,0.19587738305443705,0.19590273745915662,0.19592778835421348,0.19595253177095048,0.19597696387331556,0.19600108095780364,0.19602487945334676,0.1960483559211541,0.19607150705450313,0.19609432967848223,0.1961168207496871,0.19613897735587071,0.19616079671554928,0.19618227617756404,0.19620341322060114,0.1962242054526703,0.1962446506105425,0.19626474655914952,0.19628449129094505,0.1963038829252287,0.19632291970743482,0.19634160000838552,0.19635992232351118,0.1963778852720373,0.19639548759614028,0.19641272816007202,0.19642960594925538,0.19644612006935036,0.19646226974529343,0.19647805432030876,0.19649347325489466,0.19650852612578448,0.19652321262488337,0.19653753255818177,0.19655148584464677,0.1965650725150911,0.1965782927110219,0.19659114668346886,0.1966036347917935,0.19661575750247895,0.19662751538790268,0.19663890912509116,0.19664993949445803,0.19666060737852634,0.19667091376063506,0.19668085972363064,0.19669044644854441,0.19669967521325607,0.19670854739114327,0.19671706444971923,0.19672522794925698,0.19673303954140225,0.19674050096777432,0.19674761405855606,0.19675438073107243,0.19676080298835955,0.19676688291772257,0.19677262268928433,0.196778024554524,0.19678309084480713,0.196787823969906,0.19679222641651176,0.1967963007467377,0.19680004959661423,0.19680347567457643,0.1968065817599428,0.1968093707013874,0.19681184541540328,0.1968140088847599,0.19681586415695237,0.1968174143426446,0.19681866261410527,0.19681961220363683,0.19682026640199865,0.1968206285568234,0.1968207020710277,0.1968204904012161,0.19681999705607986,0.19681922559478957,0.1968181796253826,0.19681686280314462,0.19681527882898642,0.19681343144781552,0.19681132444690255,0.19680896165424366,0.1968063469369176,0.19680348419943922,0.19680037738210826,0.19679703045935473,0.19679344743808067,0.19678963235599786,0.19678558927996326,0.1967813223043109,0.1967768355491816,0.19677213315885006,0.19676721930005,0.19676209816029785,0.19675677394621474,0.19675125088184756,0.19674553320698968,0.19673962517550084,0.19673353105362745,0.19672725511832365,0.19672080165557262,0.19671417495871002,0.19670737932674853,0.19670041906270536,0.19669329847193176,0.19668602186044634,0.1966785935332721,0.19667101779277732,0.19666329893702164,0.1966554412581074,0.1966474490405367,0.1966393265595751,0.19663107807962246,0.19662270785259123,0.19661422011629293,0.19660561909283403,0.19659690898702054,0.19658809398477317,0.1965791782515535,0.19657016593080084,0.1965610611423818,0.19655186798105237,0.19654259051493317,0.19653323278399912,0.1965237987985836,0.1965142925378981,0.19650471794856786,0.1964950789431844,0.19648537939887545,0.1964756231558929,0.1964658140162198,0.1964559557421963,0.1964460520551665,0.19643610663414524,0.19642612311450736,0.19641610508669805,0.1964060560949666,0.1963959796361236,0.196385879158322,0.19637575805986288,0.19636561968802643,0.1963554673379293,0.1963453042514079,0.19633513361592922,0.19632495856352913,0.19631478216977888,0.19630460745278078,0.19629443737219263,0.19628427482828253,0.1962741226610138,0.19626398364916062,0.19625386050945534,0.19624375589576748,0.19623367239831457,0.19622361254290646,0.196213578790222,0.19620357353511927,0.19619359910598003,0.19618365776408803,0.196173751703042,0.19616388304820334,0.1961540538561793,0.19614426611434096,0.19613452174037777,0.19612482258188715,0.19611517041600088,0.19610556694904754,0.1960960138162514,0.1960865125814686,0.19607706473695924,0.1960676717031972,0.19605833482871698,0.19604905538999706,0.1960398345913812,0.19603067356503656,0.1960215733709495,0.1960125349969582,0.19600355935882285,0.19599464730033309,0.19598579959345244,0.1959770169385,0.19596829996436924,0.19595964922878345,0.1959510652185881,0.19594254835007996,0.19593409896937236,0.1959257173527969,0.19591740370734134,0.195909158171123,0.19590098081389806,0.19589287163760602,0.19588483057694903,0.1958768575000065,0.19586895220888356,0.19586111444039395,0.19585334386677655,0.19584564009644526,0.1958380026747719,0.1958304310849017,0.19582292474860097,0.19581548302713633,0.19580810522218567,0.19580079057677913,0.19579353827627102,0.1957863474493417,0.19577921716902777,0.1957721464537822,0.19576513426856185,0.1957581795259428,0.195751281087263,0.19574443776379105,0.1957376483179207,0.19573091146439114,0.19572422587153096,0.19571759016252696,0.19571100291671525,0.19570446267089567,0.19569796792066707,0.19569151712178495,0.19568510869153807,0.19567874101014587,0.19567241242217367,0.19566612123796667,0.1956598657351009,0.19565364415985068,0.1956474547286718,0.19564129562969904,0.1956351650242584,0.19562906104839164,0.1956229818143937,0.1956169254123609,0.19561088991174988,0.19560487336294607,0.19559887379884053,0.19559288923641446,0.19558691767833092,0.19558095711453172,0.19557500552383905,0.19556906087556178,0.19556312113110363,0.19555718424557345,0.19555124816939692,0.1955453108499269,0.19553937023305398,0.1955334242648136,0.1955274708929906,0.1955215080687193,0.19551553374807806,0.19550954589367775,0.1955035424762425,0.1954975214761819,0.1954914808851542,0.195485418707618,0.19547933296237285,0.19547322168408687,0.1954670829248106,0.19546091475547603,0.19545471526737943,0.1954484825736472,0.19544221481068394,0.19543591013960115,0.19542956674762588,0.1954231828494879,0.19541675668878503,0.19541028653932496,0.19540377070644313,0.19539720752829481,0.1953905953771213,0.19538393266048934,0.19537721782250134,0.19537044934497738,0.195363625748607,0.19535674559406965,0.19534980748312433,0.19534281005966528,0.19533575201074546,0.19532863206756482,0.19532144900642415,0.19531420164964258,0.19530688886643918,0.19529950957377656,0.1952920627371675,0.19528454737144219,0.19527696254147692,0.19526930736288303,0.1952615810026556,0.19525378267978122,0.19524591166580543,0.19523796728535786,0.19522994891663598,0.19522185599184647,0.19521368799760433,0.1952054444752893,0.19519712502135952,0.19518872928762182,0.1951802569814597,0.1951717078660177,0.19516308176034308,0.19515437853948414,0.19514559813454632,0.195136740532705,0.1951278057771766,0.19511879396714663,0.19510970525765708,0.1951005398594514,0.19509129803877923,0.1950819801171603,0.1950725864711087,0.19506311753181785,0.1950535737848066,0.19504395576952777,0.19503426407893967,0.19502449935904095,0.1950146623083701,0.19500475367747094,0.1949947742683242,0.19498472493374674,0.19497460657675914,0.19496442014992374,0.19495416665465273,0.19494384714048882,0.19493346270435924,0.1949230144898042,0.19491250368618185,0.1949019315278497,0.19489129929332608,0.19488060830443046,0.19486985992540642,0.19485905556202776,0.1948481966606886,0.19483728470748035,0.1948263212272566,0.19481530778268702,0.1948042459733025,0.19479313743453283,0.194781983836739,0.19477078688424082,0.1947595483143425,0.19474826989635752,0.19473695343063394,0.19472560074758233,0.194714213706708,0.19470279419564868,0.19469134412921962,0.1946798654484675,0.19466836011973496,0.1946568301337371,0.19464527750465135,0.1946337042692223,0.1946221124858837,0.19461050423389725,0.19459888161251143,0.19458724674014063,0.19457560175356656,0.19456394880716196,0.19455229007213995,0.19454062773582748,0.1945289640009665,0.19451730108504212,0.19450564121963954,0.19449398664983064,0.1944823396335908,0.19447070244124662,0.1944590773549562,0.1944474666682212,0.19443587268543233,0.19442429772144848,0.19441274410120954,0.19440121415938413,0.19438971024005147,0.19437823469641813,0.19436678989056996,0.19435537819325907,0.19434400198372534,0.19433266364955298,0.19432136558656202,0.1943101101987335,0.19429889989816915,0.19428773710508443,0.19427662424783457,0.19426556376297285,0.19425455809534117,0.1942436096981908,0.19423272103333383,0.19422189457132374,0.19421113279166405,0.19420043818304436,0.19418981324360235,0.19417926048121079,0.19416878241378793,0.19415838156963053,0.19414806048776737,0.19413782171833283,0.1941276678229579,0.1941176013751781,0.1941076249608556,0.1940977411786152,0.1940879526402914,0.19407826197138534,0.1940686718115295,0.19405918481495885,0.19404980365098617,0.19404053100447963,0.19403136957634112,0.19402232208398315,0.1940133912618022,0.19400457986164718,0.19399589065328013,0.19398732642482802,0.19397888998322343,0.19397058415463153,0.19396241178486234,0.19395437573976593,0.19394647890560807,0.19393872418942518,0.19393111451935652,0.19392365284495086,0.19391634213744743,0.19390918539002722,0.1939021856180347,0.1938953458591674,0.19388866917363073,0.1938821586442587,0.1938758173765961,0.19386964849894253,0.1938636551623562,0.19385784054061556,0.19385220783013796,0.1938467602498536,0.1938415010410337,0.19383643346707158,0.19383156081321504,0.19382688638625006,0.1938224135141336,0.1938181455455753,0.19381408584956683,0.19381023781485868,0.19380660484938264,0.19380319037962068,0.19379999784991842,0.19379703072174376,0.1937942924728898,0.1937917865966214,0.1937895166007667,0.1937874860067511,0.1937856983485762,0.1937841571717419,0.19378286603211287,0.19378182849472922,0.19378104813256194,0.19378052852521307,0.193780273257562,0.19378028591835766,0.1937805700987576,0.1937811293908149,0.19378196738591366,0.19378308767315391,0.19378449383768714,0.19378618945900375,0.19378817810917257,0.19379046335103553,0.19379304873635744,0.19379593780393234,0.1937991340776485,0.1938026410645139,0.19380646225264253,0.19381060110920434,0.19381506107834065,0.19381984557904575,0.1938249580030178,0.19383040171248048,0.19383618003797687,0.19384229627613853,0.19384875368743149,0.19385555549388067,0.19386270487677604,0.1938702049743616,0.19387805887951057,0.1938862696373878,0.19389484024310272,0.19390377363935485,0.19391307271407368,0.1939227402980567,0.193932779162606,0.19394319201716745,0.19395398150697427,0.19396515021069743,0.1939767006381051,0.19398863522773405,0.19400095634457484,0.19401366627777397,0.19402676723835424,0.19404026135695707,0.19405415068160825,0.1940684371755094,0.1940831227148582,0.1940982090866989,0.19411369798680642,0.19412959101760452,0.19414588968612237,0.19416259540199046,0.19417970947547766,0.19419723311557305,0.1942151674281126,0.19423351341395503,0.19425227196720612,0.19427144387349587,0.19429102980830876,0.19431103033536995,0.19433144590508797,0.1943522768530574,0.19437352339862088,0.19439518564349456,0.1944172635704559,0.19443975704209773,0.19446266579964805,0.1944859894618581,0.19450972752395906,0.19453387935668973,0.19455844420539473,0.1945834211891954,0.19460880930023466,0.19463460740299524,0.19466081423369352,0.19468742839974917,0.19471444837933127,0.19474187252098132,0.19476969904331445,0.19479792603479817,0.1948265514536098,0.19485557312757273,0.19488498875417176,0.19491479590064711,0.1949449920041684,0.19497557437208726,0.19500654018226932,0.19503788648350504,0.19506961019599986,0.19510170811194216,0.19513417689614992,0.1951670130867947,0.19520021309620317,0.19523377321173524,0.19526768959673785,0.19530195829157465,0.1953365752147298,0.19537153616398586,0.1954068368176743,0.19544247273599788,0.19547843936242407,0.19551473202514824,0.1955513459386258,0.19558827620517116,0.19562551781662388,0.19566306565607916,0.1957009144996825,0.19573905901848626,0.1957774937803674,0.19581621325200446,0.19585521180091248,0.19589448369753443,0.1959340231173871,0.19597382414326037,0.1960138807674677,0.19605418689414683,0.1960947363416079,0.19613552284472835,0.19617654005739202,0.19621778155497113,0.19625924083684898,0.19630091132898164,0.19634278638649694,0.19638485929632848,0.1964271232798828,0.19646957149573854,0.19651219704237455,0.19655499296092557,0.19659795223796359,0.19664106780830276,0.1966843325578262,0.196727739326332,0.19677128091039725,0.19681495006625782,0.19685873951270186,0.19690264193397528,0.19694664998269662,0.1969907562827807,0.19703495343236743,0.19707923400675537,0.19712359056133671,0.19716801563453368,0.19721250175073196,0.19725704142321213,0.19730162715707428,0.19734625145215684,0.19739090680594565,0.1974355857164729,0.1974802806852028,0.1975249842199042,0.19756968883750628,0.19761438706693737,0.1976590714519442,0.1977037345538905,0.19774836895453302,0.1977929672587738,0.1978375220973869,0.1978820261297178,0.19792647204635488,0.19797085257177072,0.19801516046693216,0.19805938853187774,0.19810352960826152,0.19814757658186116,0.1981915223850498,0.1982353599992306,0.19827908245723166,0.19832268284566204,0.1983661543072257,0.19840949004299382,0.1984526833146341,0.19849572744659577,0.19853861582824944,0.19858134191598126,0.19862389923524015,0.1986662813825372,0.19870848202739738,0.198750494914261,0.19879231386433627,0.19883393277740086,0.19887534563355222,0.19891654649490653,0.1989575295072452,0.19899828890160795,0.19903881899583367,0.19907911419604676,0.19911916899808946,0.19915897798889948,0.19919853584783354,0.1992378373479346,0.19927687735714447,0.19931565083946062,0.19935415285603672,0.19939237856622752,0.19943032322857748,0.19946798220175327,0.1995053509454195,0.19954242502105832,0.199579200092733,0.1996156719277943,0.19965183639753134,0.199687689477766,0.19972322724939076,0.19975844589885117,0.19979334171857224,0.19982791110732928,0.19986215057056303,0.1998960567206403,0.19992962627705912,0.1999628560665996,0.19999574302342055,0.20002828418910215,0.20006047671263516,0.20009231785035705,0.20012380496583515,0.20015493552969812,0.20018570711941525,0.2002161174190242,0.2002461642188091,0.20027584541492713,0.20030515900898618,0.20033410310757344,0.20036267592173515,0.20039087576640915,0.2004187010598096,0.20044615032276522,0.2004732221780126,0.20049991534944334,0.2005262286613073,0.20055216103737206,0.2005777115000401,0.2006028791694229,0.2006276632623747,0.20065206309148542,0.20067607806403415,0.2006997076809038,0.20072295153545833,0.20074580931238223,0.20076828078648526,0.200790365821471,0.20081206436867213,0.20083337646575203,0.2008543022353747,0.20087484188384358,0.2008949956997098,0.20091476405235217,0.20093414739052867,0.20095314624090135,0.20097176120653507,0.20098999296537232,0.20100784226868354,0.20102530993949588,0.2010423968710002,0.20105910402493776,0.20107543242996928,0.20109138318002415,0.20110695743263524
14.25,1.0050787291343417,1.01015992501585,1.0152463723125633,1.020340587324076,1.0254448405585026,1.0305611774417505,1.0356914373219024,1.0408372709162632,1.0460001563348864,1.0511814138020135,1.0563822191856995,1.061603616435823,1.0668465290215803,1.0721117704513552,1.077400053950434,1.0827120013653815,1.0880481513577394,1.0934089669442901,1.0987948424361682,1.104206109824581,1.109643044656834,1.1151058714426874,1.1205947686276854,1.1261098731670658,1.1316512847310942,1.1372190695701663,1.1428132640656912,1.1484338779907286,1.1540808975024341,1.1597542878865987,1.1654539960730546,1.171179952939211,1.1769320754177175,1.1827102684229711,1.1885144266101246,1.1943444359792164,1.2002001753361133,1.2060815176210928,1.211988331115109,1.2179204805330581,1.2238778280126843,1.229860234007157,1.2358675580887721,1.2418996596707057,1.2479563986532691,1.2540376360006504,1.2601432342537258,1.2662730579841177,1.2724269741943417,1.2786048526685294,1.2848065662779118,1.2910319912449515,1.2972810073697583,1.3035534982221486,1.3098493513024978,1.3161684581743032,1.3225107145711652,1.3288760204807155,1.3352642802078318,1.3416754024192759,1.3481093001718778,1.3545658909260083,1.3610450965461234,1.367546843289969,1.3740710617879102,1.38061768701374,1.3871866582482044,1.393777919036386,1.400391417139979,1.407027104485404,1.4136849371086224,1.4203648750974252,1.42706688253189,1.4337909274236305,1.4405369816543898,1.4473050209144611,1.4540950246413615,1.4609069759591171,1.467740861618475,1.4745966719382926,1.4814744007483127,1.4883740453334797,1.4952956063799216,1.5022390879226646,1.5092044972951209,1.5161918450803475,1.5232011450640492,1.5302324141892552,1.5372856725125785,1.5443609431619507,1.5514582522956744,1.5585776290626407,1.5657191055635165,1.5728827168127084,1.580068500700883,1.5872764979578087,1.594506752115278,1.601759309469856,1.6090342190451863,1.6163315325535936,1.6236513043567002,1.6309935914247784,1.638358453294559,1.6457459520252125,1.653156152152225,1.6605891206388823,1.6680449268250948,1.675523642373284,1.6830253412110727,1.6905500994705112,1.698097995423598,1.7056691094138463,1.7132635237836706,1.7208813227973676,1.7285225925594836,1.7361874209283714,1.7438758974247521,1.7515881131351125,1.759324160609779,1.7670841337555352,1.7748681277226481,1.7826762387861965,1.7905085642216148,1.798365202174358,1.8062462515236442,1.8141518117402227,1.8220819827381372,1.8300368647204808,1.8380165580191443,1.846021162928582,1.8540507795336394,1.862105507531494,1.8701854460477878,1.8782906934470394,1.8864213471374425,1.8945775033701715,1.9027592570333336,1.9109667014407195,1.919199928115514,1.9274590265691605,1.9357440840755544,1.9440551854407973,1.952392412768714,1.9607558452223732,1.9691455587818578,1.977561625998526,1.9860041157460528,1.9944730929685046,2.002968618425743,2.0114907484364433,2.020039534619034,2.0286150236308598,2.0372172569058833,2.045846270391235,2.0545020942829524,2.0631847527612175,2.0718942637254343,2.080630638529475,2.0893938817174265,2.098183990760187,2.1070009557932305,2.115844759355894,2.124715376132504,2.1336127726956997,2.1425369072522633,2.151487729391798,2.1604651798385786,2.169469190206892,2.1784996827601897,2.1875565701743582,2.196639755305422,2.2057491309619635,2.214884579682572,2.224045973518591,2.2332331738224447,2.242446031041819,2.251684384519952,2.2609480623022824,2.2702368809497004,2.2795506453586345,2.2888891485881913,2.298252171694556,2.3076394835728657,2.3170508408067243,2.32648598752556,2.3359446552699583,2.345426562865164,2.354931416302856,2.364458908631349,2.3740087198543263,2.3835805168382147,2.3931739532282896,2.4027886693735967,2.412424292260743,2.4220804354566323,2.4317566990601724,2.4414526696629832,2.4511679203191505,2.4609020105240074,2.4706544862019855,2.480424879703044,2.490212709808772,2.500017481747056,2.5098386872156273,2.5196758044144314,2.52952829808675,2.5393956195689658,2.5492772068488905,2.559172484632525,2.569080864419158,2.5790017445846565,2.588934510472828,2.5988785344946903,2.6088331762355197,2.618797782569489,2.6287716877817453,2.6387542136977356,2.648744669819607,2.6587423534694814,2.668746549939409,2.6787565326477965,2.688771563302103,2.698790892067582,2.7088137577418587,2.7188393879351067,2.7288669992556116,2.738895797500475,2.7489249778512304,2.7589537250741403,2.7689812137249206,2.7790066083576646,2.7890290637377144,2.799047725058243,2.8090617281602963,2.8190701997560543,2.829072257655063,2.8390670109932032,2.849053560464137,2.859030998553005,2.86899840977213,2.878954870898479,2.88889945121267,2.898831212739268,2.908749210488155,2.918652492696741,2.928540101072803,2.9384110710377183,2.9482644319698914,2.9580992074481585,2.96791441549497,2.977709068819145,2.98748217505801,2.9972327370187273,3.0069597529186387,3.0166622166244417,3.0263391178900227,3.035989442592803,3.045612172968415,3.055206287843575,3.064770762867002,3.0743045707382533,3.0838066814343312,3.0932760624339553,3.1027116789393774,3.1121124940956286,3.1214774692071012,3.1308055639513763,3.140095736590202,3.14934694417755,3.1585581427646816,3.167728287602155,3.176856333338719,3.185941234217053,3.1949819442662934,3.2039774174913385,3.212926608058883,3.221828470480175,3.2306819597904854,3.239486031725268,3.2482396428930422,3.256941750944972,3.2655913147411857,3.274187294513845,3.2827286520269916,3.291214350733209,3.299643355927142,3.308014634895914,3.3163271570665063,3.3245798941501397,3.3327718202837415,3.340901912168552,3.3489691492059492,3.356972513630574,3.3649109906408254,3.3727835685268315,3.3805892387959697,3.3883269962960445,3.3959958393362135,3.4035947698057654,3.411122793290856,3.4185789191893106,3.4259621608236044,3.4332715355521257,3.4405060648788512,3.4476647745615376,3.4547466947185543,3.4617508599344773,3.4686763093645627,3.4755220868382266,3.482287240961643,3.4889708252195986,3.4955718980767148,3.5020895230781663,3.508522768950012,3.5148707096992706,3.5211324247138545,3.5273069988624743,3.533393522594657,3.5393910920409652,3.5452988091135476,3.55111578160714,3.55684112330061,3.5624739540591674,3.568013399937336,3.5734585932828,3.578808672841214,3.5840627838620795,3.5892200782057744,3.594279714451832,3.5992408580085447,3.604102681223981,3.6088643634984936,3.6135250913987806,3.6180840587735825,3.622540466871066,3.626893524457952,3.6311424479404635,3.6352864614871088,3.6393247971533715,3.6432566950083305,3.6470814032632544,3.6507981784021815,3.654406285314531,3.6579049974297417,3.6612935968539624,3.664571374508794,3.6677376302720934,3.670791673120819,3.6737328212759213,3.6765604023492577,3.6792737534925055,3.681872221548054,3.684355163201841,3.686721945138085,3.6889719441958895,3.6911045475276523,3.6931191527592335,3.695015168151827,3.6967920127654526,3.6984491166240274,3.699985920881916,3.701401877991892,3.7026964518744205,3.70386911808818,3.7049193640017233,3.7058466889661763,3.7066506044888836,3.707330634407881,3.7078863150670887,3.7083171954921155,3.7086228375665438,3.7088028162085864,3.7088567195479794,3.7087841491029825,3.708584719957365,3.7082580609372267,3.707803814787528,3.7072216383481855,3.706511202729591,3.7056721934874015,3.7047043107964672,3.703607269623731,3.7023807998999763,3.7010246466902323,3.699538570362724,3.697922346756187,3.696175767345397,3.694298639404773,3.6922907861698704,3.690152046996641,3.687882277518277,3.685481349799492,3.6829491524880966,3.6802855909636856,3.677490587483311,3.6745640813239686,3.6715060289217565,3.6683164040075438,3.6649951977390134,3.66154241882892,3.6579580936694223,3.654242266452347,3.650394999285238,3.6464163723030554,3.642306483775386,3.638065450209025,3.6336934064458184,3.6291905057556066,3.6245569199241716,3.6197928393360455,3.6148984730520786,3.609874048881641,3.6047198134493463,3.5994360322561927,3.5940229897350293,3.588480989300218,3.582810353391422,3.5770114235114305,3.5710845602579027,3.5650301433489853,3.5588485716427005,3.5525402631500422,3.5461056550417,3.539545203648366,3.532859384454544,3.526048692085812,3.519113640289501,3.512054761908728,3.5048726088497464,3.49756775204259,3.49014078139496,3.4825923057393515,3.474922952773385,3.4671333689933275,3.4592242196207996,3.4511961885226605,3.4430499781240718,3.4347863093147355,3.4264059213483313,3.417909571735153,3.4092980361279803,3.4005721082011884,3.391732599523144,3.3827803394219087,3.373716174844304,3.364540970208361,3.3552556072492172,3.3458609848585183,3.3363580189173527,3.3267476421228297,3.317030803808313,3.307208469757426,3.2972816220118717,3.2872512586731646,3.277118393698353,3.266884056689809,3.2565492926791992,3.246115161905704,3.2355827395886028,3.224953115694324,3.2142273946980575,3.203406695340046,3.192492150376669,3.181484906326423,3.170386123210933,3.1591969742911044,3.1479186457985424,3.136552336662369,3.1250992582315695,3.113560633992984,3.101937699285108,3.0902317010078066,3.0784438973281074,3.066575557382198,3.054627960973774,3.042602398268884,3.030500169487422,3.018322584591404,3.006070962970188,2.993746633122784,2.981350932337406,2.9688852063684164,2.956350809110826,2.9437491022724878,2.931081455044156,2.918349243767557,2.9055538516016286,2.8926966681870887,2.879779089309487,2.866802516560895,2.8537683570003933,2.8406780228135196,2.8275329309708117,2.8143345028856377,2.8010841640714257,2.78778334379849,2.774433474750576,2.7610359926812986,2.7475923360706136,2.7341039457814786,2.7205722647168593,2.706998737477223,2.6933848100186677,2.679731929311845,2.666041543001807,2.652315099068931,2.6385540454910625,2.6247598299070183,2.610933899281584,2.5970776995721514,2.5831926753971186,2.5692802697062023,2.5553419234527834,2.5413790752684102,2.5273931611396026,2.513385614087064,2.49935786384744,2.485311336557728,2.4712474544424703,2.457167635503832,2.4430732932146917,2.4289658362148403,2.4148466680104055,2.400717186676605,2.3865787845639255,2.3724328480078363,2.3582807570421256,2.344123885115959,2.32996359881475,2.3158012575849307,2.3016382134627085,2.287475810806891,2.273315386035863,2.2591582673687824,2.245005774571083,2.230859218704345,2.216719901880606,2.2025891170211698,2.188468147619995,2.174358267511697,2.1602607406442393,2.1461768208563594,2.1321077516597757,2.1180547660262405,2.1040190861794565,2.0900019233919256,2.076004477786748,2.0620279381444244,2.0480734817146744,2.0341422740333286,2.0202354687442874,2.0063542074266043,1.9924996194266944,1.9786728216956904,1.964874918631969,1.9511070019288546,1.9373701504275127,1.9236654299750433,1.9099938932877736,1.8963565798197617,1.882754515636501,1.8691887132938334,1.8556601717220582,1.842169876115231,1.8287187978256492,1.8153078942635006,1.8019381088016724,1.7886103706856924,1.7753255949487952,1.7620846823320786,1.7488885192097394,1.7357379775193558,1.7226339146971872,1.7095771736184677,1.6965685825426564,1.6836089550636126,1.6706990900646603,1.657839771678504,1.6450317692519545,1.6322758373154287,1.6195727155571762,1.606923128802187,1.5943277869957395,1.581787385191537,1.5693026035443813,1.5568741073073424,1.5445025468333584,1.532188557581224,1.5199327601259065,1.507735760173134,1.4955981485782015,1.4835205013689305,1.4715033797727304,1.459547330247694,1.4476528845176695,1.4358205596112443,1.424050857904578,1.4123442671680217,1.4007012606164548,1.389122296963276,1.3776078204779798,1.3661582610472554,1.3547740342395331,1.3434555413729152,1.3322031695864203,1.3210172919144714,1.3098982673645558,1.2988464409979918,1.2878621440137241,1.276945693835082,1.2660973941994271,1.2553175352506192,1.2446063936342273,1.2339642325954174,1.2233913020794376,1.2128878388346385,1.2024540665179468,1.1920901958027277,1.181796424488958,1.1715729376156425,1.1614199075753981,1.151337494231138,1.1413258450347783,1.1313850951479028,1.1215153675643093,1.1117167732343698,1.101989411191133,1.0923333686780978,1.0827487212785918,1.07323553304668,1.0637938566395406,1.0544237334512365,1.0451251937478117,1.0358982568036537,1.026742931039045,1.017659214158846,1.0086470932922378,0.9997065451334608,0.9908375360834907,0.9820400223925783,0.9733139503035968,0.9646592561961348,0.9560758667312677,0.9475636989969521,0.939122660653982,0.9307526500824422,0.9224535565286109,0.9142252602522414,0.9060676326741761,0.8979805365242306,0.889963825989295,0.8820173468615973,0.874140936687076,0.866334424913809,0.8585976330404439,0.8509303747645869,0.8433324561310891,0.8358036756801911,0.8283438245954712,0.8209526868515534,0.813630039361527,0.8063756521240332,0.7991892883699735,0.7920707047087984,0.7850196512743294,0.7780358718700787,0.7711191041140201,0.7642690795827742,0.7574855239551704,0.7507681571551434,0.744116693493932,0.7375308418115406,0.7310103056174317,0.7245547832304113,0.7181639679176774,0.7118375480329978,0.7055752071539866,0.6993766242184479,0.6932414736597592,0.6871694255412629,0.6811601456896423,0.6752132958272515,0.6693285337033776,0.6635055132244043,0.6577438845828607,0.652043294385325,0.6464033857791653,0.640823798578095,0.6353041693865215,0.6298441317226701,0.6244433161404618,0.619101350350132,0.6138178593375667,0.608592465482344,0.6034247886744663,0.5983144464297642,0.5932610540039626,0.5882642245053942,0.5833235690063477,0.5784386966530405,0.5736092147742028,0.5688347289882675,0.5641148433091512,0.5594491602506224,0.554837280929247,0.5502788051659027,0.5457733315858596,0.5413204577174183,0.5369197800891012,0.532570894325393,0.5282733952410258,0.5240268769338086,0.5198309328759939,0.5156851560041839,0.5115891388077728,0.5075424734159261,0.5035447516830941,0.49959556527306426,0.49569450574155,0.4918411646173183,0.48803513348186023,0.4842760040476043,0.48056336823467827,0.4768968182462211,0.47327594664225003,0.4697003464120892,0.46616961104536075,0.4626833346015489,0.45924111177813887,0.4558425379773395,0.452487209371396,0.4491747229664996,0.4459046766653014,0.44267666932804045,0.43949030083229085,0.4363451721313415,0.43324088531121246,0.43017704364632126,0.4271532516538067,0.42416911514652145,0.42122424128470337,0.4183182386263351,0.41545071717620535,0.4126212884336804,0.40982956543919963,0.4070751628195044,0.40435769683161427,0.4016767854055615,0.39903204818589694,0.39642310657197893,0.39384958375705886,0.39131110476617575,0.3888072964928735,0.38633778773475363,0.38390220922787655,0.381500193680026,0.37913137580284967,0.3767953923428893,0.37449188211151524,0.3722204860137789,0.36998084707619716,0.3677726104734827,0.36559542355423585,0.3634489358656098,0.36133279917696637,0.3592466675025348,0.3571901971230886,0.3551630466066554,0.3531648768282735,0.3511953509888109,0.34925413463285954,0.3473408956657214,0.34545530436949945,0.3435970334183083,0.3417657578926202,0.33996115529275905,0.3381829055515581,0.33643069104619605,0.33470419660922424,0.3330031095388017,0.33132711960814965,0.3296759190742422,0.32804920268574544,0.32644666769021985,0.3248680138406004,0.3233129434009667,0.3217811611516194,0.3202723743934742,0.3187862929517885,0.3173226291792333,0.3158810979583254,0.3144614167032307,0.31306330536095406,0.3116864864119281,0.3103306848700124,0.308995628281919,0.3076810467260736,0.30638667281092724,0.3051122416727309,0.3038574909727831,0.3026221608941657,0.3014059941379779,0.30020873591908104,0.2990301339613654,0.2978699384925524,0.29672790223854073,0.2956037804173108,0.2944973307323959,0.29340831336593426,0.29233649097130926,0.29128162866539187,0.29024349402039357,0.2892218570553416,0.28821649022718626,0.28722716842155005,0.2862536689431297,0.2852957715057602,0.2843532582221501,0.2834259135932993,0.2825135244976063,0.28161588017967704,0.2807327722388413,0.279863994617389,0.27900934358853213,0.27816861774410306,0.2773416179819972,0.27652814749336746,0.2757280117495811,0.274941018488944,0.2741669777032032,0.27340570162383415,0.27265700470811965,0.27192070362503074,0.2711966172409135,0.2704845666049922,0.26978437493469404,0.26909586760080345,0.26841887211245274,0.2677532181019558,0.2670987373094918,0.26645526356764504,0.26582263278580825,0.26520068293445503,0.2645892540292879,0.2639881881152682,0.2633973292505335,0.2628165234902099,0.2622456188701221,0.26168446539041096,0.26113291499906033,0.2605908215753416,0.26005804091317974,0.2595344307044468,0.25901985052218846,0.25851416180378745,0.2580172278340711,0.25752891372836606,0.25704908641550606,0.25657761462079715,0.25611436884894595,0.25565922136695446,0.2552120461869866,0.2547727190492116,0.2543411174046274,0.2539171203978693,0.2535006088500082,0.2530914652413425,0.2526895736941874,0.25229481995566616,0.2519070913805078,0.2515262769138541,0.25115226707408045,0.2507849539356347,0.2504242311118971,0.2500699937380656,0.24972213845406974,0.24938056338751685,0.24904516813667493,0.2487158537534938,0.2483925227266701,0.2480750789647581,0.24776342777933028,0.24745747586819042,0.24715713129864303,0.24686230349082192,0.246572903201081,0.24628884250545055,0.2460100347831619,0.24573639470024322,0.24546783819318962,0.24520428245271053,0.24494564590755666,0.24469184820842943,0.2444428102119764,0.2441984539648737,0.2439587026879996,0.2437234807607012,0.24349271370515593,0.24326632817083185,0.24304425191904824,0.2428264138076382,0.2426127437757167,0.24240317282855628,0.24219763302257108,0.24199605745041308,0.24179838022618205,0.24160453647075053,0.2414144622972064,0.24122809479641538,0.2410453720227044,0.24086623297966833,0.2406906176061009,0.24051846676205324,0.24034972221501957,0.24018432662625314,0.24002222353721292,0.23986335735614356,0.23970767334478937,0.2395551176052429,0.23940563706693155,0.23925917947374098,0.23911569337127805,0.2389751280942745,0.23883743375413072,0.23870256122660288,0.23857046213963282,0.23844108886132154,0.23831439448804836,0.23819033283273508,0.23806885841325653,0.23794992644099838,0.2378334928095616,0.2377195140836159,0.2376079474879007,0.23749875089637545,0.23739188282151863,0.23728730240377643,0.2371849694011607,0.23708484417899678,0.2369868876998208,0.2368910615134271,0.236797327747065,0.23670564909578537,0.23661598881293652,0.23652831070080918,0.23644257910143074,0.2363587588875074,0.23627681545351537,0.2361967147069387,0.236118423059655,0.2360419074194676,0.2359671351817834,0.2358940742214363,0.2358226928846548,0.23575295998117363,0.23568484477648818,0.23561831698425048,0.23555334675880704,0.23548990468787576,0.23542796178536246,0.23536748948431485,0.235308459630014,0.2352508444731999,0.23519461666343264,0.2351397492425864,0.23508621563847398,0.2350339896586036,0.2349830454840626,0.23493335766353018,0.2348849011074153,0.23483765108211943,0.2347915832044219,0.23474667343598712,0.23470289807799122,0.23466023376586653,0.2346186574641632,0.23457814646152508,0.23453867836577863,0.234500231099133,0.23446278289349035,0.2344263122858625,0.23439079811389482,0.2343562195114935,0.23432255590455497,0.2342897870067959,0.23425789281568166,0.23422685360845114,0.23419664993823666,0.23416726263027593,0.2341386727782158,0.23411086174050386,0.23408381113686824,0.23405750284488142,0.23403191899660772,0.2340070419753319,0.23398285441236683,0.23395933918393894,0.23393647940814855,0.23391425844200392,0.23389265987852723,0.23387166754392943,0.23385126549485352,0.23383143801568362,0.23381216961591775,0.23379344502760283,0.23377524920283058,0.2337575673112907,0.23374038473788192,0.233723687080377,0.23370746014714128,0.23369168995490233,0.23367636272656928,0.23366146488909983,0.23364698307141354,0.23363290410234946,0.23361921500866667,0.23360590301308595,0.23359295553237114,0.2335803601754482,0.23356810474156112,0.23355617721846259,0.23354456578063798,0.2335332587875616,0.23352224478198322,0.2335115124882437,0.23350105081061898,0.23349084883168955,0.23348089581073592,0.2334711811821571,0.23346169455391239,0.23345242570598398,0.23344336458886009,0.233434501322037,0.23342582619253868,0.23341732965345366,0.23340900232248732,0.23340083498052927,0.23339281857023392,0.23338494419461428,0.23337720311564747,0.23336958675289093,0.2333620866821092,0.23335469463390948,0.23334740249238603,0.23334020229377195,0.2333330862250982,0.23332604662285886,0.2333190759716816,0.23331216690300374,0.23330531219375236,0.23329850476502775,0.23329173768079134,0.2332850041465549,0.23327829750807305,0.23327161125003687,0.23326493899476952,0.23325827450092237,0.23325161166217176,0.23324494450591643,0.2332382671919741,0.23323157401127892,0.23322485938457713,0.23321811786112254,0.23321134411737102,0.2332045329556732,0.23319767930296686,0.23319077820946651,0.2331838248473525,0.23317681450945782,0.23316974260795312,0.23316260467303038,0.23315539635158428,0.23314811340589206,0.23314075171229146,0.23313330725985698,0.2331257761490742,0.233118154590513,0.23311043890349853,0.23310262551478186,0.23309471095720793,0.23308669186838382,0.23307856498934515,0.23307032716322199,0.23306197533390435,0.23305350654470694,0.2330449179370344,0.23303620674904593,0.2330273703143206,0.23301840606052365,0.23300931150807294,0.23300008426880733,0.23299072204465573,0.23298122262630877,0.23297158389189185,0.23296180380564108,0.23295188041658185,0.2329418118572103,0.23293159634217828,0.23292123216698246,0.232910717706657,0.23290005141447098,0.23288923182063084,0.23287825753098806,0.23286712722575192,0.23285583965820913,0.23284439365344906,0.2328327881070959,0.23282102198404842,0.23280909431722657,0.2327970042063265,0.23278475081658376,0.23277233337754483,0.23275975118184788,0.23274700358401357,0.23273408999924433,0.23272100990223538,0.23270776282599492,0.2326943483606762,0.23268076615242034,0.2326670159022108,0.23265309736474035,0.23263901034728962,0.23262475470861893,0.23261033035787282,0.2325957372534977,0.23258097540217393,0.23256604485776067,0.23255094572025614,0.23253567813477163,0.23252024229052048,0.23250463841982258,0.23248886679712347,0.23247292773802972,0.23245682159835973,0.23244054877321077,0.23242410969604207,0.23240750483777478,0.23239073470590807,0.2323737998436527,0.2323567008290806,0.23233943827429315,0.23232201282460493,0.23230442515774632,0.23228667598308286,0.23226876604085248,0.2322506961014203,0.2322324669645514,0.2322140794587011,0.2321955344403233,0.23217683279319642,0.23215797542776784,0.232138963280515,0.23211979731332577,0.23210047851289523,0.23208100789014133,0.23206138647963742,0.23204161533906248,0.23202169554866922,0.23200162821076883,0.2319814144492336,0.2319610554090159,0.23194055225568477,0.23191990617497846,0.231899118372374,0.23187819007267294,0.23185712251960264,0.2318359169754341,0.23181457472061492,0.23179309705341755,0.23177148528960237,0.23174974076209598,0.23172786482068333,0.23170585883171405,0.23168372417782235,0.23166146225766077,0.23163907448564608,0.23161656229171837,0.23159392712111246,0.2315711704341402,0.2315482937059855,0.231525298426509,0.2315021861000642,0.23147895824532322,0.2314556163951121,0.23143216209625594,0.23140859690943175,0.23138492240903016,0.23136114018302495,0.231337251832849,0.23131325897327817,0.23128916323232024,0.23126496625111034,0.23124066968381138,0.23121627519751878,0.23119178447217006,0.23116719920045722,0.23114252108774308,0.23111775185197944,0.23109289322362767,0.23106794694558064,0.23104291477308583,0.2310177984736684,0.23099259982705472,0.2309673206250949,0.23094196267168404,0.2309165277826822,0.23089101778583193,0.230865434520673,0.23083977983845375,0.230814055602039,0.2307882636858138,0.23076240597558176,0.23073648436845898,0.23071050077276123,0.2306844571078863,0.23065835530418813,0.23063219730284526,0.23060598505572066,0.23057972052521397,0.23055340568410554,0.23052704251539125,0.23050063301210832,0.23047417917715157,0.23044768302307927,0.23042114657190946,0.23039457185490467,0.23036796091234632,0.23034131579329745,0.23031463855535406,0.23028793126438424,0.23026119599425546,0.23023443482654932,0.23020764985026354,0.23018084316150134,0.23015401686314757,0.23012717306453181,0.2301003138810779,0.23007344143394012,0.23004655784962555,0.230019665259603,0.22999276579989777,0.229965861610673,0.22993895483579652,0.22991204762239434,0.22988514212038993,0.22985824048202946,0.2298313448613938,0.2298044574138959,0.22977758029576503,0.2297507156635172,0.22972386567341244,0.22969703248089787,0.2296702182400389,0.22964342510293614,0.2296166552191305,0.2295899107349954,0.2295631937931165,0.22953650653165963,0.22950985108372696,0.22948322957670186,0.2294566441315821,0.229430096862303,0.22940358987504994,0.2293771252675602,0.2293507051284166,0.22932433153633008,0.22929800655941543,0.22927173225445707,0.2292455106661681,0.22921934382644144,0.2291932337535942,0.22916718245160572,0.22914119190934962,0.22911526409982108,0.22908940097935868,0.22906360448686255,0.22903787654300894,0.22901221904946145,0.22898663388808022,0.22896112292012927,0.2289356879854826,0.22891033090183,0.22888505346388247,0.2288598574425792,0.22883474458429567,0.22880971661005334,0.228784775214733,0.22875992206629095,0.22873515880497972,0.2287104870425734,0.2286859083615987,0.2286614243145717,0.22863703642324243,0.2286127461778465,0.22858855503636463,0.22856446442379225,0.22854047573141803,0.22851659031611318,0.22849280949963147,0.22846913456792153,0.22844556677045147,0.22842210731954654,0.22839875738974078,0.22837551811714324,0.22835239059881912,0.2283293758921875,0.22830647501443463,0.22828368894194495,0.2282610186097502,0.22823846491099611,0.22821602869642887,0.2281937107739012,0.22817151190789822,0.22814943281908465,0.22812747418387322,0.22810563663401512,0.22808392075621278,0.22806232709175614,0.2280408561361819,0.22801950833895746,0.22799828410318876,0.22797718378535378,0.22795620769506095,0.22793535609483412,0.2279146291999227,0.22789402717814006,0.2278735501497276,0.22785319818724717,0.2278329713155006,0.22781286951147797,0.22779289270433375,0.22777304077539157,0.22775331355817854,0.2277337108384876,0.22771423235447033,0.2276948777967584,0.22767564680861505,0.22765653898611635,0.22763755387836246,0.22761869098771836,0.22759994977008527,0.22758132963520175,0.22756282994697496,0.22754445002384216,0.22752618913916176,0.2275080465216349,0.22749002135575647,0.22747211278229612,0.2274543198988088,0.22743664176017434,0.22741907737916706,0.22740162572705352,0.2273842857342197,0.22736705629082588,0.2273499362474907,0.227332924416002,0.22731601957005593,0.2272992204460225,0.22728252574373853,0.22726593412732607,0.22724944422603732,0.2272330546351243,0.2272167639167338,0.22720057060082577,0.2271844731861167,0.227168470141045,0.22715255990475922,0.22713674088812816,0.22712101147477273,0.22710537002211714,0.22708981486246144,0.2270743443040719,0.2270589566322906,0.22704365011066227,0.22702842298207834,0.22701327346993644,0.2269981997793158,0.22698320009816664,0.2269682725985132,0.22695341543766973,0.2269386267594676,0.22692390469549426,0.22690924736634094,0.22689465288286081,0.22688011934743418,0.2268656448552409,0.22685122749553985,0.2268368653529525,0.2268225565087514,0.22680829904215175,0.22679409103160483,0.22677993055609327,0.22676581569642593,0.22675174453653235,0.2267377151647549,0.22672372567513877,0.22670977416871715,0.22669585875479215,0.2266819775522094,0.22666812869062572,0.22665431031176886,0.2266405205706878,0.22662675763699358,0.22661301969608835,0.2265993049503826,0.22658561162049928,0.2265719379464638,0.2265582821888787,0.2265446426300822,0.22653101757529012,0.22651740535371906,0.22650380431969103,0.22649021285371818,0.2264766293635663,0.22646305228529698,0.2264494800842867,0.2264359112562228,0.22642234432807484,0.22640877785904065,0.22639521044146654,0.22638164070174058,0.2263680673011582,0.22635448893675963,0.22634090434213788,0.2263273122882172,0.22631371158400113,0.22630010107728873,0.22628647965536017,0.22627284624562852,0.22625919981625986,0.22624553937675873,0.22623186397852055,0.22621817271534833,0.22620446472393557,0.2261907391843128,0.22617699532025812,0.22616323239967262,0.22614944973491768,0.22613564668311625,0.22612182264641692,0.22610797707222,0.22609410945336622,0.22608021932828753,0.22606630628111982,0.22605236994177746,0.22603840998598934,0.226024426135297,0.22601041815701406,0.2259963858641476,0.22598232911528088,0.22596824781441813,0.22595414191079108,0.22594001139862754,0.2259258563168822,0.22591167674892976,0.22589747282222084,0.22588324470790064,0.2258689926203911,0.22585471681693628,0.22584041759711204,0.22582609530229963,0.22581175031512485,0.22579738305886143,0.22578299399680107,0.22576858363158914,0.2257541525045278,0.22573970119484593,0.22572523031893776,0.22571074052956958,0.22569623251505647,0.2256817069984086,0.2256671647364486,0.22565260651890065,0.22563803316745143,0.2256234455347849,0.22560884450359067,0.2255942309855473,0.22557960592028134,0.2255649702743033,0.22555032503992073,0.2255356712341303,0.22552100989748897,0.22550634209296574,0.2254916689047753,0.22547699143719335,0.22546231081335616,0.22544762817404457,0.22543294467645317,0.22541826149294691,0.2254035798098049,0.22538890082595373,0.22537422575169005,0.2253595558073951,0.22534489222224088,0.22533023623289028,0.2253155890821913,0.22530095201786698,0.22528632629120293,0.22527171315573186,0.2252571138659179,0.22524252967584113,0.22522796183788332,0.22521341160141684,0.225198880211497,0.2251843689075591,0.22516987892212223,0.2251554114794996,0.22514096779451778,0.22512654907124494,0.22511215650172986,0.22509779126475296,0.22508345452458947,0.225069147429787,0.22505487111195746,0.22504062668458555,0.22502641524185413,0.22501223785748692,0.22499809558361114,0.22498398944963968,0.22496992046117392,0.22495588959892923,0.2249418978176825,0.22492794604524377,0.22491403518145192,0.22490016609719685,0.22488633963346655,0.22487255660042194,0.2248588177764993,0.2248451239075415,0.2248314757059576,0.22481787384991345,0.2248043189825516,0.22479081171124385,0.22477735260687393,0.2247639422031537,0.22475058099597106,0.22473726944277245,0.2247240079619777,0.22471079693242998,0.22469763669287984,0.22468452754150386,0.22467146973545926,0.22465846349047297,0.22464550898046703,0.22463260633721938,0.22461975565006098,0.22460695696560884,0.2245942102875353,0.22458151557637315,0.22456887274935802,0.22455628168030559,0.2245437421995257,0.22453125409377236,0.22451881710622934,0.22450643093653164,0.22449409524082206,0.22448180963184305,0.22446957367906334,0.2244573869088389,0.22444524880460812,0.2244331588071202,0.2244211163146971,0.22440912068352797,0.2243971712279955,0.22438526722103386,0.22437340789451762,0.22436159243968065,0.22434982000756482,0.2243380897094971,0.22432640061759518,0.22431475176529975,0.22430314214793368,0.22429157072328665,0.22428003641222405,0.22426853809931993,0.22425707463351277,0.22424564482878293,0.2242342474648506,0.2242228812878942,0.22421154501128665,0.2242002373163499,0.22418895685312534,0.22417770224116038,0.22416647207030824,0.22415526490154183,0.22414407926777846,0.22413291367471605,0.2241217666016786,0.22411063650246926,0.22409952180623155,0.22408842091831513,0.2240773322211467,0.2240662540751043,0.224055184819393,0.22404412277292174,0.22403306623517966,0.22402201348711012,0.2240109627919823,0.22399991239625816,0.22398886053045386,0.22397780540999437,0.22396674523606042,0.22395567819642603,0.22394460246628559,0.22393351620906973,0.2239224175772483,0.2239113047131197,0.22390017574958554,0.22388902881090916,0.2238778620134573,0.22386667346642408,0.22385546127253597,0.2238442235287371,0.22383295832685374,0.2238216637542379,0.22381033789438778,0.22379897882754649,0.22378758463127577,0.22377615338100668,0.2237646831505646,0.22375317201266942,0.22374161803940928,0.22373001930268885,0.22371837387465032,0.22370667982806777,0.2236949352367148,0.22368313817570437,0.22367128672180167,0.2236593789537093,0.22364741295232585,0.2236353868009764,0.22362329858561653,0.22361114639500984,0.22359892832087813,0.22358664245802717,0.22357428690444495,0.22356185976137669,0.22354935913337473,0.22353678312832448,0.2235241298574483,0.22351139743528647,0.2234985839796578,0.2234856876115991,0.2234727064552868,0.22345963863793913,0.22344648228970268,0.22343323554352246,0.22341989653499839,0.22340646340222817,0.22339293428563925,0.22337930732781044,0.22336558067328496,0.22335175246837713,0.22333782086097315,0.2233237840003285,0.22330964003686413,0.2232953871219614,0.22328102340775993,0.22326654704695825,0.2232519561926204,0.2232372489979894,0.22322242361631073,0.22320747820066628,0.22319241090382178,0.22317721987808975,0.22316190327520907,0.2231464592462439,0.2231308859415037,0.22311518151048662,0.2230993441018475,0.22308337186339305,0.22306726294210624,0.22305101548420148,0.22303462763521212,0.2230180975401135,0.22300142334348164,0.2229846031896906,0.2229676352231497,0.22295051758858284,0.2229332484313503,0.22291582589781642,0.22289824813576317,0.22288051329485203,0.22286261952713454,0.22284456498761449,0.2228263478348608,0.2228079662316746,0.2227894183458094,0.2227707023507474,0.22275181642653094,0.22273275876065118,0.22271352754899443,0.22269412099684646,0.22267453731995532,0.22265477474565362,0.22263483151403984,0.22261470587921947,0.22259439611060566,0.2225739004942794,0.22255321733440922,0.22253234495473032,0.222511281700082,0.22249002593800396,0.22246857606039,0.22244693048519887,0.22242508765822067,0.22240304605489938,0.22238080418220854,0.22235836058058034,0.22233571382588563,0.2223128625314648,0.22228980535020634,0.22226654097667273,0.22224306814927128,0.22221938565246782,0.222195492319042,0.22217138703238087,0.22214706872881018,0.22212253639995902,0.2220977890951574,0.2220728259238631,0.22204764605811486,0.2220222487350104,0.22199663325920538,0.22197079900543124,0.22194474542102807,0.22191847202849055,0.22189197842802277,0.22186526430009954,0.22183832940803072,0.22181117360052519,0.22178379681425106,0.2217561990763891,0.2217283805071754,0.22170034132243022,0.22167208183606965,0.22164360246259554,0.22161490371956175,0.22158598623001163,0.22155685072488399,0.22152749804538388,0.22149792914531413,0.22146814509336463,0.2214381470753553,0.22140793639642964,0.22137751448319468,0.2213468828858045,0.22131604327998325,0.22128499746898453,0.22125374738548367,0.22122229509339938,0.22119064278964148,0.22115879280578193,0.22112674760964499,0.22109450980681408,0.22106208214205267,0.22102946750063476,0.22099666890958347,0.22096368953881443,0.22093053270218085,0.2208972018584185,0.2208637006119867,0.22083003271380472,0.2207962020618793,0.22076221270182284,0.22072806882725848,0.22069377478011193,0.22065933505078605,0.22062475427821848,0.22059003724981915,0.22055518890128728,0.22052021431630525,0.22048511872610999,0.22044990750893842,0.2204145861893482,0.22037916043741146,0.22034363606778154,0.22030801903863206,0.2202723154504676,0.22023653154480644,0.22020067370273452,0.22016474844333078,0.22012876242196514,0.22009272242846714,0.22005663538516831,0.22002050834481707,0.21998434848836784,0.21994816312264448,0.2199119596778802,0.21987574570513405,0.21983952887358582,0.21980331696771094,0.21976711788433662,0.21973093962958112,0.21969479031567832,0.2196586781576888,0.21962261147010062,0.21958659866332114,0.2195506482400627,0.21951476879162468,0.2194789689940741,0.21944325760432837,0.21940764345614214,0.21937213545600154,0.21933674257892904,0.21930147386420207,0.2192663384109879,0.2192313453738995,0.21919650395847434,0.21916182341658116,0.21912731304175664,0.21909298216447695,0.21905884014736765,0.21902489638035508,0.2189911602757642,0.21895764126336575,0.21892434878537767,0.21889129229142382,0.21885848123345525,0.2188259250606372,0.21879363321420614,0.2187616151223018,0.21872988019477724,0.2186984378179922,0.2186672973495935,0.2186364681132867,0.21860595939360364,0.21857578043066989,0.21854594041497635,0.21851644848215937,0.218487313707794,0.21845854510220372,0.21843015160529172,0.21840214208139747,0.2183745253141832,0.2183473100015536,0.21832050475061388,0.2182941180726691,0.21826815837827032,0.21824263397230953,0.21821755304916887,0.2181929236879276,0.21816875384762996,0.21814505136261844,0.21812182393793583,0.21809907914479917,0.21807682441614984,0.21805506704228278,0.2180338141665582,0.218013072781199,0.21799284972317765,0.21797315167019402,0.21795398513674938,0.21793535647031761,0.21791727184761706,0.21789973727098613,0.21788275856486453,0.21786634137238242,0.2178504911520618,0.2178352131746289,0.21782051251994328,0.21780639407404379,0.2177928625263131,0.21777992236676386,0.21776757788344692,0.21775583315998434,0.21774469207322775,0.21773415829104384,0.21772423527022822,0.21771492625454852,0.2177062342729182,0.21769816213770124,0.2176907124431493,0.21768388756397172,0.21767768965403803,0.2176721206452149,0.21766718224633705,0.21766287594231173,0.21765920299335825,0.21765616443438107,0.2176537610744776,0.21765199349657943,0.21765086205722703,0.21765036688647796,0.21765050788794676,0.21765128473897732,0.21765269689094563,0.21765474356969308,0.21765742377608882,0.21766073628671972,0.2176646796547078,0.2176692522106528,0.21767445206369934,0.21768027710272644,0.21768672499765904,0.21769379320089818,0.21770147894887004,0.2177097792636906,0.21771869095494498,0.21772821062157863,0.21773833465389988,0.21774905923568982,0.217760380346419,0.21777229376356794,0.21778479506504927,0.21779787963172964,0.21781154265004865,0.2178257791147318,0.2178405838315964,0.21785595142044675,0.2178718763180566,0.21788835278123556,0.2179053748899782,0.21792293655069145,0.21794103149949906,0.2179596533056192,0.21797879537481374,0.21799845095290457,0.2180186131293562,0.21803927484092034,0.21806042887534008,0.2180820678751109,0.21810418434129533,0.2181267706373889,0.21814981899323385,0.21817332150897784,0.21819727015907536,0.21822165679632805,0.21824647315596143,0.2182717108597354,0.2182973614200854,0.2183234162442909,0.21834986663866923,0.2183767038127912,0.2184039188837159,0.21843150288024213,0.2184594467471731,0.21848774134959206,0.2185163774771463,0.21854534584833582,0.2185746371148053,0.21860424186563576,0.21863415063163377,0.21866435388961522,0.21869484206668158,0.21872560554448545,0.21875663466348383,0.21878791972717604,0.2188194510063235,0.2188512187431505,0.21888321315552198,0.21891542444109685,0.21894784278145502,0.21898045834619514,0.21901326129700122,0.21904624179167667,0.21907938998814264,0.21911269604839978,0.21914615014245087,0.21917974245218255,0.21921346317520454,0.2192473025286447,0.21928125075289764,0.21931529811532638,0.21934943491391384,0.21938365148086436,0.2194179381861532,0.2194522854410215,0.21948668370141744,0.2195211234713806,0.21955559530636937,0.2195900898165294,0.21962459766990267,0.21965910959557636,0.21969361638676915,0.21972810890385583,0.21976257807732838,0.21979701491069265,0.2198314104833003,0.2198657559531152,0.21990004255941387,0.2199342616254185,0.21996840456086364,0.22000246286449462,0.22003642812649818,0.22007029203086437,0.22010404635768027,0.22013768298535455,0.22017119389277293,0.22020457116138478,0.22023780697721995,0.22027089363283694,0.2203038235292014,0.22033658917749585,0.22036918320086007,0.22040159833606307,0.22043382743510587,0.22046586346675676,0.2204976995180178,0.220529328795524,0.22056074462687525,0.22059194046190117,0.22062290987386005,0.22065364656057107,0.2206841443454821,0.22071439717867225,0.22074439913779037,0.2207741444289299,0.22080362738744114,0.22083284247868082,0.22086178429870099,0.22089044757487653,0.22091882716647304,0.22094691806515537,0.22097471539543825,0.22100221441507872,0.22102941051541272,0.2210562992216348,0.22108287619302414,0.22110913722311543,0.22113507823981735,0.22116069530547844,0.22118598461690184,0.22121094250530923,0.22123556543625636,0.22125985000949863,0.2212837929588102,0.2213073911517562,0.22133064158941895,0.22135354140607985,0.22137608786885712,0.2213982783773012,0.22142011046294768,0.2214415817888297,0.22146269014894995,0.22148343346771368,0.22150380979932394,0.22152381732713852,0.22154345436299155,0.22156271934647892,0.22158161084420944,0.2216001275490216,0.22161826827916833,0.22163603197746876,0.22165341771042926,0.22167042466733392,0.22168705215930515,0.22170329961833585,0.22171916659629273,0.22173465276389304,0.22174975790965415,0.22176448193881743,0.22177882487224687,0.22179278684530293,0.221806368106693,0.22181956901729818,0.22183239004897773,0.2218448317833514,0.22185689491056035,0.22186858022800773,0.22187988863907832,0.22189082115183872,0.22190137887771916,0.22191156303017542,0.22192137492333355,0.2219308159706167,0.22193988768335457,0.22194859166937653,0.22195692963158828,0.22196490336653266,0.22197251476293522,0.22197976580023457,0.22198665854709843,0.22199319515992538,0.22199937788133245,0.22200520903862972,0.22201069104228152,0.22201582638435513,0.2220206176369566,0.22202506745065523,0.22202917855289536,0.22203295374639756,0.2220363959075482,0.22203950798477862,0.22204229299693332,0.22204475403162827,0.2220468942435997,0.2220487168530424,0.2220502251439396,0.22205142246238363,0.22205231221488766,0.22205289786668952,0.2220531829400471,0.22205317101252645,0.22205286571528196,0.2220522707313299,0.22205138979381492,0.22205022668427013,0.2220487852308715,0.22204706930668552,0.22204508282791263,0.22204282975212486,0.22204031407649902,0.22203753983604518,0.22203451110183184,0.22203123197920735,0.22202770660601753,0.22202393915082155,0.22201993381110494,0.22201569481149028,0.22201122640194756,0.22200653285600216,0.22200161846894342,0.22199648755603224,0.22199114445070958,0.22198559350280578,0.22197983907675084,0.22197388554978711,0.2219677373101838,0.22196139875545493,0.22195487429058028,0.2219481683262307,0.22194128527699786,0.22193422955962888,0.22192700559126693,0.22191961778769792,0.2219120705616046,0.221904368320827,0.22189651546663205,0.22188851639199153,0.22188037547986897,0.22187209710151717,0.2218636856147853,0.22185514536243853,0.22184648067048815,0.2218376958465352,0.22182879517812681,0.22181978293112609,0.22181066334809713,0.2218014406467043,0.22179211901812815,0.22178270262549696,0.2217731956023359,0.22176360205103376,0.22175392604132782,0.22174417160880813,0.2217343427534413,0.22172444343811465,0.22171447758720098,0.22170444908514592,0.2216943617750765,0.22168421945743302,0.22167402588862442,0.22166378477970802,0.2216534997950931,0.22164317455127094,0.22163281261556997,0.2216224175049377,0.2216119926847496,0.22160154156764575,0.22159106751239532,0.22158057382279037,0.22157006374656804,0.22155954047436316,0.221549007138691,0.2215384668129603,0.22152792251051825,0.22151737718372602,0.2215068337230679,0.22149629495629156,0.2214857636475821,0.2214752424967693,0.22146473413856832,0.22145424114185489,0.22144376600897478,0.22143331117508783,0.2214228790075478,0.22141247180531684,0.221402091798416,0.2213917411474119,0.22138142194293908,0.2213711362052598,0.2213608858838589,0.22135067285707716,0.2213404989317807,0.221330365843068,0.2213202752540139,0.2213102287554513,0.22130022786579048,0.22129027403087553,0.22128036862387934,0.22127051294523556,0.2212607082226088,0.2212509556109022,0.22124125619230312,0.22123161097636637,0.22122202090013532,0.2212124868283003,0.22120300955339478,0.22119358979602882,0.22118422820515996,0.22117492535840103,0.2211656817623653,0.22115649785304803,0.22114737399624476,0.22113831048800606,0.22112930755512833,0.22112036535568047,0.22111148397956612,0.22110266344912158,0.2210939037197477,0.22108520468057782,0.2210765661551786,0.2210679879022861,0.22105946961657424,0.2210510109294572,0.2210426114099241,0.22103427056540623,0.22102598784267563,0.22101776262877573,0.22100959425198188,0.221001481982793,0.22099342503495267,0.22098542256649942,0.22097747368084583,0.2209695774278853,0.22096173280512704,0.2209539387588572,0.2209461941853265,0.22093849793196374,0.2209308487986136,0.22092324553879905,0.22091568686100715,0.22090817142999788,0.2209006978681345,0.22089326475673585,0.220885870637449,0.220878514013641,0.22087119335181102,0.2208639070830188,0.22085665360433274,0.22084943128029186,0.2208422384443856,0.22083507340054737,0.22082793442466195,0.22082081976608633,0.22081372764918236,0.22080665627486065,0.22079960382213473,0.22079256844968448,0.22078554829742783,0.22077854148810006,0.22077154612883912,0.2207645603127772,0.2207575821206356,0.22075060962232357,0.22074364087853982,0.2207366739423752,0.2207297068609154,0.2207227376768432,0.22071576443003973,0.22070878515918144,0.2207017979033345,0.22069480070354408,0.22068779160441715,0.22068076865569922,0.220673729913842,0.220666673443563,0.2206595973193938,0.2206524996272183,0.2206453784657975,0.220638231948282,0.22063105820370943,0.2206238553784864,0.2206166216378544,0.22060935516733787,0.22060205417417364,0.22059471688872126,0.22058734156585189,0.22057992648631664,0.22057246995809157,0.22056497031769967,0.22055742593150773,0.2205498351969987,0.2205421965440168,0.2205345084359859,0.22052676937109977,0.22051897788348293,0.22051113254432228,0.2205032319629675,0.22049527478800038,0.2204872597082718,0.22047918545390585,0.22047105079727,0.2204628545539118,0.22045459558345926,0.2204462727904868,0.22043788512534465,0.22042943158495104,0.22042091121354793,0.2204123231034188,0.2204036663955678,0.220394940280361,0.22038614399812834,0.22037727683972658,0.22036833814706258,0.220359327313577,0.22035024378468804,0.22034108705819497,0.22033185668464172,0.2203225522676403,0.22031317346415344,0.2203037199847382,0.2202941915937481,0.2202845881094964,0.22027490940437888,0.22026515540495764,0.22025532609200527,0.22024542150051044,0.22023544171964435,0.22022538689268983,0.22021525721693205,0.22020505294351272,0.22019477437724758,0.22018442187640755,0.22017399585246528,0.22016349676980657,0.22015292514540843,0.22014228154848386,0.22013156660009475,0.22012078097273324,0.22010992538987323,0.2200990006254918,0.22008800750356294,0.22007694689752413,0.22006581972971578,0.22005462697079695,0.2200433696391357,0.22003204880017796,0.2200206655657944,0.22000922109360674,0.2199977165862957,0.21998615329089066,0.21997453249804344,0.2199628555412868,0.2199511237962792,0.2199393386800378,0.21992750165015942,0.21991561420403352,0.2199036778780458,0.21989169424677552,0.21987966492218813,0.21986759155282304,0.21985547582297962,0.21984331945190197,0.21983112419296433,0.2198188918328577,0.21980662419078015,0.2197943231176317,0.2197819904952144,0.2197696282354407,0.21975723827954907,0.21974482259733094,0.21973238318636718,0.2197199220712782,0.2197074413029866,0.21969494295799533,0.21968242913768066,0.21966990196760314,0.21965736359683563,0.2196448161973107,0.21963226196318764,0.21961970311024084,0.21960714187526906,0.21959458051552747,0.21958202130818336,0.21956946654979512,0.21955691855581597,0.21954437966012286,0.21953185221457142,0.21951933858857603,0.21950684116871771,0.21949436235837758,0.21948190457739825,0.2194694702617725,0.21945706186335906,0.21944468184962615,0.21943233270342252,0.21942001692277607,0.21940773702071947,0.21939549552514373,0.21938329497867767,0.21937113793859467,0.21935902697674528,0.21934696467951562,0.21933495364781094,0.219322996497064,0.21931109585726685,0.21929925437302622,0.21928747470364118,0.21927575952320266,0.2192641115207133,0.21925253340022682,0.21924102788100674,0.2192295976977024,0.21921824560054096,0.21920697435553588,0.21919578674470835,0.21918468556632215,0.2191736736351298,0.21916275378262906,0.21915192885732807,0.21914120172501764,0.21913057526904967,0.21912005239061977,0.2191096360090527,0.21909932906208923,0.21908913450617223,0.21907905531673155,0.2190690944884647,0.2190592550356126,0.2190495399922287,0.2190399524124395,0.21903049537069472,0.21902117196200593,0.21901198530217186,0.21900293852798805,0.21899403479744056,0.21898527728988032,0.21897666920617856,0.21896821376885944,0.21895991422221034,0.21895177383236702,0.2189437958873724,0.21893598369720743,0.21892834059379307,0.2189208699309606,0.21891357508439077,0.21890645945151854,0.21889952645140326,0.21889277952456268,0.21888622213276931,0.2188798577588082,0.21887368990619516,0.2188677220988537,0.2188619578807505,0.21885640081548755,0.21885105448585096,0.21884592249331491,0.21884100845750004,0.2188363160155858,0.2188318488216764,0.21882761054611846,0.218823604874772,0.21881983550823164,0.21881630616100056,0.21881302056061416,0.21880998244671537,0.21880719557008016,0.21880466369159365,0.21880239058117681,0.2188003800166636,0.21879863578262906,0.21879716166916816,0.2187959614706265,0.21879503898428168,0.21879439800897774,0.2187940423437117,0.21879397578617354,0.2187942021312403,0.21879472516942425,0.21879554868527734,0.21879667645575163,0.21879811224851697,0.21879985982023759,0.2188019229148076,0.2188043052615477,0.21880701057336355,0.2188100425448671,0.21881340485046338,0.2188171011424022,0.218821135048798,0.21882551017161883,0.21883023008464506,0.21883529833140175,0.21884071842306352,0.21884649383633606,0.21885262801131458,0.21885912434932212,0.21886598621072823,0.21887321691275155,0.21888081972724685,0.21888879787847915,0.218897154540887,0.21890589283683692,0.21891501583437026,0.21892452654494607,0.21893442792118076,0.21894472285458738,0.2189554141733159,0.21896650463989828,0.21897799694899828,0.21898989372516967,0.21900219752062472,0.219014910813015,0.21902803600322654,0.2190415754131917,0.21905553128372002,0.21906990577234967,0.21908470095122243,0.21909991880498358,0.21911556122870934,0.21913163002586325,0.21914812690628468,0.21916505348421034,0.21918241127633123,0.21920020169988758,0.21921842607080264,0.21923708560185795,0.21925618140091235,0.21927571446916502,0.2192956856994663,0.2193160958746766,0.2193369456660757,0.21935823563182408,0.21937996621547803,0.21940213774455924,0.21942475042918205,0.21944780436073785,0.21947129951064004,0.21949523572912852,0.21951961274413812,0.21954443016022884,0.21956968745758182,0.21959538399106043,0.2196215189893384,0.21964809155409576,0.21967510065928356,0.2197025451504579,0.2197304237441846,0.21975873502751506,0.2197874774575338,0.21981664936097842,0.21984624893393268,0.21987627424159292,0.21990672321810822,0.219937593666495,0.21996888325862615,0.22000058953529436,0.22003270990635085,0.2200652416509186,0.22009818191768069,0.22013152772524341,0.22016527596257424,0.22019942338951426,0.22023396663736464,0.2202689022095475,0.2203042264823404,0.22033993570568342,0.22037602600405942,0.22041249337744634,0.2204493337023407,0.22048654273285218,0.22052411610186806,0.22056204932228704,0.22060033778832136,0.22063897677686642,0.220677961448937,0.22071728685116906,0.2207569479173859,0.22079693947022758,0.22083725622284284,0.22087789278064168,0.2209188436431081,0.22096010320567067,0.221001665761631,0.22104352550414716,0.22108567652827207,0.22112811283304465,0.221170828323632,0.2212138168135218,0.22125707202676323,0.22130058760025395,0.22134435708607308,0.22138837395385713,0.221432631593218,0.2214771233162011,0.22152184235978184,0.22156678188839918,0.22161193499652382,0.22165729471125972,0.2217028539949773,0.22174860574797614,0.2217945428111753,0.2218406579688303,0.2218869439512741,0.22193339343768004,0.2219799990588461,0.22202675339999772,0.2220736490036068,0.22212067837222735,0.22216783397134277,0.22221510823222598,0.22226249355480776,0.2223099823105543,0.22235756684534966,0.22240523948238314,0.2224529925250386,0.22250081825978454,0.22254870895906328,0.22259665688417665,0.2226446542881678,0.22269269341869627,0.22274076652090483,0.2227888658402769,0.2228369836254824,0.22288511213121098,0.2229332436209899,0.22298137036998614,0.2230294846677908,0.2230775788211837,0.22312564515687733,0.22317367602423882,0.22322166379798722,0.22326960088086634,0.22331747970629034,0.22336529274096187,0.22341303248745997,0.22346069148679806,0.22350826232094959,0.22355573761534028,0.2236031100413061,0.22365037231851564,0.22369751721735565,0.2237445375612784,0.22379142622911016,0.22383817615731996,0.22388478034224646,0.22393123184228364,0.2239775237800229,0.22402364934435118,0.22406960179250485,0.22411537445207724,0.22416096072298003,0.22420635407935735,0.22425154807145217,0.22429653632742327,0.2243413125551137,0.22438587054376855,0.2244302041657027,0.224474307377917,0.22451817422366285,0.2245617988339549,0.2246051754290305,0.22464829831975655,0.2246911619089829,0.22473376069284137,0.22477608926199147,0.22481814230281097,0.22485991459853188,0.22490140103032158,0.22494259657830912,0.22498349632255546,0.22502409544396898,0.22506438922516517,0.2251043730512706,0.22514404241067124,0.22518339289570566,0.22522242020330163,0.22526112013555807,0.2252994886002707,0.22533752161140302,0.2253752152895015,0.22541256586205588,0.22544956966380475,0.22548622313698607,0.22552252283153357,0.2255584654052191,0.2255940476237408,0.2256292663607583,0.2256641185978743,0.22569860142456374,0.22573271203805056,0.22576644774313268,0.22579980595195542,0.22583278418373431,0.2258653800644273,0.22589759132635695,0.225929415807784,0.22596085145243158,0.22599189630896194,0.22602254853040532,0.22605280637354241,0.22608266819824063,0.2261121324667453,0.22614119774292574,0.22616986269147824,0.22619812607708525,0.2262259867635333,0.22625344371278827,0.22628049598403127,0.22630714273265415,0.22633338320921653,0.22635921675836476
14.75,1.0059250223517369,1.0118459322724145,1.0177630947447476,1.023677005207788,1.0295882687776388,1.035497581697126,1.0414057148049327,1.0473134988337227,1.053221811364051,1.059131565276556,1.065043698559177,1.0709591653390993,1.0768789280209021,1.0828039504230775,1.0887351918148422,1.0946736017640577,1.1006201157150581,1.1065756512225868,1.1125411047747276,1.1185173491438034,1.1245052312097574,1.1305055702056184,1.1365191563392405,1.142546749749726,1.1485890797607712,1.1546468443966937,1.1607207101300607,1.1668113118327796,1.172919252905174,1.1790451055599396,1.1851894112401808,1.1913526811526671,1.197535396899364,1.2037380111919054,1.2099609486352536,1.2162046065681835,1.2224693559495075,1.2287555422801113,1.2350634865519583,1.2413934862161597,1.247745816163111,1.2541207297084838,1.2605184595796024,1.2669392188973903,1.2733832021496831,1.279850586152249,1.2863415309943618,1.2928561809662118,1.2993946654658628,1.3059570998838268,1.3125435864636525,1.3191542151372389,1.3257890643338472,1.33244820176203,1.3391316851639194,1.3458395630415074,1.3525718753547284,1.359328654191301,1.3661099244084367,1.3729157042466156,1.379746005915807,1.3866008361545017,1.3934801967620822,1.4003840851050984,1.4073124945980717,1.4142654151595135,1.4212428336438656,1.4282447342501186,1.4352710989078865,1.4423219076417264,1.4493971389145202,1.4564967699507354,1.463620777040381,1.4707691358244797,1.477941821562871,1.4851388093851519,1.4923600745255454,1.4996055925424754,1.5068753395236176,1.5141692922771661,1.5214874285100313,1.5288297269936824,1.5361961677182994,1.5435867320358938,1.5510014027930135,1.5584401644536352,1.5659030032128125,1.5733899071016197,1.5809008660838992,1.5884358721453093,1.5959949193751164,1.6035780040411582,1.6111851246583802,1.618816282051308,1.6264714794108022,1.6341507223454084,1.6418540189275885,1.6495813797350902,1.6573328178876952,1.6651083490795509,1.6729079916072744,1.6807317663939847,1.6885796970094087,1.6964518096861767,1.7043481333324024,1.7122686995406278,1.7202135425931897,1.7281826994640526,1.736176209817129,1.7441941160010974,1.752236463040718,1.7603032986246188,1.7683946730895352,1.7765106394009493,1.7846512531300847,1.7928165724271936,1.8010066579910695,1.8092215730347079,1.8174613832470423,1.825726156750659,1.834015964055415,1.8423308780078522,1.850670973736333,1.8590363285917866,1.8674270220839801,1.875843135813224,1.8842847533974127,1.892751960394322,1.9012448442190657,1.9097634940566435,1.9183080007695013,1.9268784568000192,1.9354749560678899,1.944097593862305,1.9527464667289138,1.9614216723515085,1.9701233094283988,1.9788514775434585,1.9876062770318195,1.9963878088402112,2.00519617438195,2.0140314753865916,2.022893813744263,2.031783291344725,2.0407000099111903,2.0496440708289647,2.0586155749689805,2.0676146225062877,2.076641312733604,2.085695743870009,2.094778012864915,2.1038882151974003,2.1130264446710765,2.122192793204597,2.131387350617981,2.1406102044149002,2.1498614395611075,2.1591411382591907,2.168449379719832,2.177786239929777,2.187151791416724,2.1965461030113396,2.205969239606638,2.2154212619149325,2.2249022262226164,2.23441218414301,2.2439511823675184,2.2535192624153573,2.2631164603821117,2.2727428066873863,2.2823983258218146,2.2920830360937057,2.3017969493755928,2.3115400708509775,2.321312398761527,2.3311139241550283,2.3409446306343575,2.350804494107771,2.3606934825407766,2.3706115557098895,2.380558664958531,2.3905347529553653,2.400539753455344,2.410573591063733,2.4206361810033945,2.430727428885591,2.4408472304845734,2.4509954715162148,2.4611720274209414,2.4713767631512162,2.4816095329638053,2.49187018021708,2.50215853717358,2.512474424808052,2.522817652621194,2.5331880184593114,2.543585308340079,2.5540092962846175,2.5644597441560553,2.574936401504779,2.585439005420396,2.5959672803908775,2.6065209381687433,2.617099677644541,2.627703184727733,2.6383311322351286,2.648983179786944,2.6596589737106244,2.670358146952491,2.6810803189973025,2.691825095795809,2.702592069700345,2.713380819408516,2.7241909099150265,2.7350218924716665,2.745873304555478,2.75674466984512,2.7676354982054154,2.7785452856800843,2.7894735144926295,2.8004196530553496,2.811383155986449,2.8223634641351687,2.83336000461491,2.844372190844261,2.855399422595861,2.8664410860530114,2.8774965538739385,2.8885651852636176,2.8996463260530287,2.9107393087857445,2.921843452811715,2.9329580643881226,2.9440824367871614,2.955215850410607,2.9663575729110043,2.9775068593193454,2.988662952179047,2.999825081686069,3.0109924658350065,3.0221643105709672,3.033339809947057,3.0445181462872863,3.0556984903547044,3.0668800015245723,3.0780618279623764,3.0892431068064825,3.1004229643552277,3.1116005162582523,3.1227748677118607,3.1339451136582133,3.145110338988127,3.1562696187473,3.1674220183457282,3.1785665937701277,3.1897023917991394,3.2008284502211177,3.2119437980542993,3.223047455769139,3.234138435512619,3.245215741334327,3.256278369414109,3.26732530829109,3.2783555390938854,3.2893680357718,3.300361765326831,3.3113356880462974,3.3222887577359126,3.3332199219531176,3.3441281222405177,3.355012294359244,3.3658713685220825,3.3767042696262113,3.3875099174853927,3.3982872270614792,3.4090351086950825,3.41975246833527,3.4304382077681623,3.4410912248443037,3.4517104137046832,3.4622946650052966,3.4728428661401356,3.483353901462509,3.493826652504594,3.5042599981951286,3.514652815075171,3.525003977511828,3.535312357909902,3.5455768269213834,3.555796253652727,3.5659695058698615,3.5760954502008913,3.5861729523364403,3.5962008772276177,3.6061780892815642,3.616103452554564,3.625975830942705,3.635794088370082,3.6455570889745306,3.655263697290899,3.6649127784318645,3.674503198266308,3.684033823595258,3.6935035223254404,3.7029111636404513,3.712255618169586,3.7215357581543773,3.730750457612863,3.7398985925016532,3.7489790408758306,3.7579906830467524,3.766932401737806,3.775803082238187,3.7846016125547655,3.793326883562107,3.8019777891507287,3.810553226373666,3.8190520955914273,3.8274733006154156,3.8358157488499116,3.8440783514326995,3.8522600233744195,3.8603596836967484,3.8683762555694896,3.87630866644667,3.8841558482017517,3.891916737262013,3.8995902747422573,3.9071754065778843,3.9146710836574576,3.9220762619548553,3.929389902661097,3.936610972315946,3.943738442939379,3.9507712921630227,3.957708503361646,3.964549065784796,3.9712919746886843,3.9779362314683913,3.984480843790483,3.9909248257261396,3.9972671978848586,4.003506987548812,4.009643228807959,4.015674962695957,4.021601237326974,4.02742110803344,4.033133637504829,4.038737895927517,4.044232961125786,4.049617918704019,4.054891862190141,4.0600538931803545,4.065103121485215,4.070038665277078,4.074859651238954,4.079565214714811,4.084154499861337,4.088626659801201,4.092980856777803,4.097216262311564,4.101332057357718,4.105327432465651,4.109201587939761,4.1129537340018425,4.116583090954965,4.120088889348871,4.123470370146829,4.126726784893941,4.129857395886862,4.132861476344914,4.13573831058252,4.138487194182969,4.141107434173393,4.143598349200975,4.145959269710257,4.148189538121555,4.1502885090103625,4.1522555492876885,4.154090038381261,4.1557913684175105,4.157358944404234,4.158792184413884,4.1600905197673566,4.161253395218202,4.1622802691371605,4.163170613696899,4.163923915056866,4.164539673548147,4.165017403858196,4.165356635215342,4.165556911572945,4.165617791793078,4.165538849829621,4.165319674910613,4.1649598717197795,4.16445906057705,4.163816877617986,4.163032974971926,4.162107020938778,4.161038700164252,4.1598277138134625,4.158473779742691,4.156976632669232,4.155336024339125,4.153551723692681,4.1516235170276055,4.149551208159628,4.147334618580457,4.144973587612934,4.142467972563237,4.139817648870001,4.137022510250193,4.134082468841625,4.130997455341942,4.12776741914397,4.124392328467259,4.120872170485703,4.1172069514511005,4.113396696812511,4.109441451331288,4.10534127919166,4.101096264106718,4.096706509419696,4.092172138200431,4.087493293336858,4.082670137621445,4.077702853832445,4.072591644809859,4.067336733525991,4.061938363150501,4.056396797109862,4.050712319141094,4.044885233339714,4.0389158642017895,4.032804556660029,4.026551676113793,4.020157608452984,4.013622760075729,4.006947557899752,4.00013244936743,3.993177902444412,3.9860844056117797,3.9788524678516817,3.971482618626395,3.963975407850766,3.9563314058579944,3.948551203358724,3.9406354113934055,3.932584661277911,3.9243996045423666,3.9160809128632037,3.9076292779883985,3.8990454116558997,3.890330045505244,3.8814839309823506,3.872507839237514,3.8634025610165934,3.8541689065454237,3.8448077054074523,3.835319806414653,3.825706077471713,3.8159674054335526,3.806104695956208,3.7961188733411033,3.7860108803727868,3.7757816781501607,3.765432245911267,3.7549635808516912,3.7443766979366435,3.733672629706783,3.7228524260778664,3.71191715413429,3.700867897916598,3.689705758203058,3.6784318522853763,3.6670473137386463,3.655553292185629,3.643950953055462,3.6322414773368954,3.620426061326162,3.6085059163695843,3.596482268601042,3.584356358674394,3.572129441490993,3.5598027859223964,3.5473776745284016,3.534855403270533,3.5222372812211016,3.5095246302679755,3.4967187848151826,3.483821091479492,3.4708329087830974,3.457755606842553,3.4445905670540906,3.4313391817754693,3.418002854004493,3.4045829970543484,3.3910810342259,3.3774983984771008,3.3638365320896564,3.350096886333101,3.3362809211264306,3.322390104697444,3.308425913239952,3.294389830568993,3.2802833477742235,3.266107962871627,3.2518651804536987,3.2375565113382585,3.223183472216048,3.208747585297268,3.1942503779571974,3.179693382381069,3.1650781352083346,3.1504061771764817,3.135679052764554,3.1208983098365284,3.10606549928469,3.0911821746731705,3.076249891881782,3.0612702087503068,3.046244684723387,3.031174880496153,3.0160623576607444,3.0009086783538628,2.9857154049054913,2.970484099488933,2.9552163237722984,2.939913638571579,2.924577603505447,2.909209776651904,2.8938117142069255,2.8783849701452136,2.8629310958831975,2.847451639944399,2.8319481476272945,2.8164221606757818,2.800875216952386,2.7853088501143017,2.769724589292409,2.7541239587733513,2.7385084776847943,2.7228796596839837,2.7072390126496804,2.6915880383775996,2.6759282322794355,2.6602610830855795,2.644588072551613,2.6289106751686813,2.613230357877821,2.5975485797883398,2.5818667919003184,2.5661864368313254,2.5505089485474186,2.534835752098502,2.5191682633581163,2.5035078887677296,2.4878560250855934,2.472214059140225,2.4565833675885798,2.440965316678969,2.425361262018775,2.4097725483470214,2.394200509311836,2.3786464672528673,2.3631117329886817,2.347597605609194,2.3321053722731557,2.3166363080107546,2.3011916755313306,2.2857727250362645,2.270380694037044,2.255016807178543,2.2396822760675272,2.2243782991064096,2.2091060613322675,2.1938667342611353,2.1786614757375777,2.163491429789563,2.148357726488624,2.133261481815325,2.118203797530022,2.103185761048923,2.0882084453254346,2.0732729087367927,2.058380194975968,2.0435313329488247,2.028727336676535,2.013969205203211,1.9992579225087554,1.9845944574268901,1.9699797635683594,1.9554147792492638,1.94090042742451,1.9264376156263376,1.9120272359078996,1.8976701647918575,1.8833672632239564,1.8691193765315435,1.854927334386993,1.8407919507759918,1.826714023970648,1.8126943365073753,1.7987336551695112,1.7848327309746141,1.770992299166401,1.757213079211267,1.7434957747993372,1.729841073850003,1.7162496485218792,1.702722155227135,1.6892592346501376,1.6758615117703517,1.6625295958894324,1.6492640806624599,1.636065544133245,1.6229345487736504,1.6098716415268581,1.5968773538545273,1.583952201787773,1.571096685981893,1.5583112917747954,1.5455964892490415,1.5329527332974413,1.5203804636921425,1.5078801051571307,1.4954520674440799,1.4830967454114827,1.4708145191069857,1.4586057538528643,1.4464708003345639,1.434409994692235,1.4224236586151928,1.4105120994392288,1.3986756102467022,1.3869144699693374,1.375228943493662,1.3636192817690023,1.3520857219179727,1.3406284873493863,1.329247787873508,1.3179438198195845,1.3067167661555776,1.2955667966100264,1.2844940677959702,1.2734987233368582,1.2625808939943766,1.251740697798119,1.2409782401770362,1.2302936140925864,1.2196869001735227,1.2091581668522449,1.1987074705026488,1.1883348555794038,1.1780403547585867,1.1678239890796125,1.1576857680883867,1.1476256899816177,1.1376437417522205,1.1277398993357501,1.1179141277577949,1.1081663812822693,1.0984966035605417,1.0889047277813348,1.0793906768213362,1.0699543633964563,1.0605956902136777,1.05131455012343,1.042110826272435,1.032984392256964,1.023935112276448,1.0149628412873835,1.0060674251574806,0.9972487008199992,0.9885064964282108,0.9798406315099454,0.9712509171221597,0.9627371560054822,0.9542991427386786,0.9459366638929962,0.9376494981863269,0.92943741663715,0.9213001827182045,0.9132375525098435,0.9052492748530273,0.8973350915019085,0.8894947372759693,0.881727940211664,0.8740344217135277,0.8664138967047118,0.8588660737769026,0.8513906553395865,0.8439873377686258,0.8366558115541035,0.829395761447406,0.8222068666075042,0.8150888007464022,0.8080412322737192,0.8010638244403715,0.7941562354813242,0.7873181187573819,0.7805491228959895,0.7738488919310119,0.7672170654414696,0.7606532786891979,0.7541571627554083,0.747728344676125,0.7413664475764714,0.7350710908037864,0.7288418900595457,0.7226784575300667,0.7165804020159774,0.7105473290604298,0.7045788410760362,0.6986745374705152,0.692834014771024,0.6870568667471658,0.6813426845326546,0.6756910567456215,0.6701015696075507,0.6645738070608311,0.6591073508849089,0.653701780811034,0.6483566746355856,0.643071608331967,0.6378461561610635,0.6326798907802503,0.6275723833509451,0.6225232036446978,0.6175319201478101,0.612598100164479,0.6077213099184609,0.6029011146532478,0.5981370787307563,0.5934287657285228,0.5887757385354033,0.584177559445777,0.5796337902522496,0.5751439923368583,0.5707077267607769,0.5663245543525198,0.56199403579465,0.5577157317089887,0.5534892027403291,0.5493140096386585,0.5451897133398912,0.5411158750451136,0.5370920562983496,0.5331178190628458,0.5291927257958865,0.5253163395221393,0.5214882239055413,0.517707943319728,0.513975062917016,0.5102891486959422,0.5066497675673708,0.5030564874191732,0.4995088771794908,0.496006506878588,0.4925489477093056,0.4891357720861226,0.4857665537028366,0.4824408675888739,0.4791582901642365,0.4759183992930997,0.47272077433606957,0.4695649962011105,0.4664506473931562,0.4633773120624143,0.4603445760513761,0.4573520269405447,0.4543992540928927,0.4514858486970622,0.4486114038093195,0.4457755143942783,0.44297777736440236,0.4402177916183031,0.43749515807784356,0.4348094797240632,0.4321603616319364,0.42954741100397903,0.42697023720271626,0.42442845178202604,0.4219216685173714,0.41944950343493687,0.41701157483968193,0.41460750334232677,0.41223691188528355,0.4098994257675489,0.40759467266857025,0.4053222826711023,0.4030818882830668,0.4008731244584297,0.3986956286171128,0.3965490406639504,0.39443300300670925,0.3923471605731832,0.39029116082737947,0.3882646537848095,0.38626729202689924,0.3842987307145331,0.3823586276007464,0.38044664304258047,0.3785624400121136,0.376705684106684,0.37487604355831744,0.37307318924237404,0.3712967946854283,0.3695465360723963,0.36782209225292406,0.3661231447470508,0.36444937775016,0.36280047813723354,0.36117613546642086,0.35957604198193704,0.35799989261630394,0.35644738499194595,0.3549182194221551,0.3534120989114377,0.3519287291552549,0.3504678185391715,0.3490290781374237,0.3476122217109203,0.3462169657046877,0.3448430292447729,0.34349013413461527,0.34215800485089987,0.340846368538904,0.33955495500734817,0.3382834967227648,0.337031728803394,0.335799389012619,0.3345862177519533,0.333391958053588,0.33221635557251344,0.3310591585782233,0.3299201179460144,0.3287989871478897,0.32769552224307824,0.3266094818681797,0.32554062722694477,0.3244887220797025,0.32345353273244104,0.3224348280255568,0.32143237932227575,0.3204459604967614,0.31947534792191584,0.3185203204568837,0.31758065943426894,0.3166561486470723,0.315746574335359,0.3148517251726653,0.31397139225215204,0.31310536907251424,0.3122534515236546,0.31141543787212916,0.3105911287463739,0.3097803271217188,0.3089828383051993,0.30819846992016975,0.30742703189073084,0.3066683364259736,0.30592219800405174,0.3051884333560864,0.3044668614499121,0.30375730347367064,0.30305958281925943,0.30237352506564213,0.30169895796202667,0.3010357114109188,0.30038361745105735,0.29974251024023685,0.29911222603802434,0.29849260318837734,0.2978834821021675,0.29728470523961714,0.296696117092655,0.29611756416719487,0.2955488949653461,0.29498995996755834,0.2944406116147084,0.2939007042901344,0.2933700943016206,0.2928486398633417,0.2923362010777688,0.2918326399175432,0.2913378202073237,0.2908516076056118,0.2903738695865598,0.2899044754217662,0.2894432961620643,0.28899020461930774,0.2885450753481571,0.2881077846278739,0.28767821044412467,0.28725623247080034,0.2868417320518549,0.2864345921831682,0.2860346974944356,0.28564193423109113,0.28525619023626464,0.2848773549327809,0.2845053193052007,0.2841399758819107,0.2837812187172643,0.28342894337377755,0.2830830469043835,0.2827434278347494,0.28240998614565843,0.28208262325546213,0.28176124200260383,0.28144574662821864,0.281136042758812,0.2808320373890203,0.2805336388644573,0.28024075686464794,0.2799533023860538,0.2796711877251922,0.27939432646185286,0.2791226334424132,0.278856024763257,0.27859441775429683,0.27833773096260545,0.2780858841361556,0.27783879820767327,0.2775963952786054,0.2773585986032047,0.2771253325727338,0.27689652269979054,0.2766720956027573,0.27645197899037577,0.27623610164644885,0.2760243934146726,0.2758167851835991,0.27561320887173246,0.27541359741275945,0.27521788474091663,0.27502600577649533,0.2748378964114858,0.27465349349536267,0.27447273482101237,0.2742955591108036,0.2741219060028032,0.2739517160371375,0.2737849306425007,0.27362149212281084,0.2734613436440155,0.2733044292210459,0.2731506937049239,0.27300008277001714,0.27285254290144956,0.272708021382662,0.2725664662831275,0.27242782644621943,0.2722920514772344,0.27215909173156877,0.27202889830305094,0.27190142301242753,0.2717766183960057,0.2716544376944492,0.2715348348417316,0.2714177644542428,0.2713031818200519,0.2711910428883246,0.2710813042588948,0.2709739231719917,0.2708688574981195,0.2707660657280924,0.27066550696322156,0.2705671409056552,0.270470927848871,0.2703768286683194,0.27028480481221845,0.2701948182924981,0.27010683167589394,0.27002080807518947,0.2699367111406056,0.2698545050513369,0.2697741545072335,0.2696956247206274,0.26961888140830187,0.26954389078360363,0.26947061954869594,0.2693990348869517,0.2693291044554846,0.269260796377818,0.2691940792366902,0.26912892206699324,0.26906529434884563,0.26900316600079643,0.2689425073731593,0.26888328924147586,0.2688254828001056,0.2687690596559413,0.2687139918222486,0.2686602517126276,0.2686078121350951,0.2685566462862862,0.2685067277457717,0.2684580304704928,0.2684105287893078,0.268364197397652,0.2683190113523064,0.2682749460662762,0.26823197730377424,0.26819008117531024,0.2681492341328823,0.2681094129652695,0.2680705947934233,0.2680327570659563,0.2679958775547267,0.2679599343505155,0.2679249058587955,0.2678907707955905,0.267857508183421,0.2678250973473378,0.26779351791103717,0.2677627497930602,0.26773277320307126,0.26770356863821504,0.2676751168795505,0.2676473989885591,0.26762039630372597,0.2675940904371918,0.2675684632714745,0.26754349695625773,0.26751917390524504,0.26749547679307784,0.26747238855231553,0.26744989237047584,0.2674279716871333,0.26740661019107526,0.26738579181751243,0.2673655007453433,0.2673457213944699,0.2673264384231644,0.26730763672548347,0.2672893014287307,0.2672714178909633,0.26725397169854326,0.26723694866373143,0.26722033482232127,0.2672041164313133,0.26718827996662675,0.267172812120848,0.26715769980101467,0.2671429301264332,0.2671284904265288,0.2671143682387275,0.2671005513063673,0.26708702757663866,0.2670737851985526,0.26706081252093483,0.2670480980904455,0.267035630649623,0.2670233991349507,0.26701139267494634,0.26699960058827127,0.26698801238186076,0.26697661774907294,0.26696540656785595,0.26695436889893226,0.266943494983999,0.26693277524394493,0.26692220027708063,0.26691176085738366,0.26690144793275666,0.2668912526232977,0.26688116621958274,0.26687118018095873,0.26686128613384796,0.26685147587006136,0.2668417413451219,0.26683207467659636,0.26682246814243554,0.2668129141793221,0.2668034053810258,0.2667939344967657,0.26678449442957847,0.26677507823469354,0.26676567911791305,0.266756290433998,0.26674690568505927,0.2667375185189531,0.2667281227276819,0.2667187122457989,0.266709281148817,0.26669982365162165,0.2666903341068879,0.26668080700350066,0.2666712369649787,0.2666616187479021,0.2666519472403434,0.2666422174603019,0.26663242455414105,0.2666225637950295,0.26661263058138546,0.26660262043532446,0.26659252900110997,0.26658235204360836,0.26657208544674676,0.26656172521197485,0.26655126745673,0.2665407084129068,0.2665300444253304,0.26651927195023395,0.2665083875537401,0.26649738791034777,0.26648626980142265,0.2664750301136932,0.26646366583775205,0.2664521740665618,0.26644055199396705,0.26642879691321236,0.26641690621546554,0.26640487738834834,0.26639270801447246,0.2663803957699838,0.2663679384231124,0.26635533383273136,0.26634257994692195,0.26632967480154807,0.26631661651883815,0.2663034033059759,0.26629003345370045,0.2662765053349149,0.26626281740330543,0.266248968191969,0.2662349563120527,0.2662207804514023,0.26620643937322264,0.2661919319147484,0.26617725698592654,0.26616241356811066,0.26614740071276727,0.2661322175401942,0.26611686323825234,0.266101337061109,0.26608563832799625,0.26606976642198155,0.2660537207887523,0.2660375009354149,0.26602110642930793,0.26600453689683,0.2659877920222823,0.26597087154672605,0.2659537752668564,0.26593650303389016,0.2659190547524709,0.26590143037958913,0.2658836299235188,0.2658656534427709,0.26584750104506216,0.2658291728863021,0.2658106691695959,0.2657919901442651,0.26577313610488396,0.2657541073903357,0.2657349043828832,0.2657155275072596,0.2656959772297748,0.26567625405744094,0.2656563585371144,0.2656362912546565,0.2656160528341114,0.2655956439369019,0.2655750652610435,0.26555431754037556,0.2655334015438107,0.26551231807460157,0.2654910679696258,0.26546965209868795,0.26544807136383947,0.26542632669871596,0.2654044190678912,0.2653823494662492,0.26536011891837313,0.2653377284779501,0.2653151792271943,0.2652924722762851,0.2652696087628229,0.26524658985129984,0.2652234167325872,0.26520009062343813,0.26517661276600585,0.26515298442737706,0.26512920689912006,0.26510528149684737,0.26508120955979303,0.26505699245040304,0.2650326315539403,0.2650081282781021,0.2649834840526512,0.26495870032905844,0.2649337785801586,0.2649087202998175,0.2648835270026104,0.26485820022351164,0.26483274151759467,0.2648071524597423,0.2647814346443664,0.2647555896851377,0.26472961921472293,0.264703524884532,0.2646773083644717,0.26465097134270726,0.26462451552543165,0.26459794263663994,0.26457125441791074,0.26454445262819254,0.26451753904359554,0.2644905154571874,0.26446338367879335,0.2644361455348,0.2644088028679616,0.26438135753720915,0.2643538114174616,0.26432616639943823,0.26429842438947215,0.2642705873093243,0.2642426570959975,0.26421463570154974,0.2641865250929069,0.2641583272516734,0.2641300441739412,0.26410167787009653,0.264073230364623,0.26404470369590216,0.2640160999160092,0.2639874210905054,0.26395866929822476,0.263929846631056,0.263900955193719,0.2638719971035345,0.2638429744901878,0.26381388949548573,0.2637847442731058,0.2637555409883377,0.26372628181781754,0.2636969689492524,0.26366760458113764,0.26363819092246343,0.2636087301924136,0.26357922462005323,0.26354967644400756,0.2635200879121297,0.26349046128115844,0.26346079881636475,0.2634311027911878,0.26340137548685927,0.2633716191920169,0.26334183620230595,0.26331202881996907,0.2632821993534243,0.2632523501168314,0.26322248342964544,0.2631926016161588,0.2631627070050306,0.263132801928804,0.2631028887234111,0.2630729697276655,0.26304304728274247,0.2630131237316471,0.2629832014186697,0.26295328268882956,0.26292336988730625,0.262893465358859,0.26286357144723416,0.26283369049456123,0.2628038248407369,0.26277397682279796,0.2627441487742829,0.262714343024583,0.2626845618982816,0.2626548077144842,0.26262508278613766,0.26259538941933946,0.2625657299126377,0.26253610655632176,0.26250652163170357,0.2624769774103913,0.26244747615355407,0.26241802011117915,0.2623886115213218,0.26235925260934834,0.2623299455871725,0.2623006926524861,0.26227149598798366,0.2622423577605825,0.2622132801206381,0.2621842652011552,0.2621553151169958,0.26212643196408386,0.2620976178186079,0.2620688747362214,0.2620402047512426,0.2620116098758526,0.26198309209929405,0.26195465338707064,0.261926295680147,0.261898020894151,0.2618698309185775,0.26184172761599667,0.2618137128212643,0.2617857883407377,0.2617579559514957,0.26173021740056474,0.26170257440415107,0.26167502864688014,0.261647581781043,0.2616202354258518,0.26159299116670315,0.2615658505544525,0.26153881510469745,0.26151188629707267,0.2614850655745566,0.2614583543427896,0.2614317539694061,0.2614052657833794,0.2613788910743814,0.2613526310921567,0.26132648704591227,0.2613004601037238,0.2612745513919584,0.2612487619947144,0.26122309295327995,0.2611975452656094,0.26117211988581973,0.2611468177237058,0.2611216396442771,0.2610965864673143,0.261071658966948,0.2610468578712591,0.26102218386190207,0.26099763757375083,0.26097321959456843,0.2609489304647008,0.2609247706767942,0.260900740675539,0.2608768408574374,0.26085307157059784,0.260829433114555,0.26080592574011624,0.260782549649236,0.2607593049949155,0.2607361918811321,0.2607132103627947,0.26069036044572835,0.26066764208668664,0.26064505519339304,0.26062259962461093,0.2606002751902423,0.26057808165145613,0.26055601872084583,0.26053408606261586,0.2605122832927983,0.2604906099794989,0.26046906564317246,0.26044764975692797,0.26042636174686384,0.26040520099243236,0.26038416682683385,0.2603632585374401,0.2603424753662476,0.26032181651036,0.2603012811224993,0.2602808683115466,0.260260577143111,0.26024040664012743,0.2602203557834826,0.2602004235126691,0.2601806087264666,0.26016091028365146,0.26014132700373255,0.26012185766771334,0.26010250101888166,0.2600832557636234,0.2600641205722633,0.260045094079929,0.26002617488744056,0.2600073615622234,0.25998865263924453,0.2599700466219712,0.25995154198335235,0.25993313716682065,0.25991483058731607,0.25989662063232927,0.25987850566296455,0.25986048401502165,0.2598425540000956,0.2598247139066936,0.2598069620013691,0.25978929652987076,0.2597717157183071,0.2597542177743253,0.2597368008883024,0.2597194632345503,0.2597022029725315,0.2596850182480854,0.2596679071946653,0.25965086793458364,0.2596338985802655,0.25961699723550896,0.2596001619967518,0.2595833909543434,0.25956668219382084,0.25955003379718833,0.25953344384419846,0.25951691041363567,0.259500431584599,0.25948400543778516,0.25946763005676904,0.25945130352928225,0.2594350239484876,0.25941878941424895,0.25940259803439575,0.25938644792598053,0.2593703372165285,0.2593542640452794,0.2593382265644186,0.2593222229402984,0.25930625135464713,0.2592903100057662,0.25927439710971295,0.25925851090146923,0.2592426496360949,0.259226811589864,0.25921099506138445,0.2591951983726991,0.2591794198703671,0.25916365792652607,0.2591479109399329,0.259132177336982,0.2591164555727026,0.2591007441317305,0.25908504152925693,0.2590693463119516,0.2590536570588603,0.25903797238227516,0.2590222909285782,0.25900661137905645,0.25899093245068805,0.2589752528968993,0.2589595715082917,0.25894388711333693,0.2589281985790426,0.2589125048115841,0.2588968047569054,0.25888109740128595,0.25886538177187474,0.25884965693718953,0.2588339220075832,0.2588181761356736,0.25880241851673935,0.2587866483890801,0.2587708650343401,0.2587550677777965,0.2587392559886112,0.2587234290800454,0.2587075865096382,0.2586917277793476,0.25867585243565466,0.2586599600696307,0.25864405031696636,0.2586281228579643,0.2586121774174943,0.25859621376491043,0.2585802317139321,0.25856423112248683,0.25854821189251687,0.2585321739697485,0.25851611734342433,0.25850004204600024,0.258483948152805,0.25846783578166416,0.25845170509248894,0.2584355562868292,0.2584193896073916,0.2584032053375238,0.2583870038006638,0.2583707853597565,0.2583545504166365,0.25833829941137876,0.25832203282161714,0.2583057511618317,0.2582894549826044,0.2582731448698464,0.2582568214439937,0.2582404853591753,0.25822413730235333,0.25820777799243516,0.25819140817935926,0.25817502864315583,0.2581586401929813,0.2581422436661297,0.25812583992702054,0.25810942986616403,0.2580930143991051,0.2580765944653467,0.2580601710272536,0.2580437450689377,0.25802731759512487,0.25801088963000635,0.25799446221607314,0.25797803641293693,0.2579616132961363,0.257945193955931,0.25792877949608456,0.25791237103263626,0.25789596969266376,0.2578795766130374,0.2578631929391676,0.2578468198237453,0.25783045842547825,0.25781410990782266,0.2577977754377128,0.2577814561842877,0.25776515331761873,0.2577488680074363,0.25773260142185905,0.25771635472612536,0.25770012908132894,0.2576839256431589,0.25766774556064626,0.25765158997491744,0.25763546001795584,0.25761935681137266,0.25760328146518763,0.25758723507662246,0.2575712187289049,0.25755523349008735,0.2575392804118793,0.2575233605284956,0.25750747485552117,0.25749162438879253,0.2574758101032978,0.25746003295209635,0.2574442938652581,0.25742859374882404,0.25741293348378824,0.2573973139251034,0.25738173590070873,0.25736620021058326,0.2573507076258235,0.2573352588877471,0.2573198547070229,0.2573044957628288,0.25728918270203655,0.25727391613842543,0.2572586966519255,0.2572435247878896,0.2572284010563957,0.25721332593158114,0.25719829985100573,0.2571833232150488,0.2571683963863365,0.2571535196892023,0.25713869340917994,0.25712391779252936,0.2571091930457958,0.25709451933540234,0.2570798967872765,0.25706532548651007,0.25705080547705284,0.2570363367614412,0.25702191930055973,0.25700755301343753,0.25699323777707783,0.25697897342632264,0.2569647597537504,0.25695059650960705,0.25693648340177183,0.2569224200957552,0.25690840621472993,0.2568944413395957,0.256880525009075,0.25686665671984216,0.25685283592668257,0.2568390620426849,0.2568253344394622,0.2568116524474041,0.25679801535595903,0.2567844224139439,0.25677087282988403,0.25675736577237984,0.2567439003705002,0.2567304757142033,0.25671709085478217,0.25670374480533537,0.2566904365412616,0.2566771650007776,0.2566639290854582,0.25665072766079783,0.2566375595567926,0.2566244235685417,0.25661131845686774,0.2565982429489542,0.2565851957390002,0.2565721754888898,0.2565591808288769,0.25654621035828296,0.25653326264620696,0.2565203362322473,0.25650742962723344,0.25649454131396643,0.2564816697479683,0.2564688133582369,0.2564559705480079,0.25644313969552024,0.25643031915478565,0.25641750725636064,0.25640470230811874,0.256391902596024,0.2563791063849025,0.25636631191921216,0.2563535174238094,0.2563407211047107,0.2563279211498499,0.25631511572982824,0.25630230299865653,0.2562894810944902,0.2562766481403534,0.2562638022448534,0.2562509415028836,0.2562380639963136,0.2562251677946669,0.25621225095578404,0.25619931152647124,0.2561863475431327,0.25617335703238797,0.25616033801167076,0.2561472884898111,0.2561342064675988,0.2561210899383285,0.2561079368883243,0.2560947452974464,0.2560815131395761,0.2560682383830807,0.25605491899125754,0.25604155292275754,0.25602813813198644,0.25601467256948524,0.2560011541822895,0.25598758091426693,0.2559739507064327,0.2559602614972452,0.25594651122287904,0.2559326978174783,0.25591881921338866,0.2559048733413692,0.25589085813078505,0.25587677150977983,0.2558626114054305,0.25584837574388264,0.25583406245046975,0.25581966944981466,0.25580519466591567,0.25579063602221747,0.25577599144166757,0.2557612588467605,0.2557464361595683,0.25573152130176147,0.2557165121946191,0.25570140675903097,0.2556862029154908,0.25567089858408504,0.2556554916844752,0.2556399801358781,0.2556243618570425,0.25560863476622675,0.2555927967811756,0.2555768458191007,0.25556077979666453,0.2555445966299697,0.25552829423455586,0.2555118705254046,0.2554953234169556,0.25547865082313437,0.255461850657394,0.2554449208327718,0.255427859261964,0.2554106638574182,0.25539333253144714,0.2553758631963646,0.2553582537646447,0.25534050214910675,0.2553226062631282,0.2553045640208849,0.2552863733376236,0.2552680321299644,0.25524953831623826,0.255230889816859,0.25521208455473166,0.2551931204556993,0.2551739954490283,0.25515470746793484,0.2551352544501534,0.2551156343385481,0.25509584508176814,0.25507588463494907,0.25505575096046024,0.25503544202869965,0.25501495581893724,0.25499429032020665,0.2549734435322473,0.25495241346649716,0.25493119814713566,0.254909795612179,0.2548882039146268,0.254866421123661,0.2548444453258973,0.25482227462668927,0.25479990715148454,0.25477734104723354,0.2547545744838512,0.25473160565572944,0.2547084327833023,0.254685054114662,0.2546614679272249,0.2546376725294481,0.25461366626259463,0.25458944750254714,0.25456501466166853,0.25454036619070874,0.25451550058075634,0.2544904163652336,0.2544651121219342,0.25443958647510084,0.2544138380975424,0.25438786571278843,0.25436166809727845,0.25433524408258606,0.25430859255767396,0.25428171247117826,0.2542546028337208,0.25422726272024637,0.2541996912723825,0.25417188770082005,0.25414385128771133,0.2541155813890836,0.2540870774372652,0.2540583389433222,0.2540293654995009,0.2540001567816764,0.25397071255180115,0.2539410326603527,0.2539111170487768,0.2538809657519232,0.2538505789004705,0.2538199567233372,0.25378909955007606,0.25375800781324864,0.2537266820507757,0.25369512290826196,0.2536633311412909,0.25363130761768576,0.2535990533197355,0.25356656934638,0.2535338569153539,0.2535009173652826,0.2534677521577306,0.25343436287919635,0.25340075124305195,0.2533669190914235,0.25333286839700986,0.253298601264836,0.2532641199339385,0.2532294267789794,0.2531945243117866,0.25315941518281626,0.2531241021825361,0.25308858824272557,0.2530528764376907,0.2530169699853909,0.2529808722484749,0.25294458673522363,0.2529081171003978,0.25287146714598685,0.25283464082185864,0.25279764222630613,0.2527604756064902,0.2527231453587755,0.2526856560289587,0.25264801231238726,0.25261021905396547,0.25257228124804837,0.2525342040382209,0.25249599271696144,0.2524576527251882,0.252419189651688,0.2523806092324257,0.2523419173497343,0.25230312003138433,0.25226422344953253,0.25222523391954915,0.25218615789872345,0.25214700198484713,0.25210777291467656,0.25206847756227263,0.25202912293721896,0.25198971618271926,0.2519502645735739,0.2519107755140361,0.25187125653554887,0.25183171529436343,0.2517921595690401,0.251752597257833,0.25171303637595915,0.2516734850527544,0.2516339515287166,0.2515944441524387,0.25155497137743227,0.25151554175884483,0.2514761639500715,0.2514368466992642,0.25139759884573987,0.2513584293162903,0.2513193471213965,0.25128036135134874,0.25124148117227674,0.25120271582209125,0.2511640746063407,0.2511255668939854,0.2510872021130925,0.2510489897464546,0.25101093932713603,0.2509730604339484,0.25093536268686056,0.2508978557423452,0.25086054928866597,0.2508234530411088,0.2507865767371604,0.25074993013163865,0.2507135229917775,0.2506773650922708,0.2506414662102784,0.2506058361203993,0.25057048458961423,0.2505354213722028,0.25050065620463907,0.250466198800468,0.2504320588451696,0.2503982459910114,0.25036476985189615,0.25033163999820685,0.250298865951654,0.250266457180129,0.250234423092567,0.25020277303382465,0.25017151627957485,0.2501406620312241,0.2501102194108553,0.25008019745620025,0.25005060511564614,0.2500214512432791,0.24999274459396928,0.2499644938185004,0.24993670745874846,0.2499093939429128,0.24988256158080308,0.24985621855918513,0.24983037293719088,0.24980503264179374,0.2497802054633546,0.24975589905123996,0.2497321209095172,0.2497088783927288,0.24968617870174933,0.24966402887972766,0.24964243580811765,0.24962140620280038,0.2496009466102998,0.24958106340409536,0.24956176278103367,0.24954305075784178,0.24952493316774432,0.2495074156571871,0.24949050368266892,0.24947420250768398,0.24945851719977694,0.24944345262771156,0.24942901345875662,0.24941520415608834,0.24940202897631303,0.24938949196711013,0.24937759696499698,0.24936634759321813,0.2493557472597575,0.24934579915547733,0.24933650625238304,0.24932787130201506,0.24931989683396913,0.2493125851545449,0.2493059383455231,0.24929995826307288,0.24929464653678834,0.24929000456885486,0.24928603353334544,0.2492827343756473,0.2492801078120173,0.24927815432926761,0.24927687418458058,0.24927626740545158,0.2492763337897609,0.24927707290597276,0.24927848409346073,0.24928056646296015,0.24928331889714467,0.24928674005132745,0.24929082835428504,0.24929558200920335,0.2493009989947439,0.24930707706622934,0.24931381375694686,0.2493212063795678,0.24932925202768186,0.24933794757744457,0.2493472896893358,0.24935727481002823,0.24936789917436253,0.24937915880742959,0.2493910495267553,0.24940356694458782,0.2494167064702835,0.24943046331279153,0.24944483248323235,0.2494598087975699,0.2494753868793741,0.24949156116267152,0.24950832589488192,0.24952567513983837,0.2495436027808876,0.24956210252406946,0.24958116790137155,0.2496007922740576,0.2496209688360658,0.24964169061747557,0.24966295048803933,0.24968474116077688,0.24970705519562986,0.24972988500317325,0.24975322284838072,0.24977706085444293,0.24980139100663346,0.2498262051562214,0.24985149502442777,0.24987725220642168,0.2499034681753552,0.2499301342864324,0.24995724178101184,0.24998478179073763,0.25001274534169776,0.25004112335860684,0.25006990666900963,0.2500990860075035,0.2501286520199773,0.25015859526786277,0.25018890623239737,0.25021957531889494,0.25025059286102164,0.25028194912507534,0.2503136343142648,0.25034563857298686,0.25037795199109963,0.2504105646081881,0.25044346641781984,0.25047664737179026,0.25051009738435237,0.25054380633643114,0.2505777640798181,0.250611960441346,0.2506463852270405,0.25068102822624555,0.25071587921572264,0.2507509279637205,0.2507861642340131,0.2508215777899052,0.25085715839820233,0.2508928958331436,0.2509287798802971,0.25096480034041335,0.25100094703323766,0.25103720980127847,0.2510735785135306,0.25111004306915147,0.25114659340108936,0.2511832194796617,0.25121991131608296,0.25125665896593946,0.25129345253261137,0.2513302821706397,0.25136713808903727,0.25140401055454353,0.2514408898948202,0.25147776650158965,0.25151463083371184,0.25155147342020207,0.2515882848631864,0.2516250558407953,0.2516617771099944,0.25169843950935167,0.2517350339617407,0.2517715514769795,0.25180798315440395,0.25184432018537584,0.25188055385572555,0.25191667554812786,0.25195267674441213,0.2519885490278051,0.2520242840851072,0.25205987370880234,0.25209530979909983,0.25213058436591007,0.25216568953075263,0.25220061752859757,0.2522353607096402,0.2522699115410082,0.2523042626084034,0.2523384066176758,0.25237233639633305,0.25240604489498264,0.2524395251887095,0.2524727704783883,0.25250577409193087,0.25253852948546934,0.25257103024447586,0.2526032700848178,0.2526352428537517,0.2526669425308535,0.2526983632288878,0.2527294991946158,0.2527603448095423,0.2527908945906036,0.2528211431907952,0.2528510853997414,0.252880716144207,0.25291003048855176,0.2529390236351281,0.2529676909246235,0.25299602783634767,0.2530240299884653,0.2530516931381756,0.2530790131818393,0.25310598615505303,0.2531326082326736,0.253158875728791,0.2531847850966525,0.25321033292853784,0.2532355159555868,0.25326033104757906,0.2532847752126682,0.2533088455970706,0.253332539484709,0.2533558542968126,0.2533787875914741,0.2534013370631646,0.2534235005422067,0.2534452759942077,0.253466661519452,0.2534876553522553,0.2535082558602799,0.2535284615438132,0.2535482710350084,0.25356768309709016,0.25358669662352473,0.2536053106371552,0.2536235242893032,0.2536413368588379,0.2536587477512118,0.2536757564974656,0.25369236275320173,0.2537085662975274,0.25372436703196843,0.25373976497935363,0.2537547602826709,0.25376935320389604,0.25378354412279364,0.25379733353569217,0.2538107220542326,0.2538237104040923,0.2538362994236835,0.2538484900628282,0.2538602833814088,0.25387168054799625,0.2538826828384555,0.25389329163452845,0.2539035084223961,0.2539133347912194,0.2539227724316594,0.25393182313437773,0.2539404887885178,0.2539487713801661,0.2539566729907959,0.2539641957956924,0.2539713420623606,0.25397811414891536,0.2539845145024557,0.25399054565742196,0.25399621023393787,0.2540015109361368,0.25400645055047355,0.2540110319440209,0.2540152580627531,0.2540191319298152,0.25402265664377904,0.25402583537688744,0.25402867137328466,0.2540311679472365,0.25403332848133814,0.2540351564247111,0.2540366552911898,0.25403782865749847,0.2540386801614174,0.2540392134999413,0.2540394324274279,0.2540393407537388,0.25403894234237284,0.25403824110859136,0.2540372410175374,0.2540359460823479,0.2540343603622613,0.2540324879607177,0.2540303330234561,0.2540278997366068,0.25402519232477894,0.25402221504914624,0.25401897220552916,0.25401546812247483,0.254011707159335,0.2540076937043443,0.25400343217269583,0.25399892700461835,0.253994182663453,0.25398920363373206,0.2539839944192589,0.25397855954118964,0.2539729035361195,0.25396703095417045,0.25396094635708494,0.2539546543163228,0.25394815941116516,0.2539414662268225,0.2539345793525508,0.25392750337977466,0.2539202429002175,0.25391280250404163,0.25390518677799684,0.2538974003035785,0.25388944765519705,0.2538813333983584,0.25387306208785576,0.2538646382659746,0.2538560664607108,0.2538473511840018,0.2538384969299741,0.2538295081732039,0.25382038936699514,0.2538111449416735,0.2538017793028978,0.2537922968299893,0.2537827018742793,0.2537729987574766,0.2537631917700543,0.2537532851696572,0.253743283179531,0.2537331899869724,0.2537230097418024,0.25371274655486264,0.2537024044965351,0.25369198759528677,0.2536814998362389,0.2536709451597617,0.2536603274600961,0.2536496505840009,0.25363891832942903,0.25362813444423,0.253617302624882,0.2536064265152531,0.25359550970539085,0.25358455573034355,0.2535735680690113,0.25356255014302814,0.253551505315676,0.2535404368908311,0.2535293481119422,0.2535182421610428,0.25350712215779575,0.2534959911585727,0.2534848521555673,0.25347370807594344,0.25346256178101784,0.2534514160654794,0.2534402736566428,0.2534291372137392,0.2534180093272433,0.2534068925182366,0.25339578923780814,0.2533847018664924,0.2533736327137444,0.253362584017453,0.25335155794349173,0.2533405565853082,0.2533295819635514,0.2533186360257376,0.2533077206459552,0.2532968376246073,0.2532859886881948,0.2532751754891363,0.2532643996056292,0.2532536625415474,0.2532429657263806,0.2532323105152104,0.25322169818872675,0.2532111299532831,0.2532006069409903,0.25319013020984943,0.25317970074392326,0.2531693194535473,0.2531589871755779,0.2531487046736798,0.2531384726386515,0.253128291688789,0.25311816237028645,0.2531080851576758,0.2530980604543026,0.25308808859283904,0.2530781698358347,0.2530683043763023,0.2530584923383409,0.2530487337777941,0.2530390286829439,0.25302937697524,0.25301977851006274,0.2530102330775215,0.2530007404032858,0.25299130014945026,0.2529819119154325,0.2529725752389028,0.252963289596746,0.2529540544060544,0.25294486902515206,0.25293573275464776,0.2529266448385191,0.25291760446522465,0.252908610768844,0.2528996628302469,0.25289075967828756,0.2528819002910265,0.25287308359697763,0.25286430847637986,0.2528555737624933,0.25284687824291835,0.2528382206609379,0.2528295997168807,0.25282101406950636,0.2528124623374104,0.2528039431004477,0.25279545490117605,0.2527869962463162,0.25277856560822853,0.2527701614264068,0.25276178210898514,0.2527534260342606,0.2527450915522277,0.2527367769861256,0.25272848063399683,0.252720200770255,0.25271193564726313,0.25270368349691946,0.2526954425322506,0.25268721094901087,0.25267898692728696,0.2526707686331069,0.2526625542200516,0.25265434183086966,0.2526461295990913,0.2526379156506443,0.252629698105468,0.2526214750791248,0.25261324468440916,0.2526050050329517,0.2525967542368188,0.2525884904101053,0.2525802116705191,0.2525719161409587,0.25256360195108013,0.2525552672388532,0.25254691015210645,0.2525385288500593,0.25253012150484005,0.25252168630298943,0.2525132214469477,0.2525047251565259,0.25249619567035775,0.2524876312473339,0.25247903016801576,0.25247039073602817,0.2524617112794309,0.25245299015206696,0.25244422573488706,0.2524354164372501,0.25242656069819747,0.2524176569877015,0.25240870380788666,0.2523996996942224,0.2523906432166872,0.25238153298090427,0.25237236762924464,0.25236314584190167,0.2523538663379318,0.2523445278762644,0.25233512925667784,0.25232566932074213,0.25231614695272764,0.2523065610804788,0.2522969106762527,0.25228719475752237,0.25227741238774387,0.2522675626770867,0.2522576447831277,0.2522476579115077,0.2522376013165516,0.2522274743018494,0.25221727622080103,0.2522070064771227,0.25219666452531486,0.252186249871093,0.2521757620717799,0.25216520073665993,0.2521545655272954,0.25214385615780605,0.252133072395109,0.25212221405912344,0.2521112810229368,0.2521002732129346,0.2520891906088936,0.25207803324403943,0.2520668012050674,0.2520554946321296,0.25204411371878593,0.25203265871192226,0.252021129911634,0.2520095276710779,0.2519978523962908,0.2519861045459772,0.25197428463126664,0.2519623932154405,0.25195043091363045,0.25193839839248805,0.2519262963698278,0.2519141256142435,0.251901886944699,0.25188958123009575,0.25187720938881564,0.25186477238824256,0.25185227124426257,0.25183970702074365,0.25182708082899746,0.2518143938272224,0.25180164721993065,0.25178884225735937,0.2517759802348682,0.2517630624923234,0.25175009041347035,0.2517370654252954,0.25172398899737897,0.25171086264123926,0.2516976879096708,0.25168446639607606,0.2516711997337934,0.2516578895954221,0.25164453769214457,0.2516311457730487,0.2516177156244505,0.25160424906921863,0.25159074796610115,0.25157721420905726,0.2515636497265935,0.2515500564811063,0.2515364364682327,0.2515227917162083,0.25150912428523536,0.2514954362668614,0.25148172978336913,0.2514680069871786,0.25145427006026244,0.2514405212135761,0.25142676268650155,0.25141299674630835,0.25139922568762946,0.2513854518319556,0.25137167752714656,0.25135790514696077,0.2513441370906041,0.25133037578229805,0.25131662367086727,0.25130288322934774,0.25128915695461507,0.25127544736703405,0.2512617570101284,0.2512480884502723,0.2512344442764035,0.25122082709975657,0.2512072395536186,0.25119368429310535,0.25118016399495907,0.25116668135736675,0.2511532390997997,0.2511398399628725,0.2511264867082231,0.25111318211841194,0.2510999289968402,0.25108673016768684,0.2510735884758638,0.2510605067869882,0.25104748798737214,0.2510345349840275,0.25102165070468657,0.25100883809783703,0.2509961001327703,0.25098343979964266,0.2509708601095476,0.25095836409459976,0.25094595480802684,0.2509336353242714,0.25092140873909935,0.2509092781697146,0.2508972467548789,0.2508853176550352,0.2508734940524334,0.25086177915125774,0.2508501761777533,0.2508386883803517,0.25082731902979405,0.25081607141924883,0.2508049488644249,0.2507939547036777,0.25078309229810647,0.2507723650316419,0.2507617763111229,0.25075132956636015,0.250741028250186,0.2507308758384888,0.2507208758302302,0.2507110317474445,0.25070134713521797,0.25069182556164704,0.25068247061777454,0.250673285917502,0.25066427509747663,0.25065544181695193,0.2506467897576213,0.2506383226234216,0.2506300441403084,0.25062195805599774,0.25061406813967735,0.25060637818168374,0.25059889199314395,0.2505916134055834,0.25058454627049553,0.25057769445887507,0.2505710618607122,0.25056465238444847,0.25055846995639186,0.2505525185200912,0.2505468020356703,0.2505413244791189,0.25053608984154174,0.25053110212836427,0.25052636535849593,0.25052188356344773,0.25051766078640797,0.25051370108127163,0.2505100085116268,0.25050658714969515,0.25050344107522865,0.2505005743743611,0.25049799113841525,0.2504956954626654,0.25049369144505573,0.2504919831848744,0.2504905747813848,0.25048947033241264,0.25048867393289115,0.2504881896733631,0.2504880216384425,0.25048817390523404,0.2504886505417137,0.2504894556050689,0.2504905931400006,0.2504920671769882,0.25049388173051707,0.2504960407972713,0.2504985483542913,0.2505014083570989,0.25050462473778967,0.2505082014030953,0.2505121422324155,0.25051645107582265,0.25052113175203944,0.2505261880463917,0.25053162370873694,0.25053744245137133,0.25054364794691614,0.25055024382618496,0.2505572336760345,0.2505646210371991,0.2505724094021123,0.25058060221271605,0.25058920285826003,0.25059821467309296,0.2506076409344471,0.25061748486021856,0.2506277496067454,0.2506384382665842,0.2506495538662891,0.25066109936419334,0.25067307764819596,0.250685491533557,0.25069834376069994,0.2507116369930275,0.250725373814749,0.25073955672872394,0.25075418815432227,0.25076927042530417,0.25078480578772083,0.2508007963978386,0.2508172443200879,0.2508341515250394,0.2508515198874095,0.25086935118409553,0.2508876470922454,0.2509064091873606,0.25092563894143594,0.25094533772113786,0.25096550678602236,0.25098614728679564,0.2510072602636166,0.25102884664444636,0.25105090724344353,0.2510734427594078,0.2510964537742746,0.25111994075166016,0.25114390403546,0.2511683438485022,0.2511932602912559,0.2512186533405976,0.2512445228486353,0.2512708685415927,0.2512976900187544,0.2513249867514726,0.2513527580822377,0.25138100322381246,0.25140972125843103,0.25143891113706485,0.2514685716787548,0.25149870157001103,0.25152929936428164,0.2515603634814899,0.2515918922076417,0.25162388369450284,0.25165633595934733,0.251689246884777,0.25172261421861264,0.2517564355738567,0.25179070842872897,0.2518254301267737,0.2518605978770398,0.2518962087543336,0.25193225969954397,0.2519687475200401,0.2520056688901417,0.2520430203516614,0.25208079831451935,0.2521189990574295,0.25215761872865705,0.2521966533468471,0.2522360988019243,0.25227595085606136,0.25231620514471814,0.25235685717774897,0.25239790234057863,0.2524393358954447,0.25248115298270785,0.25252334862222703,0.2525659177147997,0.25260885504366654,0.25265215527607837,0.2526958129649257,0.25273982255042865,0.2527841783618871,0.25282887461948916,0.252873905436177,0.2529192648195694,0.25296494667393815,0.25301094480223896,0.2530572529081944,0.2531038645984275,0.2531507733846445,0.2531979726858663,0.253245455830706,0.2532932160596909,0.2533412465276293,0.25338954030601746,0.25343809038548865,0.2534868896782993,0.25353593102085326,0.25358520717626143,0.2536347108369345,0.25368443462720836,0.2537343711059998,0.25378451276949066,0.2538348520538396,0.2538853813379181,0.2539360929460711,0.25398697915089835,0.2540380321760568,0.25408924419908047,0.2541406073542171,0.25419211373528,0.2542437553985122,0.2542955243654623,0.25434741262587,0.2543994121405588,0.25445151484433504,0.2545037126488919,0.25455599744571483,0.25460836110898843,0.2546607954985029,0.25471329246255703,0.25476584384085765,0.25481844146741334,0.25487107717342,0.25492374279013774,0.254976430151757,0.2550291310982522,0.2550818374782214,0.2551345411517105,0.25518723399302085,0.25523990789349765,0.2552925547642987,0.2553451665391419,0.25539773517702924,0.2554502526649468,0.25550271102053934,0.25555510229475703,0.2556074185744744,0.2556596519850793,0.25571179469303085,0.2557638389083854,0.25581577688728824,0.2558676009344317,0.2559193034054766,0.2559708767094367,0.25602231331102604,0.25607360573296584,0.25612474655825224,0.2561757284323821,0.25622654406553735,0.25627718623472556,0.25632764778587713,0.2563779216358971,0.2564280007746715,0.25647787826702695,0.25652754725464344,0.25657700095791836,0.2566262326777823,0.25667523579746526,0.2567240037842127,0.25677253019095075,0.2568208086579008,0.2568688329141416,0.25691659677911927,0.25696409416410454,0.25701131907359687,0.2570582656066748,0.2571049279582922,0.25715130042052053,0.2571973773837357,0.2572431533377512,0.257288622872895,0.25733378068103097,0.2573786215565259,0.25742314039715947,0.25746733220497947,0.25751119208710016,0.25755471525644574,0.2575978970324367,0.257640732841621,0.25768321821824947,0.2577253488047944,0.25776712035241395,0.25780852872135895,0.2578495698813265,0.2578902399117567,0.2579305350020751,0.25797045145188063,0.2580099856710783,0.25804913417995895,0.2580878936092241,0.25812626069995837,0.2581642323035482,0.2582018053815486
15.25,1.0068898051699868,1.0137803901462474,1.0206715445326966,1.0275630855709625,1.0344548639637958,1.0413467682784794,1.0482387281215764,1.0551307162555046,1.0620227498086454,1.0689148907137993,1.0758072454945824,1.0826999645056756,1.0895932407205182,1.0964873081489817,1.1033824399576175,1.11027894635621,1.1171771723062776,1.1240774951000756,1.1309803218522352,1.1378860869404437,1.1447952494264413,1.1517082904840896,1.1586257108571725,1.1655480283659854,1.1724757754785842,1.17940949695972,1.1863497476079718,1.1932970900893949,1.2002520928740632,1.2072153282801459,1.2141873706287287,1.2211687945112628,1.228160173170435,1.23516207699424,1.2421750721222522,1.249199719162384,1.2562365720158166,1.263286176807315,1.2703490709177214,1.2774257821151043,1.2845168277807777,1.2916227142262102,1.2987439360966904,1.3058809758575332,1.313034303358544,1.3202043754724444,1.3273916358029667,1.334596514458367,1.341819427886169,1.3490607787650284,1.3563209559496894,1.3636003344651317,1.370899275546119,1.3782181267184814,1.3855572219186216,1.392916881647849,1.4002974131583161,1.4076991106674568,1.4151222555979905,1.4225671168407128,1.4300339510373796,1.437523002881251,1.4450345054329101,1.4525686804491522,1.4601257387228703,1.467705880432006,1.475309295495761,1.4829361639363867,1.490586656245007,1.4982609337500352,1.5059591489868633,1.5136814460676196,1.5214279610498807,1.5291988223033288,1.5369941508734462,1.5448140608414147,1.5526586596794898,1.5605280486011777,1.568422322905643,1.5763415723158296,1.5842858813098428,1.5922553294452153,1.6002499916757278,1.6082699386605077,1.6163152370651868,1.6243859498549325,1.6324821365792235,1.6406038536482677,1.6487511546009972,1.6569240903646172,1.6651227095056995,1.673347058472845,1.681597181830958,1.6898731224872032,1.6981749219087223,1.7065026203322167,1.7148562569654984,1.7232358701811379,1.731641497702336,1.7400731767811566,1.7485309443692656,1.7570148372813195,1.765524892351151,1.774061146580901,1.7826236372832454,1.791212402216865,1.7998274797152949,1.808468908809302,1.8171367293429201,1.8258309820832745,1.8345517088243217,1.8432989524846202,1.8520727571992464,1.8608731684059587,1.8697002329257066,1.8785539990375693,1.887434516548213,1.8963418368559333,1.9052760130093531,1.9142370997608282,1.9232251536146199,1.9322402328698662,1.9412823976583933,1.9503517099773944,1.9594482337169956,1.968572034682723,1.9777231806128834,1.986901741190856,1.996107788052293,2.0053413947872283,2.014602636937072,2.0238915919864846,2.0332083393501037,2.042552960354107,2.051925538212583,2.061326157998682,2.070754906610523,2.0802118727318244,2.0896971467872305,2.099210820892305,2.1087529887981566,2.1183237458306836,2.127923188824395,2.1375514160507953,2.14720852714131,2.156894623004736,2.1666098057391903,2.1763541785385687,2.1861278455934894,2.1959309119867285,2.205763483583151,2.2156256669141494,2.225517569056599,2.235439297506356,2.2453909600463318,2.2553726646091596,2.2653845191345257,2.275426631421178,2.285499108973701,2.2956020588441026,2.305735587468282,2.315899800497471,2.326094802624729,2.3363206974065784,2.3465775870798975,2.356865572374172,2.3671847523192233,2.3775352240485446,2.3879170825983778,2.398330420702666,2.408775328584042,2.419251893741001,2.429760200731421,2.4403003309526112,2.450872362418051,2.461476369531024,2.472112422855319,2.482780588883201,2.4934809298008695,2.504213503251588,2.5149783620967185,2.5257755541748748,2.536605122059408,2.547467102814479,2.558361527749912,2.569288422175108,2.580247805152215,2.591239689248838,2.6022640802904973,2.613320977113107,2.6244103713157183,2.635532247013762,2.6466865805930655,2.657873340464876,2.6690924868221546,2.680343971397388,2.691627737222168,2.7029437183887888,2.7142918398141016,2.7256720170058624,2.737084155832113,2.7485281522931038,2.7600038922967154,2.771511251437351,2.7830500947785324,2.7946202766394257,2.8062216403855396,2.817854018223801,2.829517231002237,2.841211088014461,2.852935386809175,2.864689913004877,2.876474440109984,2.8882887293485293,2.900132529491632,2.9120055766949027,2.9239075943419572,2.9358382928941817,2.947797369746913,2.9597845090921657,2.971799381788048,2.9838416452349867,2.9959109432588726,3.008006906001256,3.020129149816672,3.0322772771771946,3.044450876584308,3.056649522488167,3.0688727752143072,3.081120180897871,3.0933912714253937,3.105685564384187,3.1180025630193606,3.130341756198489,3.1427026183839515,3.155084609612944,3.1674871754851566,3.1799097471581117,3.192351741350135,3.204812560350937,3.2172915920397647,3.229788209911075,3.2423017731076857,3.25483162646134,3.26737710054061,3.279937511706072,3.2925121621726725,3.305100340079181,3.3177013195646547,3.3303143608517916,3.342938710337078,3.3555736006876056,3.3682182509444445,3.3808718666324373,3.393533639876289,3.4062027495228127,3.418878361269188,3.4315596277970895,3.444245688912527,3.456935671691257,3.4696286906295875,3.482323847800431,3.4950202330144338,3.507716923986008,3.5204129865041076,3.53310747460757,3.545799430764844,3.558487886057934,3.571171860370381,3.5838503625791,3.5965223907498975,3.609186932336479,3.6218429643827776,3.6344894537284245,3.6471253572171594,3.6597496219080266,3.672361185289168,3.684958975494029,3.6975419115198065,3.710108903447969,3.722658852666655,3.735190652094813,3.7477031864078763,3.7601953322648303,3.7726659585365026,3.7851139265349136,3.7975380902435267,3.8099372965482488,3.82231038546903,3.8346561903919048,3.8469735383013544,3.8592612500128216,3.871518140405262,3.883743018653598,3.8959346884609416,3.90809194829047,3.920213591596836,3.932298407056998,3.9443451788003663,3.956352686638148,3.9683197062918243,3.980245009620626,3.9921273648479536,4.003965536786644,4.0157582870630035,4.027504374339555,4.039202554536397,4.050851581051155,4.062450204977441,4.073997175321772,4.085491239218915,4.096931142145617,4.108315628132666,4.119643439975277,4.130913319441762,4.142124007480482,4.153274244425032,4.164362770197701,4.17538832451115,4.186349647068345,4.197245477760727,4.20807455686465,4.218835625236072,4.229527424503546,4.240148697259512,4.250698187249929,4.261174639562269,4.271576800811918,4.2819034193270005,4.292153245331695,4.302325031128071,4.312417531276488,4.322429502774623,4.332359705235173,4.3422069010622835,4.351969855626774,4.361647337440207,4.371238118327869,4.380740973600749,4.390154682226536,4.3994780269997475,4.408709794711044,4.417848776315788,4.42689376710194,4.435843566857345,4.444696980036505,4.4534528159268865,4.4621098888148625,4.470667018151333,4.479123028717136,4.4874767507882884,4.495727020301148,4.503872679017566,4.5119125746901005,4.519845561227356,4.527670498859542,4.53538625430427,4.54299170093272,4.550485718936187,4.557867195493092,4.565135024936525,4.572288108922358,4.579325356598015,4.58624568477191,4.5930480180836515,4.599731289175016,4.60629443886178,4.612736416306406,4.619056179191671,4.625252693895231,4.631324935665174,4.63727188879659,4.64309254680919,4.648785912625962,4.654350998752929,4.659786827459997,4.665092430962896,4.670266851606241,4.6753091420477,4.680218365443277,4.684993595633693,4.689633917331872,4.694138426311493,4.698506229596623,4.702736445652361,4.706828204576533,4.710780648292335,4.714592930741937,4.718264218080998,4.721793688874033,4.725180534290608,4.728423958302294,4.731523177880325,4.734477423193912,4.737285937809144,4.7399479788883925,4.742462817390175,4.744829738269383,4.747048040677798,4.749117038164828,4.751036058878344,4.75280444576557,4.754421556773899,4.755886765051558,4.757199459148014,4.758359043214015,4.759364937201173,4.760216577060969,4.760913414943072,4.76145491939287,4.761840575548067,4.7620698853342684,4.762142367659386,4.762057558606805,4.761815011627107,4.761414297728292,4.760855005664344,4.760136742122001,4.7592591319056154,4.758221818119968,4.7570244623509,4.7556667448436265,4.754148364678607,4.752469039944834,4.750628507910394,4.748626525190179,4.746462867910609,4.744137331871216,4.741649732702986,4.7389999060232855,4.736187707587265,4.733213013435593,4.730075720038394,4.726775744435255,4.723313024371169,4.719687518428287,4.71589920615335,4.711948088180674,4.707834186350571,4.703557543823058,4.699118225186768,4.694516316562922,4.689751925704239,4.6848251820886935,4.679736237007991,4.6744852636506575,4.669072457179631,4.663498034804262,4.657762235846617,4.65186532180198,4.645807576393481,4.639589305620722,4.6332108378023555,4.626672523612502,4.6199747361109385,4.613117870766974,4.606102345476949,4.598928600575282,4.591597098838991,4.584108325485651,4.57646278816471,4.568661016942108,4.560703564278175,4.552591004998729,4.544323936259365,4.535902977502868,4.527328770409751,4.518601978841862,4.509723288779045,4.500693408248851,4.491513067249257,4.48218301766441,4.47270403317337,4.463076909151857,4.453302462567017,4.4433815318651915,4.433314976852723,4.423103678569809,4.412748539157399,4.402250481717214,4.391610450164863,4.380829409076122,4.369908343526403,4.3588482589234605,4.347650180833377,4.336315154799882,4.324844246157057,4.313238539835487,4.301499140161927,4.289627170652537,4.277623773799772,4.26549011085299,4.2532273615928675,4.240836724099692,4.2283194145156315,4.21567666680106,4.20290973248504,4.190019880410044,4.177008396471046,4.163876583349049,4.1506257602391745,4.13725726257343,4.123772441738248,4.11017266478693,4.096459314147097,4.082633787323285,4.068697496594795,4.0546518687089295,4.04049834456974,4.0262383789224305,4.011873440033525,3.997405009366953,3.9828345812561916,3.9681636625725867,3.9533937723900117,3.9385264416459926,3.9235632127994573,3.9085056394852353,3.89335528616548,3.878113727778138,3.8627825493826307,3.8473633458028873,3.8318577212678915,3.816267289049888,3.8005936711003985,3.784838497684208,3.769003407011471,3.7530900448680935,3.737100064244545,3.721035124963253,3.704896893304747,3.688687041632682,3.6724072480179295,3.65605919586186,3.639644573518997,3.6231650739191683,3.6066223941893476,3.5900182352752927,3.573354301563173,3.5566323005013145,3.539853942222219,3.523020939165013,3.506135005698464,3.4891978577447222,3.4722112124039293,3.455176787579839,3.43809630160659,3.4209714728767895,3.4038040194710213,3.3865956587889445,3.369348107182103,3.3520630795885884,3.3347422891696876,3.317387446948653,3.300000261451715,3.28258243835148,3.2651356801128215,3.2476616856414044,3.230162149934958,3.2126387637374165,3.1950932131960434,3.1775271795216624,3.159942338652096,3.142340360918936,3.1247229107177334,3.107091646181744,3.089448218859295,3.0717942733949064,3.0541314472142447,3.036461370213008,3.0187856644498425,3.00110594384337,2.9834238138734186,2.9657408712865405,2.9480587038058994,2.9303788898456014,2.9127029982295496,2.8950325879149004,2.8773692077201765,2.85971439605812,2.842069680673344,2.8244365783848413,2.806816594833413,2.789211224234079,2.771621949133506,2.7540502401725226,2.7364975558537603,2.7189653423144673,2.7014550331045286,2.6839680489697475,2.6665057976404123,2.649069673625187,2.631661058010352,2.614281318264431,2.5969318080482227,2.5796138670302575,2.5623288207077115,2.545077980232779,2.5278626422445307,2.5106840887062574,2.4935435867483258,2.4764423885165328,2.4593817310259762,2.4423628360204384,2.4253869098372847,2.4084551432778634,2.3915687114834228,2.3747287738165084,2.3579364737478543,2.3411929387487413,2.324499280188816,2.3078565932393413,2.2912659567818694,2.2747284333223146,2.258245068910393,2.2418168930644136,2.225444918701382,2.2091301420723988,2.1928735427033104,2.176676083340579,2.1605387099023434,2.144462351434625,2.1284479200726376,2.112496311007173,2.096608402456,2.0807850556402507,2.0650271147657318,2.0493354070091256,2.033710742509024,2.018153914361742,2.002665698621871,1.9872468543075013,1.9718981234100734,1.9566202309087908,1.9414138847895448,1.9262797760682855,1.911218578818785,1.8962309502047303,1.881317530516077,1.866478943209613,1.8517157949536582,1.8370286756768375,1.8224181586208652,1.8078848003972683,1.7934291410479877,1.7790517041097802,1.7647529966823643,1.7505335095002281,1.7363937170080395,1.7223340774395801,1.7083550329001385,1.6944570094522835,1.6806404172049565,1.6669056504057966,1.6532530875366378,1.6396830914121014,1.6261960092812033,1.6127921729319168,1.5994718987986043,1.5862354880722496,1.5730832268134194,1.5600153860678745,1.5470322219847596,1.5341339759372983,1.5213208746459186,1.508593130303735,1.4959509407043132,1.4833944893716446,1.470923945692257,1.4585394650493877,1.446241188959148,1.4340292452086028,1.4219037479956977,1.4098647980709573,1.3979124828808875,1.3860468767130043,1.3742680408424264,1.3625760236799547,1.350970860921571,1.3394525756992872,1.328021178733278,1.3166766684852216,1.30541903131279,1.294248241625216,1.2831642620398702,1.2721670435397876,1.2612565256320716,1.2504326365071146,1.2396952931985714,1.2290444017440225,1.218479857346262,1.2080015445351535,1.1976093373299868,1.1873030994022824,1.1770826842389777,1.1669479353059424,1.1568986862117594,1.1469347608717197,1.1370559736719739,1.1272621296337804,1.117553024577805,1.107928445288409,1.0983881696778806,1.0889319669505535,1.0795595977667634,1.070270814406594,1.06106536093336,1.051942973356783,1.042903379795811,1.0339463006410343,1.0250714487166555,1.0162785294419678,1.007567240992298,0.99893727445937,0.9903883140110523,0.9819200370504448,0.9735321143742646,0.9652242103304965,0.9569959829752673,0.9488470842289056,0.9407771600311573,0.9327858504955143,0.9248727900626293,0.9170376076527781,0.9092799268173413,0.901599365889273,0.8939955381325256,0.8864680518904016,0.8790165107328048,0.8716405136023648,0.864339654959403,0.8571135249257215,0.849961709427184,0.8428837903350702,0.8358793456061763,0.8289479494216418,0.8220891723244826,0.8153025813558062,0.8085877401896934,0.801944209266726,0.7953715459261446,0.788869304536615,0.7824370366255942,0.7760742910072737,0.7697806139090904,0.7635555490967905,0.75739863799803,0.7513094198245064,0.7452874316926036,0.7393322087425439,0.733443284256035,0.7276201897724043,0.7218624552032109,0.7161696089453292,0.7105411779924962,0.7049766880453155,0.6994756636197151,0.6940376281538515,0.6886621041134571,0.6833486130956274,0.6780966759310457,0.6729058127846406,0.6677755432546785,0.6627053864702862,0.6576948611874065,0.6527434858831841,0.6478507788487847,0.6430162582806478,0.6382394423701738,0.6335198493918508,0.6288569977898204,0.6242504062628884,0.619699593847984,0.6152040800020695,0.61076338468251,0.6063770284259035,0.6020445324253795,0.5977654186063736,0.5935392097008814,0.589365429320202,0.5852436020261764,0.5811732534009294,0.5771539101151234,0.5731850999947325,0.5692663520863454,0.5653971967210067,0.5615771655766073,0.5578057917388312,0.5540826097606715,0.5504071557205255,0.5467789672788779,0.5431975837335855,0.5396625460737748,0.5361733970323606,0.5327296811372031,0.52933094476091,0.5259767361693002,0.5226666055685378,0.5194001051509529,0.5161767891395598,0.5129962138312849,0.5098579376389205,0.5067615211318149,0.5037065270753148,0.5006925204689703,0.49771906858352116,0.4947857409966739,0.49189210962768554,0.4890377487707688,0.4862222351273318,0.4834451478370666,0.48070606850790226,0.4780045812448359,0.4753402726776554,0.47271273198757097,0.47012155093276753,0.46756632387289404,0.46504664779250415,0.4625621223234627,0.460112349766333,0.45769693511075943,0.4553154860548613,0.4529676130236501,0.4506529291864875,0.44837105047359826,0.4461215955916508,0.44390418603842313,0.4417184461165659,0.43956400294648024,0.43744048647832146,0.435347529503146,0.43328476766321444,0.43125183946146617,0.4292483862701781,0.42727405233882476,0.42532848480115054,0.42341133368147094,0.4215222519002149,0.4196608952787238,0.4178269225433198,0.4160199953286577,0.41423977818037416,0.41248593855704796,0.41075814683148393,0.40905607629133517,0.4073794031390764,0.4057278064913402,0.4041009683776327,0.40249857373843706,0.40092031042272164,0.39936586918486355,0.39783494368100014,0.39632723046482193,0.3948424289828185,0.3933802415689901,0.3919403734390366,0.39052253268403664,0.38912643026362786,0.38775177999870103,0.3863982985636181,0.3850657054779683,0.3837537230978707,0.3824620766068368,0.381190494006203,0.3799387061051447,0.3787064465102823,0.3774934516148901,0.3762994605877191,0.3751242153614438,0.3739674606207427,0.372828943790025,0.37170841502081065,0.37060562717877615,0.36952033583047456,0.36845229922974004,0.3674012783037868,0.36636703663901093,0.36534934046650575,0.3643479586472995,0.36336266265732337,0.36239322657212086,0.36143942705130616,0.36050104332278,0.35957785716671303,0.35866965289930347,0.3577762173563193,0.35689733987643146,0.35603281228434785,0.35518242887375545,0.3543459863900784,0.35352328401305977,0.3527141233391761,0.35191830836389054,0.35113564546375337,0.3503659433783562,0.3496090131921486,0.3488646683161236,0.34813272446937876,0.3474129996605602,0.3467053141691973,0.3460094905269327,0.3453253534986577,0.3446527300635558,0.3439914493960636,0.3433413428467547,0.34270224392315257,0.34207398827047897,0.34145641365234386,0.34084935993138293,0.3402526690498486,0.33966618501016044,0.3390897538554211,0.33852322364990173,0.3379664444595055,0.33741926833221125,0.33688154927850567,0.33635314325180676,0.3358339081288865,0.33532370369029474,0.3348223916007918,0.3343298353897943,0.33384590043183776,0.333370453927062,0.33290336488172423,0.3324445040887433,0.33199374410828064,0.3315509592483616,0.33111602554554226,0.3306888207456256,0.33026922428443134,0.32985711726862343,0.3294523824565987,0.32905490423944284,0.3286645686219543,0.32828126320374235,0.3279048771604024,0.3275353012247717,0.3271724276682691,0.32681615028232364,0.3264663643598929,0.32612296667707674,0.3257858554748285,0.3254549304407668,0.32513009269109144,0.3248112447526066,0.32449829054485246,0.3241911353623517,0.323889685856969,0.3235938500203903,0.323303537166722,0.3230186579152133,0.3227391241731045,0.32246484911860274,0.3221957471839888,0.32193173403885517,0.3216727265734796,0.3214186428823352,0.3211694022477383,0.3209249251236378,0.32068513311954583,0.320449948984613,0.32021929659184906,0.3199931009224907,0.31977128805051813,0.3195537851273217,0.31934052036652,0.3191314230289309,0.3189264234076957,0.3187254528135596,0.31852844356030674,0.31833532895035355,0.31814604326049933,0.3179605217278356,0.31777870053581475,0.3176005168004794,0.3174259085568522,0.31725481474548634,0.31708717519917845,0.31692293062984345,0.3167620226155515,0.3166043935877275,0.31644998681851455,0.31629874640829764,0.3161506172733937,0.31600554513390167,0.31586347650171726,0.31572435866870885,0.3155881396950572,0.315454768397756,0.31532419433927533,0.31519636781638544,0.3150712398491422,0.3149487621700322,0.31482888721327834,0.3147115681043037,0.3145967586493543,0.31448441332527977,0.3143744872694694,0.31426693626994645,0.31416171675561516,0.3140587857866632,0.3139581010451166,0.31385962082554697,0.31376330402592933,0.31366911013864934,0.3135769992416598,0.3134869319897837,0.3133988696061632,0.31331277387385364,0.31322860712756073,0.31314633224551935,0.31306591264151246,0.31298731225703,0.3129104955535642,0.31283542750504106,0.31276207359038616,0.31269039978622337,0.3126203725597048,0.3125519588614692,0.3124851261187293,0.31241984222848473,0.31235607555085915,0.3122937949025603,0.31223296955046037,0.31217356920529643,0.3121155640154869,0.3120589245610643,0.31200362184772185,0.31194962730097076,0.3118969127604088,0.31184545047409645,0.3117952130930387,0.31174617366577284,0.31169830563305684,0.31165158282266003,0.3116059794442516,0.31156147008438645,0.31151802970158565,0.3114756336215109,0.31143425753222914,0.3113938774795676,0.31135446986255577,0.3113160114289534,0.3112784792708619,0.3112418508204184,0.31120610384556974,0.3111712164459243,0.3111371670486812,0.31110393440463374,0.3110714975842455,0.3110398359737989,0.31100892927161145,0.310978757484321,0.31094930092323664,0.3109205402007534,0.31089245622683037,0.31086503020552886,0.3108382436316104,0.3108120782871925,0.31078651623845965,0.3107615398324299,0.3107371316937736,0.3107132747216834,0.31068995208679506,0.31066714722815536,0.3106448438502378,0.3106230259200035,0.3106016776640067,0.3105807835655415,0.31056032836183145,0.31054029704125896,0.310520674840632,0.3105014472424904,0.3104825999724462,0.3104641189965605,0.3104459905187533,0.3104282009782463,0.3104107370470368,0.3103935856274024,0.3103767338494346,0.31036016906860103,0.31034387886333475,0.31032785103264954,0.3103120735937808,0.31029653477985075,0.31028122303755706,0.31026612702488415,0.31025123560883616,0.31023653786319055,0.3102220230662724,0.3102076806987481,0.31019350044143706,0.3101794721731419,0.31016558596849625,0.3101518320958286,0.31013820101504214,0.31012468337551113,0.3101112700139906,0.31009795195254203,0.3100847203964716,0.31007156673228287,0.3100584825256414,0.3100454595193531,0.31003248963135327,0.31001956495270916,0.3100066777456318,0.30999382044150114,0.3099809856389001,0.30996816610166034,0.30995535475691766,0.3099425446931777,0.3099297291583912,0.30991690155803897,0.3099040554532268,0.30989118455878867,0.30987828274139984,0.30986534401769883,0.30985236255241894,0.30983933265652747,0.30982624878537457,0.30981310553685154,0.30979989764955634,0.30978662000096957,0.30977326760563834,0.3097598356133693,0.30974631930743046,0.30973271410276226,0.3097190155441975,0.3097052193046906,0.309691321183556,0.3096773171047158,0.3096632031149574,0.30964897538220026,0.30963463019377274,0.30962016395469905,0.30960557318599585,0.3095908545229797,0.30957600471358454,0.30956102061669033,0.3095458992004622,0.3095306375407008,0.30951523281920407,0.3094996823221403,0.30948398343843364,0.3094681336581602,0.30945213057095805,0.30943597186444827,0.3094196553226695,0.3094031788245253,0.309386540342244,0.30936973793985284,0.3093527697716656,0.3093356340807832,0.3093183291976096,0.3093008535383815,0.30928320560371214,0.309265383977151,0.3092473873237578,0.3092292143886916,0.3092108639958164,0.30919233504632077,0.30917362651735536,0.30915473746068484,0.3091356670013573,0.30911641433638953,0.30909697873346925,0.30907735952967424,0.30905755613020836,0.3090375680071548,0.3090173946982471,0.30899703580565724,0.3089764909948011,0.30895575999316294,0.3089348425891361,0.30891373863088323,0.3088924480252135,0.30887097073647873,0.3088493067854874,0.3088274562484371,0.3088054192558655,0.30878319599161924,0.30876078669184215,0.30873819164398064,0.30871541118580936,0.3086924457044733,0.3086692956355499,0.30864596146212875,0.30862244371390984,0.3085987429663203,0.30857485983964883,0.30855079499819915,0.30852654914946026,0.3085021230432959,0.3084775174711506,0.3084527332652746,0.3084277712979652,0.3084026324808258,0.30837731776404237,0.3083518281356766,0.3083261646209755,0.30830032828169845,0.30827432021545936,0.30824814155508573,0.3082217934679931,0.30819527715557526,0.3081685938526095,0.3081417448266766,0.30811473137759615,0.3080875548368754,0.30806021656717253,0.30803271796177356,0.30800506044408227,0.30797724546712324,0.3079492745130577,0.3079211490927112,0.30789287074511285,0.3078644410370466,0.3078358615626132,0.30780713394280257,0.30777825982507645,0.30774924088296096,0.3077200788156478,0.307690775347605,0.307661332228196,0.30763175123130587,0.3076020341549758,0.30757218282104437,0.307542199074795,0.3075120847846102,0.3074818418416303,0.3074514721594183,0.3074209776736291,0.30739036034168205,0.307359622142438,0.30732876507587964,0.30729779116279343,0.30726670244445503,0.30723550098231545,0.3072041888576886,0.30717276817144035,0.30714124104367624,0.30710960961343114,0.307077876038356,0.3070460424944048,0.30701411117551985,0.30698208429331436,0.30694996407675296,0.3069177527718291,0.306885452641239,0.3068530659640518,0.306820595035376,0.3067880421660197,0.30675540968214765,0.3067226999249316,0.30668991525019534,0.3066570580280529,0.306624130642541,0.30659113549124406,0.3065580749849123,0.30652495154707093,0.306491767613624,0.30645852563244724,0.3064252280629743,0.3063918773757734,0.30635847605211514,0.306325026583531,0.30629153147136257,0.30625799322630043,0.30622441436791437,0.3061907974241717,0.3061571449309473,0.3061234594315217,0.3060897434760694,0.30605599962113655,0.30602223042910787,0.30598843846766216,0.305954626309218,0.3059207965303678,0.3058869517113009,0.30585309443521624,0.30581922728772376,0.305785352856235,0.3057514737293426,0.3057175924961897,0.3056837117458279,0.30564983406656526,0.3056159620453032,0.30558209826686406,0.3055482453133073,0.305514405763237,0.3054805821910984,0.30544677716646623,0.30541299325332194,0.30537923300932407,0.30534549898506785,0.30531179372333744,0.3052781197583498,0.3052444796149902,0.30521087580804096,0.3051773108414027,0.30514378720730806,0.3051103073855302,0.30507687384258486,0.30504348903092626,0.3050101553881388,0.30497687533612305,0.3049436512802784,0.30491048560868134,0.3048773806912608,0.30484433887897044,0.3048113625029589,0.30477845387373814,0.3047456152803507,0.3047128489895364,0.3046801572448986,0.3046475422660714,0.3046150062478874,0.30458255135954776,0.30455017974379384,0.3045178935160818,0.3044856947637613,0.30445358554525753,0.3044215678892581,0.3043896437939057,0.304357815225996,0.304326084120183,0.30429445237819075,0.30426292186803366,0.30423149442324476,0.304200171842114,0.3041689558869352,0.3041378482832646,0.30410685071918964,0.30407596484461036,0.30404519227053234,0.3040145345683735,0.3039839932692845,0.30395356986348243,0.30392326579960127,0.30389308248405683,0.3038630212804274,0.3038330835088531,0.30380327044545047,0.30377358332174714,0.303744023324134,0.3037145915933365,0.30368528922390653,0.30365611726373437,0.3036270767135811,0.30359816852663357,0.30356939360808016,0.3035407528147101,0.303512246954535,0.30348387678643496,0.30345564301982725,0.3034275463143611,0.303399587279636,0.3033717664749464,0.3033440844090514,0.3033165415399713,0.30328913827481,0.30326187496960527,0.30323475192920496,0.30320776940717187,0.30318092760571647,0.30315422667565683,0.3031276667164082,0.30310124777600017,0.3030749698511237,0.30304883288720647,0.3030228367785181,0.3029969813683041,0.30297126644895034,0.30294569176217595,0.3029202569992574,0.3028949618012813,0.3028698057594271,0.3028447884152806,0.30281990926117613,0.3027951677405697,0.3027705632484405,0.3027460951317237,0.3027217626897716,0.30269756517484453,0.3026735017926314,0.3026495717027988,0.30262577401956964,0.30260210781232943,0.30257857210626193,0.30255516588301246,0.3025318880813788,0.30250873759803026,0.30248571328825274,0.3024628139667215,0.3024400384082996,0.30241738534886264,0.30239485348614853,0.30237244148063225,0.3023501479564254,0.30232797150219876,0.30230591067212925,0.30228396398686913,0.3022621299345367,0.3022404069717301,0.3022187935245605,0.3021972879897061,0.30217588873548595,0.30215459410295226,0.3021334024070009,0.3021123119374992,0.3020913209604309,0.3020704277190558,0.3020496304350861,0.3020289273098751,0.30200831652562116,0.30198779624658273,0.301967364620306,0.30194701977886285,0.3019267598400994,0.30190658290889266,0.30188648707841637,0.30186647043141307,0.3018465310414734,0.3018266669743199,0.3018068762890961,0.30178715703965764,0.301767507275868,0.30174792504489356,0.3017284083925005,0.3017089553643508,0.301689564007297,0.30167023237067436,0.3016509585075897,0.30163174047620567,0.3016125763410201,0.30159346417413796,0.3015744020565375,0.30155538807932647,0.3015364203449896,0.3015174969686266,0.30149861607917716,0.301479775820635,0.3014609743532485,0.30144220985470666,0.30142348052131007,0.30140478456912645,0.3013861202351287,0.30136748577831446,0.3013488794808083,0.3013302996489429,0.30131174461432075,0.30129321273485327,0.30127470239577886,0.3012562120106571,0.3012377400223393,0.3012192849039142,0.30120084515962886,0.30118241932578205,0.3011640059715923,0.301145603700037,0.30112721114866364,0.3011088269903722,0.3010904499341677,0.3010720787258823,0.30105371214886684,0.30103534902465073,0.30101698821356965,0.3009986286153612,0.30098026916972737,0.30096190885686297,0.300943546697951,0.3009251817556228,0.30090681313438444,0.300888439981007,0.3008700614848821,0.3008516768783417,0.3008332854369414,0.3008148864797079,0.3007964793693504,0.30077806351243463,0.30075963835952035,0.30074120340526245,0.3007227581884746,0.30070430229215606,0.3006858353434815,0.30066735701375363,0.30064886701831933,0.3006303651164482,0.3006118511111747,0.300593324849104,0.3005747862201804,0.3005562351574205,0.30053767163660966,0.30051909567596274,0.3005005073357496,0.3004819067178853,0.30046329396548555,0.3004446692623875,0.3004260328326366,0.3004073849399406,0.30038872588708904,0.3003700560153415,0.300351375703783,0.3003326853686484,0.3003139854626154,0.30029527647406773,0.3002765589263284,0.30025783337686396,0.30023910041646085,0.30022036066837354,0.3002016147874465,0.3001828634592096,0.3001641073989484,0.30014534735075066,0.3001265840865277,0.3001078184050145,0.30008905113074713,0.3000702831130192,0.30005151522481865,0.30003274836174465,0.3000139834409072,0.29999522139980833,0.2999764631952083,0.2999577098019755,0.29993896221192223,0.29992022143262775,0.29990148848624854,0.2998827644083173,0.2998640502465323,0.299845347059537,0.29982665591569213,0.29980797789184027,0.29978931407206494,0.2997706655464448,0.2997520334098036,0.29973341876045834,0.2997148226989646,0.29969624632686287,0.2996776907454241,0.29965915705439744,0.29964064635076115,0.2996221597274762,0.29960369827224603,0.29958526306628097,0.29956685518307086,0.2995484756871647,0.2995301256329597,0.299511806063501,0.2994935180092911,0.299475262487113,0.2994570404988654,0.29943885303041207,0.2994207010504466,0.2994025855093729,0.2993845073382026,0.29936646744747,0.2993484667261663,0.2993305060406928,0.29931258623383467,0.2992947081237561,0.2992768725030171,0.29925908013761343,0.29924133176604,0.2992236280983783,0.2992059698154091,0.29918835756775036,0.299170791975022,0.2991532736250372,0.29913580307302096,0.2991183808408575,0.299101007416365,0.2990836832526005,0.299066408767194,0.29904918434171207,0.2990320103210523,0.29901488701286855,0.2989978146870265,0.29898079357509144,0.2989638238698472,0.29894690572484683,0.29893003925399547,0.29891322453116564,0.2988964615898442,0.298879750422812,0.29886309098185665,0.2988464831775161,0.2988299268788564,0.29881342191328075,0.29879696806637096,0.2987805650817612,0.2987642126610438,0.2987479104637064,0.29873165810710095,0.2987154551664437,0.2986993011748464,0.29868319562337736,0.29866713796115363,0.29865112759546214,0.2986351638919106,0.2986192461746068,0.29860337372636625,0.29858754578894836,0.2985717615633184,0.29855602020993666,0.29854032084907395,0.2985246625611516,0.29850904438710574,0.2984934653287763,0.2984779243493184,0.2984624203736356,0.29844695228883517,0.2984315189447041,0.29841611915420374,0.29840075169398417,0.29838541530491636,0.29837010869264147,0.2983548305281356,0.2983395794482901,0.29832435405650637,0.29830915292330334,0.29829397458693724,0.2982788175540327,0.29826368030022404,0.29824856127080607,0.2982334588813918,0.29821837151857933,0.298203297540623,0.29818823527811095,0.2981731830346458,0.29815813908752914,0.2981431016884478,0.2981280690641614,0.2981130394171896,0.29809801092649857,0.29808298174818626,0.2980679500161641,0.298052913842835,0.2980378713197672,0.29802282051836254,0.29800775949051794,0.2979926862692797,0.2979775988694904,0.2979624952884261,0.29794737350642464,0.29793223148750303,0.29791706717996463,0.29790187851699385,0.29788666341723935,0.2978714197853836,0.29785614551269995,0.2978408384775952,0.29782549654613794,0.2978101175725727,0.29779469939981823,0.2977792398599512,0.2977637367746732,0.2977481879557636,0.2977325912055142,0.2977169443171498,0.2977012450752312,0.2976854912560424,0.2976696806279623,0.29765381095181936,0.2976378799812308,0.2976218854629267,0.2976058251370575,0.29758969673748753,0.2975734979920733,0.2975572266229279,0.29754088034667076,0.2975244568746656,0.2975079539132444,0.29749136916392044,0.2974747003235888,0.29745794508471807,0.2974411011355308,0.297424166160176,0.297407137838893,0.2973900138481694,0.29737279186089166,0.29735546954649184,0.2973380445710899,0.2973205145976336,0.2973028772860362,0.297285130293315,0.29726727127372915,0.2972492978789213,0.297231207758061,0.2972129985579946,0.2971946679233996,0.29717621349694806,0.2971576329194776,0.2971389238301736,0.29712008386676314,0.29710111066572126,0.2970820018624933,0.29706275509173197,0.297043367987553,0.29702383818380934,0.29700416331438617,0.29698434101351745,0.29696436891612654,0.296944244658191,0.29692396587713427,0.29690353021224425,0.296882935305122,0.2968621788001596,0.29684125834505076,0.2968201715913339,0.2967989161949697,0.2967774898169536,0.2967558901239661,0.2967341147890593,0.29671216149238394,0.29669002792195487,0.2966677117744584,0.29664521075610084,0.2966225225835001,0.2965996449846204,0.2965765756997513,0.2965533124825321,0.2965298531010203,0.2965061953388079,0.29648233699618215,0.29645827589133505,0.29643400986161833,0.29640953676484677,0.2963848544806482,0.29635996091186206,0.29633485398598386,0.29630953165665863,0.2962839919052203,0.2962582327422784,0.29623225220935095,0.29620604838054393,0.296179619364275,0.2961529633050431,0.29612607838524113,0.2960989628270123,0.29607161489414846,0.29604403289402925,0.29601621517960186,0.2959881601513991,0.2959598662595951,0.29593133200609706,0.29590255594667164,0.2958735366931047,0.295844272915391,0.29581476334395596,0.2957850067719028,0.2957550020572865,0.2957247481254124,0.295694243971155,0.29566348866129777,0.29563248133688946,0.2956012212156164,0.2955697075941865,0.29553793985072474,0.2955059174471755,0.2954736399317111,0.29544110694114195,0.2954083182033279,0.2953752735395861,0.29534197286709346,0.2953084162012814,0.29527460365821895,0.2952405354569819,0.2952062119220057,0.2951716334854174,0.295136800689346,0.29510171418820597,0.29506637475095276,0.2950307832633062,0.29499494072993837,0.29495884827662505,0.29492250715235485,0.2948859187313955,0.2948490845153117,0.29481200613493513,0.2947746853522793,0.29473712406239977,0.29469932429519485,0.2946612882171454,0.2946230181329881,0.29458451648732326,0.29454578586615066,0.294506828998333,0.29446764875698317,0.29442824816077307,0.2943886303751614,0.29434879871353725,0.2943087566382786,0.29426850776172053,0.2942280558470337,0.29418740480900996,0.29414655871475087,0.29410552178426036,0.2940642983909368,0.294022893061964,0.2939813104785988,0.2939395554763534,0.29389763304507116,0.2938555483288936,0.2938133066261184,0.2937709133889454,0.29372837422311054,0.2936856948874066,0.29364288129308863,0.2935999395031649,0.2935568757315699,0.2935136963422228,0.2934704078479654,0.29342701690938483,0.29338353033351566,0.2933399550724249,0.2932962982216773,0.29325256701868285,0.29320876884092495,0.2931649112040705,0.2931210017599628,0.2930770482944957,0.29303305872537194,0.29298904109974555,0.29294500359174835,0.2929009544999026,0.29285690224442107,0.2928128553643943,0.29276882251486785,0.2927248124638109,0.29268083408897605,0.29263689637465495,0.29259300840832825,0.2925491793772147,0.29250541856471957,0.2924617353467847,0.29241813918814347,0.2923746396384815,0.2923312463285071,0.29228796896593245,0.29224481733136914,0.29220180127413997,0.29215893070801136,0.2921162156068466,0.2920736660001856,0.2920312919687526,0.29198910363989494,0.2919471111829569,0.2919053248045913,0.2918637547440123,0.2918224112681921,0.29178130466700664,0.2917404452483317,0.29169984333309473,0.2916595092502847,0.2916194533319243,0.29157968590800787,0.29154021730140905,0.29150105782276126,0.29146221776531556,0.2914237073997792,0.2913855369691383,0.2913477166834699,0.2913102567147451,0.29127316719162877,0.2912364581942797,0.29120013974915304,0.29116422182381246,0.2911287143217515,0.2910936270772317,0.2910589698501388,0.2910247523208631,0.2909909840852048,0.29095767464931105,0.29092483342464615,0.2908924697230004,0.2908605927515394,0.29082921160789926,0.2907983352753297,0.29076797261789006,0.29073813237569973,0.290708823160249,0.290680053449771,0.29065183158468016,0.2906241657630794,0.2905970640363392,0.29057053430475194,0.2905445843132645,0.29051922164729305,0.2904944537286199,0.2904702878113793,0.2904467309781321,0.2904237901360328,0.2904014720130914,0.2903797831545334,0.29035872991925865,0.29033831847640335,0.2903185548020057,0.2902994446757785,0.29028099367799026,0.2902632071864569,0.2902460903736456,0.29022964820389324,0.29021388543074017,0.2901988065943818,0.29018441601923883,0.29017071781164777,0.2901577158576726,0.29014541382103975,0.2901338151411965,0.2901229230314936,0.29011274047749386,0.29010327023540733,0.29009451483065296,0.2900864765565477,0.29007915747312385,0.2900725594060748,0.29006668394582935,0.2900615324467542,0.290057106026486,0.2900534055653919,0.2900504317061585,0.29004818485350975,0.29004666517405187,0.29004587259624726,0.29004580681051445,0.29004646726945543,0.29004785318820797,0.2900499635449237,0.29005279708136983,0.2900563523036546,0.2900606274830746,0.29006562065708297,0.29007132963037785,0.29007775197610924,0.2900848850372028,0.2900927259277999,0.2901012715348112,0.29011051851958386,0.290120463319679,0.29013110215075844,0.29014243100857956,0.29015444567109516,0.29016714170065744,0.29018051444632365,0.2901945590462615,0.29020927043025196,0.290224643322288,0.2902406722432667,0.29025735151377174,0.290274675256946,0.2902926374014491,0.29031123168450057,0.29033045165500376,0.29035029067674956,0.290370741931697,0.2903917984233274,0.2904134529800721,0.29043569825880705,0.29045852674841627,0.29048193077341805,0.2905059024976533,0.290530433928032,0.2905555169183369,0.29058114317307954,0.29060730425140796,0.2906339915710619,0.29066119641237415,0.29068890992231394,0.290717123118571,0.2907458268936764,0.2907750120191586,0.29080466914973097,0.29083478882750896,0.290865361486254,0.2908963774556412,0.29092782696554764,0.290959700150361,0.290991987053303,0.29102467763076634,0.2910577617566633,0.29109122922678216,0.29112506976314917,0.2911592730183946,0.2911938285801195,0.29122872597526006,0.2912639546744489,0.2912995040963694,0.2913353636121017,0.29137152254945753,0.291407970197301,0.2914446958098554,0.29148168861099033,0.29151893779849064,0.2915564325483022,0.2915941620187537,0.2916321153547529,0.29167028169195375,0.2917086501608948,0.2917472098911041,0.2917859500151712,0.29182485967278354,0.291863928014725,0.29190314420683566,0.29194249743393075,0.2919819769036771,0.2920215718504263,0.29206127153900147,0.29210106526843793,0.2921409423756756,0.2921808922392014,0.2922209042826409,0.2922609679782983,0.2923010728506423,0.29234120847973816,0.292381364504624,0.2924215306266305,0.29246169661264304,0.29250185229830533,0.2925419875911641,0.29258209247375316,0.29262215700661637,0.2926621713312695,0.29270212567309944,0.2927420103442006,0.2927818157461474,0.29282153237270325,0.29286115081246467,0.2929006617514404,0.2929400559755657,0.29297932437315016,0.2930184579372602,0.29305744776803566,0.2930962850749385,0.293134961178937,0.29317346751462176,0.2932117956322556,0.293249937199757,0.2932878840046156,0.29332562795574263,0.2933631610852534,0.29340047555018395,0.2934375636341411,0.29347441774888644,0.29351103043585436,0.29354739436760463,0.29358350234920905,0.2936193473195738,0.29365492235269586,0.2936902206588568,0.29372523558575087,0.2937599606195509,0.2937943893859101,0.29382851565090207,0.29386233332189826,0.2938958364483838,0.29392901922271236,0.29396187598080087,0.29399440120276366,0.2940265895134875,0.29405843568314827,0.2940899346276692,0.2941210814091211,0.2941518712360668,0.2941822994638487,0.29421236159482106,0.2942420532785271,0.2942713703118223,0.2943003086389443,0.29432886435152966,0.2943570336885787,0.29438481303636904,0.29441219892831866,0.2944391880447987,0.2944657772128972,0.2944919634061345,0.2945177437441306,0.2945431154922255,0.29456807606105395,0.29459262300607325,0.2946167540270476,0.2946404669674874,0.2946637598140453,0.2946866306958698,0.29470907788391687,0.2947310997902196,0.29475269496711837,0.2947738621064499,0.2947946000386984,0.2948149077321073,0.2948347842917534,0.29485422895858415,0.29487324110841806,0.29489182025090993,0.2949099660284803,0.2949276782152112,0.2949449567157072,0.29496180156392393,0.29497821292196424,0.2949941910788421,0.29500973644921513,0.29502484957208713,0.29503953110948006,0.29505378184507697,0.29506760268283616,0.2950809946455766,0.29509395887353695,0.29510649662290633,0.29511860926432987,0.2951302982813873,0.2951415652690475,0.2951524119320977,0.29516284008354843,0.2951728516430162,0.2951824486350816,0.2951916331876265,0.29520040753014837,0.2952087739920544,0.2952167350009343,0.2952242930808127,0.2952314508503834,0.2952382110212228,0.2952445763959864,0.2952505498665871,0.29525613441235543,0.2952613330981839,0.29526614907265514,0.29527058556615393,0.29527464588896435,0.295278333429353,0.2952816516516376,0.29528460409424256,0.29528719436774187,0.2952894261528895,0.29529130319863894,0.2952928293201505,0.29529400839678943,0.2952948443701136,0.2952953412418519,0.2952955030718741,0.295295333976153,0.2952948381247186,0.2952940197396059,0.29529288309279655,0.2952914325041546,0.29528967233935755,0.29528760700782314,0.2952852409606326,0.2952825786884504,0.2952796247194425,0.29527638361719244,0.2952728599786155,0.2952690584318748,0.29526498363429526,0.29526064027028004,0.29525603304922815,0.29525116670345436,0.29524604598611254,0.2952406756691222,0.29523506054109994,0.29522920540529546,0.29522311507753424,0.295216794384166,0.29521024816002045,0.2952034812463717,0.29519649848891083,0.29518930473572746,0.29518190483530227,0.29517430363451,0.29516650597663346,0.29515851669939114,0.29515034063297596,0.2951419825981094,0.29513344740410935,0.2951247398469727,0.2951158647074748,0.29510682674928473,0.2950976307170979,0.2950882813347867,0.29507878330357074,0.2950691413002048,0.29505935997518845,0.2950494439509956,0.2950393978203258,0.2950292261443779,0.2950189334511462,0.29500852423374063,0.2949980029487305,0.2949873740145136,0.29497664180971067,0.29496581067158606,0.2949548848944952,0.294943868728359,0.29493276637716725,0.29492158199751006,0.2949103196971384,0.29489898353355476,0.29488757751263417,0.29487610558727634,0.29486457165608876,0.29485297956210277,0.2948413330915213,0.2948296359725004,0.29481789187396407,0.29480610440445326,0.2947942771110094,0.29478241347809336,0.294770516926539,0.29475859081254363,0.2947466384266945,0.29473466299303175,0.2947226676681485,0.2947106555403289,0.2946986296287239,0.2946865928825645,0.2946745481804148,0.29466249832946245,0.29465044606484947,0.2946383940490415,0.2946263448712371,0.2946143010468168,0.2946022650168323,0.2945902391475359,0.2945782257299502,0.29456622697947865,0.29455424503555655,0.294542281961343,0.29453033974345416,0.2945184202917368,0.2945065254390837,0.29449465694128946,0.29448281647694835,0.29447100564739215,0.2944592259766705,0.29444747891157097,0.294435765821681,0.29442408799949077,0.29441244666053634,0.2944008429435843,0.2943892779108564,0.29437775254829485,0.29436626776586783,0.2943548243979148,0.2943434232035323,0.2943320648669981,0.29432074999823615,0.29430947913331934,0.29429825273501103,0.2942870711933458,0.29427593482624775,0.2942648438801855,0.29425379853086614,0.29424279888396476,0.2942318449758908,0.29422093677459005,0.29421007418038275,0.29419925702683597,0.29418848508167056,0.2941777580477025,0.29416707556381694,0.2941564372059751,0.2941458424882542,0.29413529086391743,0.2941247817265164,0.29411431441102254,0.294103888194989,0.2940935022997409,0.2940831558915942,0.29407284808310113,0.29406257793432383,0.2940523444541319,0.2940421466015271,0.2940319832869909,0.2940218533738562,0.2940117556797017,0.29400168897776774,0.29399165199839344,0.29398164343047356,0.2939716619229351,0.29396170608623123,0.2939517744938534,0.29394186568385927,0.293931978160416,0.29392211039535854,0.29391226082976085,0.29390242787551957,0.2938926099169494,0.29388280531238864,0.2938730123958144,0.293863229478466,0.2938534548504757,0.2938436867825057,0.29383392352739024,0.29382416332178246,0.293814404387803,0.2938046449346921,0.29379488316046176,0.29378511725354767,0.29377534539446026,0.29376556575743334,0.29375577651206886,0.29374597582497797,0.2937361618614155,0.2937263327869084,0.2937164867688763,0.293706621978243,0.29369673659103834,0.2936868287899886,0.29367689676609543,0.29366693872020116,0.2936569528645401,0.2936469374242752,0.2936368906390177,0.2936268107643298,0.2936166960732094,0.2936065448575561,0.2935963554296154,0.2935861261234039,0.29357585529611097,0.2935655413294782,0.29355518263115493,0.29354477763602904,0.2935343248075324,0.2935238226389196,0.29351326965452007,0.2935026644109621,0.29349200549836785,0.2934812915415199,0.2934705212009968,0.2934596931742786,0.29344880619682057,0.29343785904309594,0.2934268505276047,0.2934157795058511,0.2934046448752861,0.29339344557621727,0.2933821805926831,0.29337084895329385,0.29335944973203615,0.2933479820490429,0.2933364450713273,0.2933248380134811,0.29331316013833686,0.2933014107575935,0.293289589232406,0.29327769497393874,0.293265727443882,0.29325368615493236,0.29324157067123674,0.2932293806088,0.2932171156358564,0.2932047754732053,0.2931923598945114,0.2931798687265688,0.29316730184953,0.2931546591971011,0.2931419407567014,0.29312914656958944,0.29311627673095564,0.29310333138998157,0.29309031074986724,0.29307721506782547,0.2930640446550466,0.2930507998766307,0.29303748115149125,0.2930240889522286,0.2930106238049756,0.2929970862892152,0.2929834770375714,0.29296979673557333,0.2929560461213953,0.29294222598557224,0.2929283371706907,0.29291438057105934,0.292900357132356,0.2928862678512561,0.29287211377503974,0.2928578960011823,0.2928436156769261,0.2928292739988367,0.29281487221234337,0.29280041161126563,0.29278589353732665,0.2927713193796546,0.29275669057427317,0.2927420086035821,0.29272727499582935,0.29271249132457483,0.29269765920814883,0.29268278030910405,0.2926678563336635,0.29265288903116526,0.29263788019350495,0.29262283165457686,0.29260774528971556,0.2925926230151372,0.29257746678738394,0.2925622786027704,0.2925470604968344,0.2925318145437916,0.2925165428559974,0.2925012475834131,0.29248593091308156,0.2924705950686097,0.29245524230966014,0.29243987493145274,0.29242449526427666,0.2924091056730131,0.29239370855667013,0.29237830634792916,0.2923629015127051,0.2923474965497193,0.2923320939900862,0.2923166963969149,0.2923013063649244,0.29228592652007457,0.29227055951921166,0.29225520804973,0.29223987482924846,0.29222456260530333,0.29220927415505676,0.2921940122850211,0.29217877983079926,0.29216357965684037,0.2921484146562117,0.292133287750386,0.2921182018890436,0.2921031600498901,0.29208816523848874,0.29207322048810685,0.2920583288595761,0.2920434934411668,0.2920287173484746,0.29201400372432,0.29199935573865926,0.2919847765885069,0.2919702694978682,0.29195583771768213,0.2919414845257721,0.2919272132268064,0.2919130271522643,0.2918989296604101,0.29188492413627115,0.29187101399162196,0.29185720266497067,0.2918434936215482,0.29182989035329965,0.291816396378875,0.2918030152436203,0.2917897505195653,0.29177660580541037,0.29176358472650726,0.2917506909348355,0.29173792810897237,0.29172529995405455,0.29171281020173123,0.2917004626101072,0.29168826096367384,0.2916762090732284,0.29166431077577837,0.2916525699344317,0.29164099043827,0.2916295762022046,0.29161833116681296,0.2916072592981565,0.29159636458757576,0.2915856510514642,0.2915751227310179,0.2915647836919601,0.2915546380242417,0.2915446898417126,0.29153494328176616,0.29152540250495496,0.2915160716945754,0.29150695505622226,0.29149805681731017,0.29148938122656354,0.2914809325534712,0.2914727150877072,0.2914647331385163,0.29145699103406236,0.2914494931207409,0.29144224376245303,0.29143524733984194,0.2914285082494901,0.2914220309030775,0.29141581972649955,0.29140987915894556,0.291404213651936,0.29139882766831915,0.2913937256812266,0.29138891217298724,0.2913843916340004,0.2913801685615662,0.29137624745867585,0.29137263283275927,0.2913693291943916,0.29136634105595854,0.2913636729302807,0.2913613293291964,0.29135931476210525,0.2913576337344703,0.2913562907462817,0.2913552902904804,0.2913546368513437,0.29135433490283263,0.2913543889069028,0.2913548033117776,0.29135558255018684,0.29135673103756965,0.29135825317024405,0.2913601533235435,0.2913624358499213,0.29136510507702446,0.2913681653057374,0.2913716208081974,0.29137547582578305,0.29137973456707594,0.2913844012057982,0.29138947987872643,0.2913949746835838,0.29140088967691136,0.291407228871921,0.29141399623632996,0.2914211956901806,0.2914288311036444,0.2914369062948151,0.2914454250274887,0.2914543910089363,0.2914638078876674,0.2914736792511888,0.29148400862375834,0.2914947994641375,0.2915060551633421,0.29151777904239556,0.2915299743500843,0.29154264426071946,0.2915557918719043,0.2915694202023105,0.2915835321894663,0.2915981306875555,0.29161321846523236,0.2916287982034515,0.2916448724933171,0.2916614438339516,0.2916785146303866,0.29169608719147705,0.2917141637278421,0.29173274634983226,0.29175183706552726,0.2917714377787634,0.2917915502871957,0.2918121762803936,0.29183331733797296,0.29185497492776735,0.2918771504040384,0.29189984500572774,0.29192305985475275,0.29194679595434647,0.29197105418744435,0.29199583531511886,0.2920211399750636,0.2920469686801282,0.29207332181690543,0.2921001996443729,0.2921276022925887,0.2921555297614445,0.29218398191947526,0.29221295850272916,0.2922424591136957,0.2922724832202972,0.29230303015494064,0.2923340991136338,0.29236568915516514,0.29239779920034886,0.2924304280313364,0.2924635742909936,0.29249723648234727,0.29253141296809754,0.29256610197020166,0.2926013015695251,0.29263700970556394,0.29267322417623753,0.2927099426377514,0.29274716260453215,0.29278488144923337,0.29282309640281406,0.2928618045546875,0.2929010028529444,0.2929406881046462,0.2929808569761915,0.293021505993755,0.2930626315437971,0.2931042298736472,0.29314629709215695,0.29318882917042605,0.2932318219425985,0.29327527110672974,0.2933191722257242,0.2933635207283421,0.2934083119102764,0.29345354093529696,0.2934992028364644,0.2935452925174096,0.2935918047536808,0.29363873419415637,0.2936860753625218,0.2937338226588116,0.2937819703610136,0.29383051262673565,0.29387944349493333,0.2939287568876981,0.29397844661210326,0.29402850636210887,0.29407892972052296,0.29412971016101735,0.29418084105019865,0.29423231564973124,0.29428412711851215,0.29433626851489586,0.2943887327989681,0.2944415128348664,0.2944946013931471,0.2945479911531963,0.29460167470568416,0.29465564455505966,0.29470989312208623,0.29476441274641474,0.2948191956891938,0.29487423413571423,0.2949295201980878,0.2949850459179572,0.2950408032692363,0.29509678416087826,0.2951529804396718,0.2952093838930605,0.2952659862519873,0.2953227791937594,0.2953797543449335,0.2954369032842195,0.29549421754540006,0.29555168862026554,0.29560930796156154,0.2956670669859477,0.2957249570769667,0.2957829695880201,0.29584109584535123,0.2958993271510321,0.29595765478595304,0.2960160700128132,0.29607456407911126,0.2961331282201324,0.29619175366193257,0.29625043162431625,0.29630915332380753,0.2963679099766119,0.2964266928015677,0.29648549302308513,0.29654430187407244,0.29660311059884564,0.2966619104560223,0.2967206927213973,0.2967794486907974,0.29683816968291654,0.2968968470421265,0.2969554721412648,0.29701403638439605,0.2970725312095475,0.297130948091415,0.2971892785440405,0.2972475141234577,0.29730564643030616,0.29736366711241163,0.29742156786733187,0.29747934044486646,0.29753697664953,0.29759446834298625,0.2976518074464443,0.29770898594301315,0.29776599588001557,0.2978228293712599,0.29787947859926767,0.29793593581745725,0.2979921933522827,0.29804824360532595,0.29810407905534225,0.29815969226025757,0.29821507585911816,0.2982702225739897,0.2983251252118075,0.2983797766661753,0.2984341699191129,0.29848829804275173,0.2985421542009781,0.2985957316510228,0.2986490237449975,0.29870202393137746,0.2987547257564278,0.29880712286557787,0.29885920900473684,0.2989109780215562,0.29896242386663513,0.29901354059466934,0.29906432236554426,0.29911476344537036
15.75,1.0058600725704216,1.011816597154774,1.0178649950268948,1.0240008973020767,1.030220136102182,1.0365187364735189,1.0428929089440848,1.0493390426225961,1.0558536987556617,1.062433604671716,1.0690756480510668,1.075776871470819,1.0825344671816295,1.0893457720803794,1.0962082628490484,1.1031195512354908,1.110077379456303,1.117079615706027,1.1241242497602995,1.1312093886634191,1.1383332524932193,1.1454941701982062,1.1526905755035608,1.159921002884012,1.1671840836027119,1.1744785418161536,1.1818031907458402,1.1891569289179866,1.1965387364729185,1.20394767154604,1.2113828667225066,1.2188435255677261,1.2263289192358924,1.2338383831586044,1.2413713138155795,1.2489271655893164,1.2565054477053605,1.26410572125966,1.271727596334258,1.2793707292023548,1.2870348196235324,1.2947196082297059,1.3024248740021145,1.310150431839451,1.3178961302169983,1.3256618489364147,1.3334474969656207,1.3412530103680256,1.3490783503201558,1.356923501216585,1.3647884688608678,1.3726732787410674,1.380577974388319,1.3885026158167404,1.396447278042909,1.4044120496830146,1.4123970316257262,1.42040233577871,1.4284280838867107,1.436474406419022,1.4445414415241769,1.4526293340495977,1.4607382346239826,1.46886829880015,1.4770196862560805,1.4851925600518925,1.493387085940493,1.5016034317296654,1.5098417666933797,1.5181022610301325,1.5263850853661654,1.5346904103014396,1.5430184059962917,1.5513692417967246,1.5597430858963586,1.5681401050330892,1.5765604642185822,1.585004326498751,1.5934718527434613,1.601963201463731,1.61047852865476,1.6190179876631956,1.6275817290770807,1.6361699006369994,1.644782647166994,1.65342011052388,1.662082429563649,1.6707697401237063,1.679482175019739,1.6882198640560848,1.6969829340484996,1.7057715088583003,1.7145857094368873,1.723425653879725,1.7322914574888941,1.7411832328433798,1.7501010898763083,1.7590451359583847,1.7680154759868316,1.7770122124791723,1.7860354456712275,1.79508527361875,1.8041617923021491,1.8132650957337917,1.8223952760673954,1.8315524237090735,1.8407366274296053,1.8499479744775449,1.8591865506927994,1.8684524406203433,1.8777457276237401,1.8870664939981874,1.8964148210828071,1.9057907893719253,1.9151944786250974,1.9246259679756668,1.9340853360376384,1.943572661010686,1.9530880207831032,1.9626314930325381,1.9722031553243502,1.9818030852074409,1.9914313603074252,2.0010880584170048,2.010773257583431,2.0204870361929266,2.030229473051971,2.040000647465336,2.0498006393107637,2.059629529110212,2.06948739809755,2.079374328282632,2.089290402511655,2.0992357045237213,2.109210319003519,2.1192143316300482,2.129247829121307,2.139310899274869,2.1494036310042746,2.1595261143711646,2.1696784406130805,2.179860702166873,2.1900729926876368,2.200315407063111,2.2105880414234838,2.2208909931465284,2.2312243608580187,2.241588244427348,2.2519827449583136,2.2624079647749933,2.2728640074026667,2.2833509775437313,2.2938689810485573,2.304418124881245,2.3149985170802276,2.325610266713693,2.3362534838297844,2.3469282794015336,2.3576347652665213,2.368373054061217,2.379143259149992,2.389945494548786,2.400779874843408,2.411646515102479,2.4225455307850035,2.433477037642574,2.4444411516162323,2.4554379887279816,2.4664676649669843,2.4775302961704706,2.488625997899385,2.499754885308821,2.510917073013272,2.522112674946774,2.5333418042179727,2.544604572960206,2.5559010921766507,2.567231471580626,2.578595819431141,2.5899942423637614,2.601426845216915,2.6128937308537252,2.6243949999794967,2.6359307509549588,2.6475010796054073,2.6591060790258614,2.6707458393823824,2.6824204477096996,2.694129987705282,2.70587453952003,2.7176541795457325,2.72946898019946,2.7413190097050832,2.7532043318720656,2.7651250058717474,2.7770810860112696,2.7890726215053743,2.80109965624624,2.8131622285715743,2.825260371031171,2.8373941101520868,2.849563466202769,2.8617684529562264,2.874009077452507,2.8862853397607124,2.8985972327407508,2.9109447418050696,2.9233278446805757,2.935746511170983,2.9482007029198014,2.9606903731742023,2.9732154665499846,2.9857759187978674,2.998371656571341,3.0110025971962857,3.023668648442612,3.036369708298112,3.049105664744766,3.061876395537712,3.0746817679871055,3.0875216387430675,3.1003958535839464,3.1133042472080956,3.1262466430293663,3.139222852976529,3.152232677296801,3.16527590436369,3.17835231048933,3.1914616597414898,3.2046037037654442,3.217778181610867,3.2309848195639104,3.2442233309846493,3.2574934161500195,3.270794762102425,3.284127042504124,3.2974899174975665,3.310883033571781,3.324306023434947,3.33775850589327,3.3512400857362574,3.3647503536285064,3.3782888860080864,3.3918552449916177,3.4054489782861097,3.41906961910764,3.432716686106939,3.4463896833019216,3.460088100017243,3.47381141083089,3.487559075527867,3.5013305390609823,3.5151252315187738,3.5289425681005646,3.5427819490986727,3.5566427598877617,3.5705243709213175,3.5844261377352478,3.5983474009585663,3.612287486331137,3.6262457047284387,3.640221352193311,3.654213709974612,3.668222044572756,3.682245607792043,3.696283636799726,3.7103353541917303,3.724399968064949,3.738476672096023,3.7525646456265127,3.7666630537543653,3.780771047431577,3.794887763567932,3.809012325140719,3.8231438413102965,3.8372814075413966,3.851424105730032,3.8655710043358846,3.879721158520042,3.8938736102879465,3.908027388637417,3.9221815097116015,3.9363349769567266,3.950486781284483,3.9646359012389105,3.978781303167632,3.9929219413972756,4.007056758412951,4.021184685041602,4.035304640639112,4.049415533280973,4.063516259956392,4.077605706765666,4.091682749120667,4.105746251948301,4.119795069896755,4.1338280475444185,4.147844019611287,4.161841811172731,4.175820237875454,4.189778106155516,4.203714213458241,4.217627348459913,4.2315162912910695,4.24537981376129,4.259216679585315,4.27302564461038,4.286805457044628,4.300554857686462,4.314272580154725,4.327957351119575,4.341607890533949,4.355222911865483,4.368801122328791,4.382341223117987,4.395841909639353,4.409301871744042,4.422719793960732,4.436094355728126,4.4494242316272254,4.462708091613277,4.4759446012473285,4.489132421927299,4.502270211118526,4.515356622583673,4.528390306611993,4.541369910247841,4.554294077518408,4.567161449660629,4.579970665347205,4.59272036091171,4.605409170572743,4.618035726657102,4.630598659821933,4.643096599275854,4.655528172999021,4.667892007962124,4.680186730344302,4.692410965749973,4.704563339424569,4.716642476469185,4.728647002054147,4.74057554163149,4.752426721146376,4.764199167247472,4.775891507496271,4.787502370575421,4.799030386496051,4.81047418680415,4.821832404785997,4.833103675672703,4.844286636843887,4.855379928030517,4.866382191516966,4.877292072342322,4.8881082185009905,4.898829281142628,4.909453914771482,4.919980777445139,4.930408530972771,4.940735841112915,4.950961377770815,4.9610838151954235,4.971101832176069,4.981014112238878,4.9908193438429596,5.00051622057648,5.010103441352584,5.0195797106053,5.02894373848542,5.038194241056458,5.047329940490686,5.056349565265341,5.065251850359022,5.074035537448345,5.08269937510488,5.091242118992448,5.0996625320647855,5.107959384763634,5.116131455217313,5.124177529439774,5.132096401530204,5.139886873873197,5.147547757339532,5.155077871487577,5.162476044765357,5.169741114713288,5.176871928167639,5.183867341464678,5.190726220645579,5.197447441662055,5.204029890582755,5.210472463800422,5.216774068239795,5.222933621566284,5.228950052395394,5.234822300502902,5.240549317035752,5.246130064723687,5.25156351809157,5.256848663672388,5.2619845002209065,5.266970038927948,5.27180430363526,5.276486331050934,5.281015170965335,5.285389886467515,5.289609554162021,5.293673264386095,5.297580121427182,5.3013292437406925,5.304919764167965,5.308350830154352,5.311621603967377,5.31473126291487,5.3176789995630305,5.3204640219543125,5.323085553825078,5.325542834822909,5.3278351207235115,5.329961683647099,5.331921812274189,5.333714812060694,5.33534000545221,5.336796732097414,5.338084349060471,5.3392022310322975,5.340149770540654,5.340926378158875,5.341531482713172,5.341964531488383,5.342224990432049,5.34231234435671,5.34222609714027,5.341965771924357,5.3415309113105245,5.340921077554164,5.340135852756046,5.339174839051304,5.3380376587957965,5.336723954749669,5.335233390258033,5.3335656494285875,5.331720437306111,5.329697480043638,5.327496525070234,5.325117341255236,5.322559719068802,5.319823470738687,5.3169084304030765,5.313814454259393,5.3105414207089074,5.307089230497084,5.303457806849474,5.299647095603111,5.29565706533321,5.291487707475118,5.287139036441362,5.282611089733702,5.277903928050049,5.273017635386165,5.267952319132038,5.262708110162788,5.257285162924053,5.251683655511718,5.245903789745895,5.23994579123907,5.233809909458321,5.227496417781498,5.221005613547306,5.2143378180991995,5.207493376822984,5.200472659178092,5.19327605872241,5.185903993130635,5.178356904206048,5.170635257885677,5.162739544238778,5.154670277458561,5.146427995847142,5.138013261793646,5.129426661745426,5.120668806172358,5.111740329524193,5.102641890180875,5.093374170395889,5.08393787623253,5.074333737493113,5.064562507641115,5.054624963716217,5.044521906242234,5.03425415912797,5.023822569560947,5.013228007894048,5.002471367525069,4.9915535647692035,4.98047553872446,4.969238251130059,4.95784268621781,4.946289850556522,4.934580772889455,4.922716503964891,4.91069811635981,4.898526704296791,4.8862033834541085,4.873729290769145,4.861105584235142,4.8483334426913585,4.835414065606717,4.8223486728569815,4.809138504495572,4.795784820518063,4.782288900620463,4.768652043951368,4.7548755688580515,4.740960812626606,4.726909131216215,4.712721898987664,4.698400508426191,4.683946369858765,4.669360911165921,4.654645577488254,4.6398018309276745,4.624831150243559,4.609735030543894,4.59451498297156,4.579172534385851,4.5637092270393715,4.548126618250449,4.53242628007116,4.516609798951137,4.500678775397272,4.484634823629451,4.468479571232474,4.452214658804284,4.43584173960066,4.4193624791764945,4.402778555023843,4.3860916562068395,4.369303482993662,4.352415746485687,4.335430168243982,4.318348479913268,4.301172422843549,4.283903747709504,4.26654421412784,4.2490955902727325,4.231559652489521,4.213938184906802,4.196232979047081,4.178445833436144,4.160578553211284,4.142632949728555,4.1246108401692,4.106514047145403,4.088344398305534,4.0701037259390125,4.0517938665809785,4.033416660616882,4.014973951887187,3.9964675872922935,3.977899416397873,3.9592712910407273,3.9405850649353447,3.921842593281289,3.903045732371562,3.884196339202102,3.865296271082539,3.8463473852483596,3.8273515384746264,3.8083105866913756,3.789226384600843,3.7701007852966466,3.750935639885058,3.7317327971085024,3.7124941029714043,3.693221400368516,3.6739165287158535,3.6545813235843565,3.6352176163364014,3.6158272337652853,3.5964119977377926,3.5769737248399647,3.5575142260261865,3.538035306271691,3.5185387642285977,3.4990263918855895,3.479499974231329,3.459961288921708,3.4404121059510473,3.420854187327318,3.4012892867514917,3.3817191493011096,3.36214551111815,3.3425700991012843,3.3229946306026052,3.303420813128901,3.283850344047555,3.264284910297144,3.244726188102811,3.2251758426964705,3.2056355280419218,3.1861068865649282,3.1665915488883214,3.1470911335721916,3.1276072468592178,3.1081414824251796,3.0886954211347204,3.069270630802385,3.0498686659589906,3.0304910676233603,3.011139363079474,2.9918150656590474,2.972519674529593,2.9532546744879795,2.9340215357595256,2.9148217138026427,2.895656649119054,2.8765277670696063,2.8574364776956998,2.8383841755463273,2.81937223951076,2.8004020326568697,2.7814749020751015,2.7625921787280987,2.743755177305977,2.7249651960872567,2.7062235168054305,2.6875314045211836,2.6688901075002356,2.6503008570968114,2.6317648676427092,2.613283336341969,2.594857443171106,2.576488350784903,2.558177204427729,2.5399251318503717,2.521733243232336,2.50360263110961,2.4855343703078367,2.467529517880888,2.4495891130547816,2.43171417717692,2.4139057136706126,2.396164707994829,2.3784921276091624,2.360888921943935,2.343356022375427,2.325894342206157,2.3085047766501883,2.2911882028233927,2.273945479738639,2.256777448305832,2.239684931336772,2.222668733554761,2.2057296416089067,2.1888684240930707,2.17208583156939,2.1553825965963234,2.1387594337611593,2.1222170397169156,2.105756093223575,2.089377255193596,2.0730811687416164,2.0568684592383084,2.0407397343682976,2.0246955841920893,2.0087365812119287,1.9928632804415307,1.9770762194796039,1.961375918587104,1.9457628807681417,1.9302375918544747,1.9148005205935132,1.8994521187397664,1.884192821149654,1.8690230458796144,1.8539431942874338,1.8389536511367193,1.8240547847044497,1.8092469468915222,1.7945304733362257,1.7799056835305622,1.7653728809393463,1.7509323531220031,1.7365843718569962,1.722329193268804,1.7081670579573727,1.6940981911299784,1.6801228027354078,1.6662410876004026,1.652453225568277,1.6387593816396444,1.6251597061151783,1.6116543347403294,1.5982433888519303,1.5849269755266158,1.5717051877309827,1.5585781044734177,1.5455457909575288,1.5326082987370977,1.5197656658724914,1.507017917088461,1.4943650639332566,1.4818071049389865,1.4693440257831638,1.4569757994513535,1.4447023864008752,1.4325237347254747,1.4204397803209088,1.408450447051382,1.3965556469167557,1.3847552802204817,1.3730492357381863,1.3614373908868502,1.349919611894512,1.3384957539704474,1.3271656614757523,1.3159291680942797,1.3047860970038632,1.293736261047775,1.282779462906363,1.2719154952688019,1.2611441410049153,1.250465173337003,1.2398783560116282,1.2293834434713078,1.2189801810260559,1.208668305024726,1.198447543026109,1.1883176139697302,1.1782782283463031,1.1683290883677881,1.1584698881370143,1.148700313816816,1.139020043798639,1.1294287488705774,1.119926092384792,1.1105117304242753,1.1011853119689172,1.0919464790608349,1.0827948669689258,1.0737301043526097,1.0647518134247163,1.0558596101134892,1.0470531042236686,1.0383318995966175,1.0296955942694588,1.021143780633192,1.0126760455897592,1.0042919707080264,0.9959911323786543,0.9877731019678281,0.9796374459698193,0.9715837261583535,0.9636114997367567,0.9557203194868568,0.9479097339166158,0.9401792874064705,0.9325285203543555,0.9249569693193945,0.9174641671642317,0.9100496431959886,0.9027129233058255,0.8954535301070912,0.8882709830720414,0.8811647986671122,0.8741344904867308,0.8671795693856508,0.8602995436097982,0.8534939189256127,0.846762198747874,0.8401038842660025,0.8335184745688206,0.8270054667677682,0.8205643561185596,0.8141946361412767,0.8078957987388873,0.8016673343141852,0.7955087318851419,0.7894194791986666,0.7833990628427693,0.7774469683571212,0.771562680342011,0.7657456825656904,0.7599954580701116,0.7543114892750495,0.748693258080611,0.7431402459681302,0.7376519340994463,0.7322278034145713,0.7268673347277412,0.7215700088218578,0.7163353065413198,0.711162708883248,0.7060516970871077,0.7010017527227298,0.6960123577767383,0.6910829947373849,0.6862131466777994,0.68140229733766,0.6766499312032879,0.671955533586175,0.667318590699952,0.6627385897358016,0.6582150189363246,0.6537473676678704,0.6493351264913374,0.6449777872314512,0.6406748430445324,0.6364257884847621,0.6322301195689543,0.6280873338398463,0.623996930427917,0.6199584101117444,0.61597127537691,0.612035030473468,0.6081491814719835,0.6043132363181554,0.6005267048860362,0.5967890990298582,0.5930999326344809,0.5894587216644712,0.5858649842118294,0.5823182405423735,0.5788180131407955,0.5753638267544036,0.5719552084355609,0.5685916875828385,0.5652727959808929,0.5619980678390845,0.5587670398288481,0.5555792511198335,0.5524342434148256,0.5493315609834633,0.5462707506947668,0.5432513620484927,0.540272947205326,0.5373350610159283,0.5344372610488546,0.5315791076173536,0.5287601638050657,0.5259799954906357,0.523238171371252,0.5205342629851293,0.5178678447329486,0.5152384938982701,0.512645790666933,0.5100893181454573,0.507568662378463,0.5050834123651203,0.5026331600746479,0.5002175004608701,0.4978360314758531,0.4954883540826289,0.49317407226702686,0.49089279304862415,0.48864412649083105,0.4864276857101256,0.48424308688445106,0.4820899492607918,0.47996789516194155,0.4778765499924773,0.47581554224395456,0.47378450349933715,0.4717830684366759,0.4698108748320488,0.4678675635617799,0.46595277860394624,0.4640661670391904,0.4622073790508491,0.46037606792441405,0.45857189004633636,0.4567945049021891,0.45504357507419985,0.4533187662381684,0.4516197471597801,0.44994618969032957,0.4482977687618667,0.44667416238177776,0.44507505162681393,0.4435001206365804,0.44194905660649714,0.4404215497802445,0.4389172934417055,0.43743598390641647,0.4359773205125383,0.43454100561135955,0.43312674455734307,0.43173424569772845,0.4303632203617004,0.42901338284913526,0.42768445041893605,0.42637614327696777,0.42508818456360364,0.4238203003408919,0.4225722195793562,0.4213436741444379,0.42013439878259107,0.4189441311070421,0.417772611583222,0.416619583513882,0.4154847930239042,0.4143679890448134,0.4132689232990043,0.412187350283689,0.4111230272545782,0.41007571420930367,0.40904517387059003,0.40803117166918806,0.4070334757265752,0.4060518568374344,0.40508608845191924,0.4041359466577141,0.40320121016189714,0.4022816602726166,0.40137708088058593,0.40048725844040817,0.39961198195173686,0.39875104294028096,0.39790423543866266,0.3970713559671352,0.3962522035141684,0.3954465795169092,0.39465428784152584,0.393875134763441,0.3931089289474634,0.3923554814278228,0.39161460558811717,0.39088611714117777,0.39016983410885964,0.38946557680176386,0.38877316779889814,0.3880924319272825,0.3874231962415062,0.3867652900032423,0.3861185446607263,0.3854827938282043,0.384857873265357,0.3842436208567061,0.38363987659100773,0.3830464825406394,0.3824632828409856,0.3818901236698282,0.38132685322674625,0.3807733217125309,0.380229381308621,0.37969488615656344,0.3791696923375045,0.3786536578517165,0.3781466425981639,0.37764850835411523,0.3771591187548041,0.3766783392731443,0.3762060371995033,0.375742081621539,0.37528634340410283,0.37483869516921536,0.3743990112761158,0.3739671678013923,0.37354304251919407,0.37312651488153187,0.37271746599866795,0.3723157786196009,0.37192133711264885,0.3715340274461329,0.3711537371691655,0.3707803553925475,0.3704137727697746,0.3700538814781594,0.36970057520006927,0.3693537491042848,0.3690132998274808,0.36867912545583253,0.36835112550674987,0.36802920091074226,0.3677132539934166,0.3674031884576099,0.3670989093656603,0.3668003231218168,0.36650733745479197,0.36621986140045737,0.3659378052846854,0.36566108070633835,0.3653896005204066,0.365123278821298,0.36486203092628006,0.36460577335907474,0.3643544238336106,0.3641079012379298,0.3638661256182544,0.36362901816321064,0.3633965011882142,0.3631684981200166,0.3629449334814125,0.36272573287611154,0.36251082297377285,0.36230013149520374,0.3620935871977241,0.3618911198606957,0.3616926602712176,0.3614981402099875,0.3613074924373304,0.3611206506793932,0.3609375496145074,0.3607581248597177,0.3605823129574782,0.3604100513625164,0.36024127842886255,0.36007593339704724,0.3599139563814649,0.3597552883579032,0.35959987115123904,0.35944764742329943,0.35929856066088695,0.35915255516397043,0.359009576034039,0.35886956916261886,0.3587324812199526,0.3585982596438404,0.35846685262864186,0.35833820911443703,0.35821227877634737,0.3580890120140138,0.3579683599412321,0.3578502743757441,0.3577347078291833,0.3576216134971743,0.3575109452495845,0.3574026576209265,0.357296705800911,0.3571930456251475,0.35709163356599194,0.35699242672354126,0.35689538281677047,0.3568004601748139,0.3567076177283869,0.3566168150013476,0.35652801210239693,0.3564411697169151,0.3563562490989331,0.35627321206323787,0.35619202097760844,0.35611263875518306,0.35603502884695415,0.35595915523438976,0.35588498242217986,0.355812475431107,0.35574159979103626,0.3556723215340267,0.3556046071875598,0.3555384237678836,0.35547373877347227,0.35541052017859665,0.3553487364270065,0.3552883564257212,0.3552293495389271,0.35517168558198037,0.35511533481551294,0.3550602679396401,0.35500645608826775,0.3549538708234971,0.35490248413012565,0.3548522684102423,0.35480319647791514,0.35475524155396887,0.35470837726085186,0.35466257761759,0.35461781703482526,0.35457407030993815,0.35453131262225174,0.3544895195283152,0.3544486669572658,0.354408731206268,0.3543696889360254,0.354331517166368,0.35429419327190925,0.3542576949777737,0.3542220003553919,0.35418708781836283,0.35415293611838006,0.354119524341222,0.3540868319028039,0.35405483854528935,0.3540235243332611,0.3539928696499487,0.3539628551935122,0.3539334619733798,0.35390467130663833,0.35387646481447566,0.3538488244186726,0.35382173233814357,0.35379517108552533,0.353769123463811,0.35374357256302913,0.35371850175696706,0.35369389469993534,0.35366973532357465,0.3536460078337017,0.3536226967071948,0.35359978668891656,0.35357726278867363,0.35355511027821185,0.3535333146882463,0.35351186180552474,0.3534907376699236,0.3534699285715757,0.3534494210480288,0.353429201881434,0.353409258095763,0.3533895769540538,0.35337014595568356,0.35335095283366813,0.3533319855519871,0.3533132323029347,0.35329468150449433,0.35327632179773705,0.3532581420442433,0.35324013132354737,0.3532222789306026,0.35320457437326963,0.3531870073698236,0.35316956784648296,0.3531522459349575,0.3531350319700153,0.3531179164870693,0.35310089021978197,0.35308394409768756,0.3530670692438326,0.35305025697243353,0.3530334987865511,0.353016786375782,0.3530001116139657,0.3529834665569091,0.3529668434401258,0.3529502346765911,0.352933632854513,0.3529170307351184,0.3529004212504538,0.3528837975012021,0.3528671527545124,0.3528504804418471,0.35283377415684075,0.3528170276531759,0.3528002348424723,0.3527833897921899,0.35276648672354843,0.35274952000945875,0.3527324841724702,0.3527153738827323,0.3526981839559703,0.35268090935147567,0.3526635451701104,0.35264608665232666,0.35262852917620086,0.35261086825548194,0.35259309953765494,0.3525752188020195,0.35255722195778266,0.3525391050421675,0.35252086421853673,0.35250249577453124,0.35248399612022485,0.35246536178629356,0.35244658942220175,0.352427675794403,0.35240861778455806,0.35238941238776794,0.35237005671082433,0.35235054797047505,0.3523308834917078,0.352311060706049,0.3522910771498809,0.3522709304627746,0.35225061838584126,0.35223013876010006,0.3522094895248636,0.3521886687161412,0.35216767446505987,0.35214650499630346,0.35212515862656946,0.35210363376304393,0.3520819289018954,0.3520600426267865,0.35203797360740446,0.35201572059801023,0.35199328243600625,0.3519706580405234,0.35194784641102633,0.35192484662593826,0.35190165784128496,0.35187827928935744,0.351854710277394,0.3518309501862823,0.35180699846927904,0.35178285465075104,0.35175851832493404,0.3517339891547116,0.3517092668704135,0.35168435126863273,0.3516592422110628,0.3516339396233536,0.3516084434939868,0.35158275387317034,0.3515568708717523,0.3515307946601534,0.351504525467319,0.35147806357968925,0.351451409340189,0.3514245631472349,0.35139752545376285,0.35137029676627174,0.35134287764388733,0.35131526869744245,0.35128747058857623,0.3512594840288504,0.351231309778883,0.3512029486474996,0.3511744014909015,0.35114566921184975,0.35111675275886717,0.3510876531254553,0.351058371349328,0.35102890851166046,0.3509992657363535,0.3509694441893131,0.35093944507774444,0.3509092696494608,0.35087891919220565,0.35084839503298954,0.3508176985374395,0.35078683110916187,0.3507557941891179,0.35072458925501077,0.3506932178206857,0.3506616814355403,0.3506299816839469,0.35059812018468484,0.35056609859038385,0.350533918586976,0.35050158189315817,0.3504690902598629,0.3504364454697375,0.35040364933663226,0.35037070370509477,0.3503376104498725,0.3503043714754218,0.3502709887154231,0.3502374641323017,0.35020379971675414,0.3501699974872795,0.35013605948971455,0.3501019877967739,0.3500677845075922,0.3500334517472708,0.3499989916664256,0.3499644064407382,0.349929698270508,0.3498948693802053,0.34985992201802596,0.3498248584554455,0.3497896809867736,0.3497543919287079,0.349718993619886,0.34968348842043784,0.34964787871153424,0.34961216689493413,0.3495763553925294,0.3495404466458857,0.34950444311578055,0.34946834728173787,0.34943216164155705,0.3493958887108386,0.3493595310225045,0.3493230911263135,0.34928657158836995,0.3492499749906284,0.3492133039303899,0.34917656101979405,0.34913974888530225,0.34910287016717495,0.34906592751894183,0.3490289236068636,0.34899186110938685,0.3489547427165902,0.3489175711296231,0.34888034906013543,0.34884307922969926,0.34880576436922167,0.3487684072183486,0.3487310105248603,0.3486935770440573,0.3486561095381375,0.348618610775564,0.3485810835304239,0.3485435305817775,0.3485059547129987,0.3484683587111059,0.34843074536608337,0.348393117470194,0.34835547781728277,0.3483178292020703,0.34828017441943865,0.3482425162637079,0.34820485752790276,0.34816720100301246,0.34812954947724084,0.3480919057352484,0.3480542725573868,0.34801665271892473,0.3479790489892666,0.347941464131164,0.3479039008999187,0.34786636204258087,0.34782885029713945,0.3477913683917055,0.34775391904369163,0.34771650495898404,0.34767912883111013,0.3476417933404011,0.34760450115315034,0.3475672549207671,0.3475300572789269,0.3474929108467186,0.3474558182257889,0.3474187819994841,0.3473818047319906,0.34734488896747295,0.3473080372292121,0.347271252018743,0.34723453581499136,0.34719789107341276,0.34716132022513113,0.3471248256760808,0.3470884098061487,0.34705207496832174,0.3470158234878354,0.34697965766132793,0.3469435797559984,0.34690759200876997,0.3468716966254588,0.34683589577995,0.3468001916133793,0.346764586233324,0.34672908171299993,0.3466936800904696,0.34665838336785787,0.34662319351057874,0.3465881124465722,0.3465531420655529,0.34651828421827024,0.3464835407157812,0.34644891332873645,0.34641440378667987,0.3463800137773628,0.3463457449460729,0.3463115988949792,0.3462775771824924,0.34624368132264294,0.3462099127844757,0.3461762729914631,0.3461427633209364,0.3461093851035366,0.3460761396226841,0.3460430281140694,0.34601005176516453,0.3459772117147548,0.3459445090524935,0.3459119448184786,0.34587952000285077,0.34584723554541774,0.345815092335299,0.345783091210597,0.3457512329580922,0.34571951831296305,0.3456879479585313,0.34565652252603407,0.345625242594421,0.3455941086901785,0.3455631212871812,0.34553228080657,0.3455015876166581,0.345471042032865,0.34544064431767796,0.3454103946806426,0.34538029327838143,0.3453503402146413,0.3453205355403701,0.34529087925382246,0.345261371300694,0.34523201157428623,0.3452027999157,0.3451737361140585,0.34514481990676027,0.34511605097976156,0.34508742896788847,0.3450589534551784,0.3450306239752511,0.3450024400117097,0.3449744009985704,0.3449465063207218,0.3449187553144138,0.3448911472677741,0.34486368142135526,0.34483635696870885,0.34480917305698855,0.34478212878758185,0.344755223216768,0.344728455356405,0.34470182417464273,0.3446753285966634,0.34464896750544805,0.34462273974256896,0.34459664410900825,0.34457067936600033,0.34454484423590054,0.34451913740307644,0.3444935575148239,0.34446810318230514,0.3444427729815102,0.3444175654542396,0.3443924791091089,0.3443675124225732,0.34434266383997253,0.3443179317765958,0.34429331461876356,0.34426881072492926,0.3442444184267972,0.34422013603045665,0.34419596181753287,0.3441718940463517,0.34414793095311913,0.3441240707531142,0.34410031164189375,0.34407665179650987,0.3440530893767373,0.3440296225263108,0.3440062493741729,0.3439829680357278,0.3439597766141045,0.34393667320142507,0.3439136558800789,0.3438907227240014,0.3438678717999565,0.3438451011688218,0.34382240888687493,0.3437997930070815,0.3437772515803827,0.34375478265698106,0.343732384287625,0.34371005452489006,0.343687791424456,0.3436655930463789,0.34364345745635744,0.3436213827269925,0.34359936693903836,0.34357740818264526,0.3435555045585928,0.3435336541795118,0.3435118551710949,0.3434901056732944,0.34346840384150673,0.3434467478477426,0.3434251358817812,0.34340356615230905,0.3433820368880409,0.343360546338823,0.3433390927767174,0.3433176744970665,0.3432962898195371,0.3432749370891429,0.34325361467724497,0.3432323209825289,0.3432110544319587,0.3431898134817057,0.3431685966180519,0.3431474023582686,0.3431262292514671,0.34310507587942196,0.34308394085736743,0.343062822834764,0.3430417204960364,0.3430206325612812,0.34299955778694463,0.34297849496646887,0.3429574429309068,0.3429364005495057,0.34291536673025663,0.34289434042041367,0.34287332060697673,0.34285230631714325,0.3428312966187246,0.34281029062052787,0.34278928747270426,0.3427682863670609,0.34274728653733894,0.34272628725945536,0.342705287851709,0.3426842876749522,0.3426632861327243,0.34264228267135194,0.3426212767800106,0.3426002679907523,0.34257925587849575,0.3425582400609806,0.3425372201986873,0.34251619599471855,0.34249516719464673,0.3424741335863252,0.3424530949996643,0.3424320513063716,0.3424110024196574,0.3423899482939058,0.3423688889243111,0.3423478243464799,0.34232675463599926,0.3423056799079725,0.3422846003165207,0.3422635160542526,0.3422424273517022,0.3422213344767347,0.34220023773392133,0.34217913746388445,0.34215803404261125,0.34213692788073985,0.3421158194228158,0.34209470914652074,0.3420735975618734,0.3420524852104048,0.34203137266430717,0.34201026052555683,0.34198914942501446,0.34196804002150016,0.3419469330008467,0.34192582907493024,0.3419047289806802,0.3418836334790692,0.3418625433540828,0.34184145941167143,0.34182038247868535,0.3417993134017909,0.3417782530463737,0.341757202295425,0.3417361620484159,0.34171513322015734,0.34169411673964944,0.3416731135489194,0.34165212460185007,0.341631150862999,0.3416101933064111,0.3415892529144228,0.34156833067646203,0.3415474275878424,0.3415265446485551,0.3415056828620565,0.34148484323405565,0.3414640267713003,0.34144323448036396,0.3414224673664344,0.34140172643210476,0.3413810126761676,0.34136032709241493,0.3413396706684421,0.3413190443844601,0.34129844921211405,0.34127788611331084,0.3412573560390567,0.3412368599283048,0.34121639870681414,0.3411959732860214,0.34117558456192615,0.3411552334139899,0.34113492070404994,0.34111464727525026,0.3410944139509885,0.3410742215338807,0.34105407080474465,0.34103396252160245,0.34101389741870375,0.3409938762055681,0.3409738995660508,0.34095396815743,0.34093408260951635,0.340914243523787,0.3408944514725435,0.3408747069980942,0.340855010611962,0.34083536279411825,0.340815763992243,0.3407962146210119,0.3407767150614104,0.34075726566007586,0.34073786672866757,0.34071851854326546,0.34069922134379743,0.34067997533349564,0.34066078067838285,0.3406416375067868,0.3406225459088861,0.340603505936285,0.3405845176016186,0.3405655808781875,0.3405466956996237,0.3405278619595859,0.3405090795114852,0.3404903481682408,0.3404716677020666,0.34045303784428627,0.34043445828517926,0.34041592867385606,0.34039744861816273,0.34037901768461476,0.34036063539835987,0.34034230124316855,0.3403240146614545,0.3403057750543207,0.3402875817816343,0.34026943416212896,0.34025133147353137,0.3402332729527164,0.340215257795886,0.34019728515877357,0.34017935415687256,0.34016146386568885,0.34014361332101606,0.3401258015192329,0.3401080274176236,0.340090289934717,0.3400725879506485,0.34005492030753925,0.34003728580989595,0.34001968322502735,0.34000211128347846,0.339984568679481,0.33996705407141936,0.3399495660823113,0.3399321033003025,0.33991466427917383,0.3398972475388609,0.3398798515659852,0.3398624748143945,0.33984511570571396,0.33982777262990493,0.3398104439458317,0.3397931279818353,0.3397758230363129,0.33975852737830176,0.3397412392480688,0.339723956857702,0.3397066783917047,0.339689402007592,0.3396721258364875,0.33965484798371975,0.33963756652941873,0.33962027952910967,0.33960298501430575,0.3395856809930962,0.3395683654507323,0.33955103635020767,0.33953369163283376,0.3395163292188097,0.3394989470077861,0.33948154287942106,0.33946411469392945,0.3394466602926242,0.3394291774984489,0.3394116641165014,0.3393941179345487,0.33937653672353185,0.3393589182380608,0.3393412602169,0.3393235603834421,0.33930581644617264,0.33928802609912256,0.3392701870223112,0.3392522968821775,0.3392343533320007,0.33921635401231015,0.3391982965512847,0.3391801785651404,0.3391619976585094,0.33914375142480746,0.33912543744659157,0.33910705329590896,0.33908859653463574,0.33907006471480755,0.33905145537894127,0.3390327660603495,0.33901399428344753,0.3389951375640537,0.33897619340968355,0.33895715931983905,0.338938032786293,0.33891881129336965,0.3388994923182226,0.33888007333111003,0.3388605517956696,0.33884092516919195,0.338821190902896,0.3388013464422048,0.3387813892270251,0.33876131669203,0.33874112626694663,0.3387208153768499,0.3387003814424629,0.3386798218804665,0.338659134103817,0.3386383155220756,0.33861736354174904,0.33859627556664323,0.3385750489982317,0.3385536812360387,0.3385321696780396,0.3385105117210796,0.33848870476131027,0.3384667461946481,0.3384446334172537,0.3384223638260346,0.3383999348191712,0.338377343796669,0.33835458816093666,0.33833166531739206,0.3383085726750969,0.3382853076474206,0.33826186765273664,0.3382382501151495,0.338214452465255,0.33819047214093473,0.33816630658818553,0.3381419532619843,0.3381174096271897,0.33809267315948177,0.33806774134633855,0.3380426116880533,0.3380172816987894,0.33799174890767697,0.33796601085994943,0.33794006511812097,0.33791390926320614,0.337887540895981,0.33786095763828616,0.3378341571343733,0.33780713705229237,0.3377798950853229,0.33775242895344737,0.3377247364048664,0.3376968152175575,0.3376686632008748,0.3376402781971905,0.3376116580835786,0.3375828007735384,0.33755370421875924,0.33752436641092387,0.33749478538355177,0.33746495921388,0.3374348860247813,0.3374045639867185,0.3373739913197348,0.33734316629547706,0.3373120872392527,0.3372807525321183,0.33724916061299776,0.33721730998083,0.3371851991967435,0.33715282688625664,0.3371201917415021,0.33708729252347336,0.33705412806429164,0.3370206972694915,0.3369869991203232,0.33695303267606885,0.33691879707637196,0.3368842915435771,0.3368495153850767,0.3368144679956653,0.3367791488598958,0.33674355755443797,0.33670769375043486,0.33667155721585584,0.3366351478178435,0.33659846552505107,0.3365615104099693,0.336524282651238,0.33648678253594255,0.3364490104618892,0.33641096693985917,0.3363726525958382,0.3363340681732173,0.33629521453496397,0.33625609266575984,0.3362167036741025,0.33617704879436827,0.3361371293888338,0.33609694694965225,0.33605650310078394,0.33601579959987515,0.33597483834008607,0.33593362135186144,0.3358921508046445,0.3358504290085294,0.3358084584158499,0.33576624162270186,0.33572378137039793,0.3356810805468494,0.3356381421878751,0.3355949694784341,0.33555156575377887,0.3355079345005281,0.3354640793576558,0.3354200041173946,0.33537571272605154,0.33533120928473353,0.33528649804998106,0.3352415834343081,0.33519647000664565,0.3351511624926879,0.33510566577513895,0.3350599848938586,0.3350141250459052,0.3349680915854746,0.3349218900237334,0.3348755260285458,0.3348290054240921,0.3347823341903782,0.3347355184626353,0.33468856453060775,0.33464147883773077,0.33459426798019365,0.3345469387058918,0.3344994979132637,0.3344519526500151,0.3344043101117286,0.33435657764035864,0.33430876272261256,0.33426087298821705,0.33421291620807086,0.3341649002922832,0.33411683328809894,0.33406872337771093,0.33402057887595993,0.33397240822792296,0.3339242200063909,0.3338760229092363,0.33382782575667275,0.3337796374884061,0.3337314671606799,0.33368332394321615,0.33363521711605154,0.33358715606627354,0.33353915028465486,0.3334912093621903,0.33344334298653744,0.333395560938362,0.33334787308759184,0.33330028938958023,0.333252819881181,0.3332054746767391,0.3331582639639968,0.3331111979999204,0.3330642871064485,0.33301754166616504,0.3329709721179,0.3329245889522601,0.33287840270709335,0.33283242396288937,0.33278666333811924,0.3327411314845174,0.33269583908231,0.33265079683539067,0.33260601546644997,0.3325615057120585,0.3325172783177104,0.33247334403282763,0.33242971360573126,0.3323863977785802,0.33234340728228434,0.3323007528313925,0.3322584451189606,0.3322164948114034,0.3321749125433328,0.332133708912387,0.3320928944740536,0.33205247973649094,0.3320124751553505,0.33197289112860484,0.3319337379913839,0.33189502601082443,0.3318567653809349,0.33181896621748014,0.33178163855288967,0.3317447923311924,0.3317084374029825,0.3316725835204182,0.331637240332259,0.33160241737894325,0.3315681240877105,0.331534369767771,0.3315011636055273,0.3314685146598491,0.33143643185740695,0.3314049239880657,0.331373999700343,0.3313436674969343,0.3313139357303085,0.331284812598376,0.331256306140234,0.3312284242319897,0.33120117458266585,0.33117456473019014,0.3311486020374723,0.3311232936885706,0.3310986466849502,0.3310746678418364,0.33105136378466493,0.3310287409456302,0.3310068055603365,0.3309855636645516,0.3309650210910657,0.3309451834666579,0.3309260562091715,0.3309076445247008,0.33088995340488936,0.3308729876243434,0.33085675173815965,0.3308412500795705,0.33082648675770726,0.3308124656554835,0.3307991904275967,0.3307866644986536,0.3307748910614164,0.3307638730751724,0.3307536132642278,0.3307441141165254,0.3307353778823867,0.33072740657338173,0.3307202019613208,0.33071376557737553,0.33070809871132445,0.3307032024109243,0.3306990774814085,0.3306957244851106,0.33069314374121395,0.330691335325627,0.3306902990709827,0.3306900345667632,0.3306905411595483,0.3306918179533872,0.3306938638102923,0.3306966773508555,0.33070025695498523,0.33070460076276204,0.33070970667541516,0.3307155723564144,0.33072219523268026,0.33072957249590795,0.33073770110400585,0.33074657778264627,0.3307561990269265,0.3307665611031396,0.3307776600506531,0.3307894916838927,0.33080205159443116,0.3308153351531791,0.3308293375126762,0.33084405360948155,0.33085947816665995,0.33087560569636315,0.33089243050250394,0.3309099466835197,0.33092814813522536,0.3309470285537516,0.33096658143856694,0.3309868000955819,0.3310076776403315,0.33102920700123495,0.3310513809229303,0.33107419196968063,0.3310976325288495,0.33112169481444426,0.33114637087072396,0.33117165257586856,0.331197531645709,0.33122399963751326,0.33125104795382765,0.33127866784637006,0.3313068504199719,0.3313355866365678,0.33136486731922893,0.33139468315623816,0.33142502470520435,0.3314558823972129,0.3314872465410103,0.33151910732722,0.3315514548325868,0.3315842790242482,0.33161756976402784,0.33165131681275156,0.33168550983458106,0.3317201384013637,0.3317551919969966,0.3317906600218004,0.3318265317969028,0.3318627965686279,0.3318994435128892,0.33193646173958385,0.3319738402969866,0.3320115681761396,0.3320496343152372,0.33208802760400263,0.3321267368880547,0.3321657509732622,0.332205058630084,0.3322446485978922,0.33228450958927724,0.3323246302943317,0.3323649993849117,0.3324056055188737,0.3324464373442848,0.3324874835036038,0.33252873263783284,0.3325701733906369,0.33261179441242816,0.3326535843644169,0.3326955319226232,0.3327376257818504,0.33277985465961885,0.3328222073000569,0.33286467247774826,0.33290723900153557,0.33294989571827655,0.33299263151655323,0.33303543533033236,0.3330782961425753,0.33312120298879677,0.3331641449605718,0.33320711120898777,0.33325009094804364,0.33329307345799214,0.33333604808862616,0.333379004262508,0.33342193147813953,0.33346481931307415,0.3335076574269685,0.33355043556457353,0.3335931435586649,0.33363577133291117,0.33367830890467953,0.33372074638777904,0.33376307399514044,0.33380528204143145,0.3338473609456087,0.33388930123340466,0.3339310935397498,0.3339727286111296,0.3340141973078754,0.33405549060639117,0.3340965996013134,0.33413751550760484,0.33417822966258354,0.3342187335278847,0.334259018691357,0.33429907686889265,0.3343388999061923,0.3343784797804627,0.3344178086020497,0.3344568786160058,0.3344956822035907,0.3345342118837091,0.3345724603142808,0.33461042029354865,0.33464808476132013,0.33468544680014567,0.33472249963643314,0.3347592366414988,0.3347956513325552,0.3348317373736359,0.3348674885764597,0.3349028989012307,0.3349379624573785,0.33497267350423754,0.33500702645166525,0.33504101586060114,0.33507463644356605,0.33510788306510286,0.33514075074215854,0.3351732346444091,0.3352053300945269,0.33523703256839155,0.33526833769524467,0.33529924125779004,0.3353297391922375,0.3353598275882948,0.33538950268910367,0.3354187608911246,0.3354475987439688,0.33547601295017865,0.33550400036495676,0.3355315579958458,0.3355586830023569,0.33558537269555117,0.33561162453757093,0.33563743614112457,0.33566280526892367,0.33568772983307427,0.33571220789442174,0.3357362376618513,0.33575981749154404,0.3357829458861889,0.335805621494152,0.3358278431086031,0.3358496096666014,0.33587092024813886,0.33589177407514437,0.33591217051044775,0.33593210905670434,0.3359515893552821,0.3359706111851102,0.33598917446149096,0.33600727923487517,0.3360249256896016,0.3360421141426021,0.3360588450420714,0.3360751189661033,0.33609093662129463,0.33610629884131527,0.3361212065854474,0.33613566093709346,0.33614966310225336,0.3361632144079718,0.33617631630075595,0.33618897034496614,0.33620117822117657,0.33621294172450983,0.33622426276294526,0.3362351433555996,0.3362455856309847,0.33625559182523806,0.336265164280331,0.3362743054422533,0.3362830178591742,0.33629130417958214,0.3362991671504028,0.3363066096150964,0.336313634511735,0.33632024487105994,0.33632644381452137,0.3363322345522984,0.33633762038130327,0.3363426046831675,0.3363471909222128,0.3363513826434061,0.3363551834702997,0.33635859710295835,0.33636162731587177,0.3363642779558553,0.33636655293993795,0.3363684562532402,0.33636999194684,0.33637116413562956,0.3363719769961636,0.33637243476449746,0.3363725417340197,0.33637230225327547,0.3363717207237855,0.33637080159785865,0.33636954937639935,0.33636796860671175,0.33636606388030044,0.3363638398306676,0.33636130113110985,0.33635845249251295,0.3363552986611463,0.3363518444164582,0.33634809456887216,0.3363440539575851,0.3363397274483681,0.33633511993137116,0.3363302363189314,0.3363250815433873,0.3363196605548975,0.3363139783192674,0.33630803981578206,0.336301850035048,0.33629541397684287,0.33628873664797637,0.3362818230601598,0.33627467822788787,0.33626730716633235,0.3362597148892483,0.33625190640689356,0.33624388672396316,0.33623566083753825,0.33622723373505076,0.33621861039226497,0.3362097957712762,0.3362007948185277,0.33619161246284596,0.33618225361349613,0.336172723158257,0.33616302596151787,0.33615316686239644,0.3361431506728795,0.3361329821759867,0.33612266612395825,0.3361122072364673,0.33610161019885704,0.3360908796604048,0.3360800202326115,0.3360690364875195,0.33605793295605796,0.33604671412641657,0.3360353844424485,0.33602394830210414,0.3360124100558942,0.33600077400538403,0.3359890444017204,0.3359772254441899,0.33596532127880974,0.3359533359969536,0.33594127363400883,0.33592913816807063,0.33591693351866964,0.33590466354553544,0.3358923320473961,0.33587994276081373,0.3358674993590579,0.33585500545101477,0.3358424645801356,0.3358298802234225,0.33581725579045263,0.3358045946224421,0.3357918999913483,0.33577917509901206,0.33576642307634047,0.3357536469825291,0.3357408498043245,0.33572803445532945,0.3357152037753462,0.33570236052976404,0.33568950740898623,0.3356766470279,0.33566378192538765,0.3356509145638799,0.33563804732895147,0.33562518252895923,0.33561232239472216,0.3355994690792442,0.3355866246574795,0.33557379112614033,0.3355609704035475,0.335548164329523,0.3355353746653263,0.33552260309363174,0.33550985121854937,0.33549712056568737,0.3354844125822577,0.33547172863722247,0.3354590700214839,0.33544643794811446,0.3354338335526296,0.33542125789330185,0.3354087119515147,0.33539619663215947,0.3353837127640707,0.33537126110050336,0.33535884231964863,0.33534645702519045,0.33533410574690053,0.33532178894127224,0.3353095069921931,0.33529726021165535,0.33528504884050314,0.3352728730492183,0.33526073293874104,0.3352486285413271,0.33523655982144146,0.3352245266766849,0.3352125289387567,0.33520056637444984,0.33518863868667986,0.33517674551554605,0.3351648864394238,0.335153060976089,0.3351412685838719,0.335129508662841,0.335117780556016,0.335106083550608,0.3350944168792886,0.33508277972148354,0.33507117120469376,0.33505959040584027,0.3350480363526334,0.33503650802496565,0.33502500435632576,0.33501352423523545,0.3350020665067053,0.3349906299737109,0.33497921339868764,0.3349678155050431,0.33495643497868527,0.33494507046956784,0.33493372059324894,0.33492238393246415,0.3349110590387121,0.3348997444338514,0.334888438611709,0.3348771400396968,0.33486584716043777,0.33485455839339934,0.33484327213653253,0.33483198676791753,0.3348207006474124,0.33480941211830545,0.33479811950897004,0.33478682113451935,0.3347755152984621,0.33476420029435655,0.3347528744074625,0.33474153591638955,0.3347301830947417,0.3347188142127554,0.3347074275389324,0.3346960213416633,0.33468459389084404,0.33467314345948185,0.3346616683252903,0.33465016677227316,0.3346386370922947,0.33462707758663685,0.3346154865675411,0.33460386235973494,0.3345922033019409,0.3345805077483689,0.33456877407018876,0.3345570006569841,0.33454518591818555,0.334533328284482,0.33452142620921055,0.3345094781697228,0.33449748266872786,0.3344854382356099,0.3344733434277212,0.334461196831649,0.3344489970644546,0.33443674277488605,0.33442443264456223,0.33441206538912815,0.3343996397593809,0.33438715454236595,0.33437460856244255,0.3343620006823186,0.33434932980405385,0.3343365948700314,0.33432379486389724,0.33431092881146657,0.33429799578159775,0.33428499488703317,0.3342719252852061,0.33425878617901467,0.334245576817561,0.3342322964968579,0.3342189445604998,0.3342055204003008,0.3341920234568986,0.33417845322032286,0.33416480923053155,0.33415109107791185,0.33413729840374784,0.3341234309006542,0.3341094883129768,0.33409547043715976,0.3340813771220795,0.33406720826934694,0.33405296383357574,0.33403864382262066,0.33402424829778327,0.33400977737398624,0.3339952312199185,0.3339806100581491,0.3339659141652125,0.3339511438716642,0.3339362995621088,0.3339213816752001,0.3339063907036145,0.33389132719399767,0.33387619174688643,0.3338609850166052,0.333845707711139,0.33383036059198257,0.33381494447396814,0.33379946022507073,0.33378390876619324,0.33376829107093126,0.33375260816531965,0.3337368611275608,0.33372105108773537,0.3337051792274971,0.33368924677975254,0.3336732550283266,0.33365720530761367,0.33364109900221756,0.3336249375465793,0.33360872242459433,0.33359245516922015,0.33357613736207553,0.33355977063303205,0.3335433566597977,0.33352689716749656,0.33351039392824205,0.3334938487607063,0.33347726352968704,0.33346064014567106,0.3334439805643976,0.33342728678642,0.33341056085666787,0.3333938048640108,0.333377020940823,0.3333602112625509,0.33334337804728426,0.33332652355533066,0.33330965008879476,0.33329275999116337,0.3332758556468954,0.333258939481019,0.33324201395873565,0.3332250815850309,0.33320814490429385,0.33319120649994527,0.3331742689940732,0.33315733504707895,0.33314040735733175,0.33312348866083374,0.33310658173089397,0.33308968937781397,0.3330728144485818,0.333055959826578,0.33303912843129163,0.3330223232180461,0.3330055471777364,0.3329888033365762,0.3329720947558557,0.33295542453170873,0.33293879579489105,0.3329222117105675,0.33290567547810906,0.33288919033089864,0.33287275953614615,0.3328563863947115,0.33284007424093615,0.33282382644248126,0.3328076464001736,0.3327915375478577,0.3327755033522529,0.3327595473128174,0.33274367296161456,0.33272788386318497,0.3327121836144206,0.3326965758444414,0.33268106421447335,0.3326656524177275,0.3326503441792786,0.33263514325594284,0.3326200534361535,0.33260507853983395,0.3325902224182668,0.33257548895395794,0.3325608820604954,0.332546405682401,0.3325320637949748,0.33251786040412995,0.3325037995462184,0.3324898852878458,0.3324761217256735,0.33246251298620927,0.33244906322558243,0.33243577662930457,0.3324226574120146,0.33240970981720525,0.3323969381169331,0.3323843466115077,0.33237193962916156,0.33235972152569804,0.3323476966841174,0.33233586951421923,0.33232424445218045,0.3323128259601085,0.33230161852556794,0.33229062666107967,0.332279854903593,0.3322693078139278,0.33225898997618786,0.33224890599714274,0.332239060505579,0.33222945815161953,0.3322201036060091,0.3322110015593678,0.33220215672140885,0.3321935738201237,0.3321852576009296,0.3321772128257834,0.33216944427225803,0.3321619567325824,0.33215475501264463,0.33214784393095753,0.3321412283175867,0.3321349130130404,0.33212890286712143,0.33212320273774093,0.33211781748969355,0.332112751993394,0.33210801112357585,0.33210359975795184,0.33209952277583493,0.33209578505672294,0.3320923914788439,0.3320893469176648,0.3320866562443623,0.3320843243242576,0.3320823560152133,0.332080756165996,0.3320795296146024,0.33207868118655054,0.33207821569313745,0.3320781379296629,0.33207845267362035,0.3320791646828563,0.3320802786936977,0.33208179941905025,0.33208373154646653,0.33208607973618615,0.3320888486191486,0.3320920427949801,0.3320956668299552,0.3320997252549345,0.3321042225632795,0.33210916320874717,0.33211455160336234,0.33212039211527355,0.3321266890665902,0.33213344673120354,0.3321406693325941,0.33214836104162543,0.3321565259743259,0.33216516818966124,0.3321742916872985,0.33218390040536255,0.3321939982181877,0.3322045889340657,0.3322156762929919,0.332227263964411,0.33223935554496375,0.33225195455623774,0.3322650644425222,0.33227868856856974,0.3322928302173663,0.3323074925879115,0.3323226787930105,0.33233839185707936,0.33235463471396637,0.33237141020479005,0.33238872107579615,0.33240656997623536,0.3324249594562637,0.33244389196486707,0.33246336984781094,0.33248339534561944,0.3325039705915819,0.33252509760979176,0.33254677831321844,0.3325690145018122,0.33259180786064707,0.3326151599580999,0.33263907224407,0.33266354604823883,0.33268858257837275,0.3327141829186695,0.33274034802815056,0.3327670787390999,0.3327943757555522,0.33282223965182933,0.33285067087113,0.3328796697241703,0.33290923638787856,0.3329393709041461,0.3329700731786328,0.33300134297963147,0.33303317993698994,0.3330655835410931,0.333098553141906,0.33313208794807797,0.3331661870261098,0.3332008492995844,0.3332360735484618,0.3332718584084394,0.33330820237037817,0.33334510377979537,0.3333825608364244,0.33342057159384314,0.3334591339591701,0.3334982456928297,0.3335379044083871,0.33357810757245243,0.33361885250465523,0.3336601363776893,0.33370195621742865,0.33374430890311235,0.33378719116760325,0.3338305995977146,0.3338745306346101,0.33391898057427255,0.3339639455680456,0.3340094216232445,0.3340554046038382,0.3341018902312009,0.3341488740849347,0.3341963516037604,0.33424431808647836,0.3342927686929983,0.33434169844543565,0.33439110222927787,0.3344409747946159,0.33449131075744276,0.3345421046010179,0.33459335067729606,0.33464504320842076,0.33469717628828033,0.33474974388412715,0.3348027398382583,0.33485615786975587,0.3349099915762878,0.33496423443596646,0.33501887980926537,0.3350739209409916,0.33512935096231294,0.33518516289284,0.3352413496427608,0.3352979040150253,0.33535481870758227,0.3354120863156634,0.3354696993341156,0.3355276501597787,0.3355859310939089,0.33564453434464425,0.3357034520295126,0.3357626761779799,0.3358221987340368,0.3358820115588228,0.33594210643328626,0.33600247506087844,0.33606310907027953,0.3361240000181568,0.3361851393919514,0.3362465186126928,0.3363081290378398,0.33636996196414565,0.3364320086305462,0.33649426022106904,0.3365567078677625,0.3366193426536419,0.3366821556156524,0.3367451377476463,0.33680828000337276,0.33687157329947903,0.3369350085185209,0.33699857651198084,0.33706226810329265,0.33712607409086975,0.3371899852511372,0.3372539923415636,0.3373180861036935,0.33738225726617704,0.33744649654779596,0.3375107946604839,0.3375751423123398,0.3376395302106327,0.33770394906479606,0.3377683895894104,0.3378328425071726,0.33789729855185013,0.33796174847121885,0.33802618302998316,0.338090593012676,0.33815496922653926,0.33821930250438026,0.3382835837074055,0.3383478037280294,0.3384119534926558,0.33847602396443177,0.33854000614597285,0.33860389108205674,0.3386676698622863,0.33873133362371843,0.33879487355345933,0.33885828089122444,0.3389215469318613,0.3389846630278344,0.3390476205916722,0.3391104110983728,0.3391730260877696,0.33923545716685455,0.33929769601205795,0.33935973437148537,0.33942156406710794,0.33948317699690816
16.25,1.0068036495406858,1.013608158636783,1.0204188349446877,1.027240476162985,1.0340774063128502,1.0409335097618924,1.0478122631436317,1.0547167653110514,1.0616497654505213,1.0686136894716072,1.0756106647786672,1.082642543521621,1.0897109244156602,1.0968171732128698,1.1039624419026888,1.1111476867127714,1.1183736849768018,1.1256410509315493,1.1329502505015054,1.1403016151258507,1.1476953546792805,1.1551315695353181,1.162610261818011,1.1701313458854756,1.1776946580864964,1.1852999658293135,1.1929469759997657,1.2006353427641934,1.2083646747908308,1.216134541921763,1.2239444813261746,1.2317940031641037,1.2396825957886948,1.2476097305135614,1.2555748659707633,1.2635774520837175,1.2716169336782845,1.2796927537542,1.2878043564380404,1.2959511896379137,1.3041327074191476,1.3123483721193407,1.320597656220263,1.3288800439932684,1.337195032934067,1.345542135001917,1.3539208776775526,1.3623308048534248,1.3707714775691473,1.3792424746043461,1.3877433929404532,1.3962738481023622,1.4048334743902628,1.4134219250113662,1.4220388721206996,1.4306840067795847,1.4393570388399126,1.4480576967618104,1.4567857273718374,1.465540895568363,1.4743229839804117,1.4831317925857317,1.4919671382935444,1.500828854496992,1.5097167905999662,1.5186308115226395,1.5275707971896992,1.536536642004975,1.545528254315839,1.5545455558705057,1.5635884812710659,1.5726569774248595,1.5817510029965443,1.5908705278629867,1.600015532572913,1.6091860078130413,1.6183819538822433,1.6276033801750953,1.6368503046760416,1.6461227534652243,1.6554207602368807,1.6647443658311185,1.6740936177797139,1.683468569866496,1.6928692817027498,1.702295818318003,1.7117482497664485,1.7212266507491858,1.7307311002523815,1.740261681201403,1.7498184801308867,1.759401586870668,1.7690110942474342,1.7786470978019329,1.7883096955215199,1.7979989875877926,1.8077150761390224,1.8174580650470795,1.8272280597085107,1.8370251668494142,1.8468494943437355,1.8567011510445959,1.8665802466282495,1.876486891450258,1.8864211964134652,1.8963832728473453,1.9063732323982945,1.9163911869304397,1.9264372484365313,1.9365115289584875,1.946614140517172,1.956745195050963,1.9669048043627233,1.9770930800747255,1.987310133591141,1.9975560760676843,2.0078310183880177,2.0181350711465287,2.0284683446370986,2.038830948847491,2.0492229934589967,2.059644587850978,2.070095841109969,2.080576862042983,2.0910877591947115,2.1016286408682827,2.112199615149274,2.1228007899326653,2.1334322729524446,2.144094171813576,2.154786594026047,2.1655096470407247,2.17626343828676,2.187048075210274,2.1978636653140864,2.2087103161982315,2.219588135601036,2.230497231440517,2.241437711855889,2.2524096852489466,2.263413260325132,2.27444854613405,2.2855156521092668,2.296614688107164,2.3077457644446793,2.3189089919357317,2.3301044819261665,2.341332346327031,2.352592697646014,2.3638856490168814,2.3752113142267524,2.3865698077410396,2.397961244725919,2.4093857410681676,2.420843413392227,2.4323343790743457,2.443858756253673,2.4554166638401616,2.467008221519152,2.478633549752515,2.490292769776229,2.501986003594278,2.5137133739687547,2.525475004406062,2.53727101913911,2.549101543105409,2.5609667019209588,2.572866621849856,2.58480142976952,2.5967712531314735,2.6087762199175804,2.6208164585916984,2.6328920980466592,2.6450032675465267,2.6571500966640755,2.669332715213449,2.681551253177943,2.693805840632882,2.7060966076635706,2.718423684278264,2.7307872003161693,2.7431872853504564,2.755624068586252,2.7680976787536484,2.7806082439957076,2.7931558917514856,2.805740748634091,2.818362940303807,2.831022591336306,2.8437198250859965,2.8564547635445434,2.869227527194626,2.8820382348589755,2.894887003544766,2.907773948283438,2.9206991819660164,2.9336628151740167,2.946664956006037,2.9597057099001276,2.9727851794520417,2.9859034642294024,2.999060660582109,3.012256861448908,3.025492156160309,3.0387666302380056,3.0520803651909265,3.065433438308057,3.0788259224481975,3.0922578858267955,3.1057293918000237,3.1192404986462643,3.1327912593451717,3.146381721354485,3.160011926384771,3.1736819101722786,3.1873917022500935,3.2011413257177765,3.214930797009679,3.2287601256621428,3.242629314079763,3.256538357300929,3.270487242762847,3.284475950066229,3.2985044507398875,3.3125727080054133,3.326680676542161,3.3408283022527483,3.3550155220292814,3.369242263520511,3.3835084449001327,3.3978139746364473,3.412158751263582,3.426542663154482,3.440965588295892,3.4554273940655085,3.4699279370115383,3.4844670626348475,3.4990446051738937,3.513660387392664,3.5283142203717897,3.543005903303046,3.557735223287415,3.572501955136904,3.587305861180299,3.602146691073028,3.6170241816113156,3.6319380565507897,3.6468880264297088,3.6618737883969703,3.6768950260450586,3.69195140924807,3.707042594004979,3.722168222288265,3.7373279218980517,3.7525213063218694,3.7677479746001774,3.7830075111977517,3.798299485881059,3.813623453601711,3.8289789543860957,3.8443655132312955,3.8597826400073445,3.87522982936594,3.890706560655645,3.906212297843679,3.9217464894443315,3.937308568454055,3.9528979522933034,3.968514042755116,3.9841562259605166,3.9998238723207318,4.015516336506251,4.0312329574227475,4.046973058193851,4.062735946150792,4.078520912828896,4.094327233970908,4.110154169537156,4.126000963722493,4.14186684498001,4.157751026051473,4.173652704004442,4.189571060276023,4.205505260723197,4.221454455679671,4.237417780019179,4.253394353225169,4.269383279466798,4.2853836476811455,4.301394531661588,4.317414990152215,4.333444066948203,4.349480791002071,4.365524176535679,4.381573223157902,4.39762691598784,4.413684225783472,4.429744109075635,4.445805508307211,4.4618673519773955,4.477928554790926,4.493988017812166,4.510044628623879,4.526097261490601,4.542144777526454,4.558186024867299,4.5742198388470445,4.590245042178046,4.606260445135392,4.622264845744996,4.638257029975318,4.654235771932606,4.670199834059517,4.686147967336963,4.702078911489068,4.717991395191098,4.733884136280211,4.749755841968922,4.765605209061121,4.781430924170549,4.797231663941555,4.813006095272054,4.828752875538523,4.844470652822941,4.8601580661415245,4.875813745675147,4.891436313001344,4.907024381327744,4.922576555726878,4.938091433372179,4.953567603775137,4.969003649023458,4.984398144020143,4.999749656723394,5.015056748387239,5.030317973802788,5.045531881540046,5.060697014190176,5.075811908608144,5.090875096155665,5.1058851029443835,5.120840450079195,5.135739653901665,5.150581226233487,5.165363674619873,5.180085502572891,5.194745209814632,5.209341292520194,5.22387224356044,5.23833655274446,5.252732707061729,5.267059190923908,5.281314486406267,5.2954970734887,5.309605430296302,5.323638033339501,5.3375933577537165,5.35146987753853,5.365266065796372,5.3789803949706885,5.392611337083629,5.4061573639731995,5.419616947529922,5.43298855993299,5.446270673885934,5.459461762851787,5.472560301287789,5.485564764879621,5.498473630775207,5.5112853778180755,5.523998486780328,5.536611440595215,5.549122724589367,5.561530826714673,5.573834237779865,5.586031451681826,5.598120965636645,5.610101280410447,5.621970900550051,5.633728334613466,5.645372095400267,5.656900700181881,5.668312670931818,5.679606534555893,5.690780823122449,5.701834074092631,5.7127648305507535,5.7235716414347575,5.7342530617668475,5.744807652884287,5.755233982670412,5.765530625785893,5.775696163900263,5.785729185923747,5.795628288239428,5.805392074935758,5.815019158039454,5.824508157748794,5.833857702667339,5.84306643003809,5.852132985978116,5.861056025713645,5.869834213815656,5.878466224435951,5.8869507415437585,5.895286459162832,5.903472081609071,5.911506323728661,5.919387911136738,5.927115580456542,5.934688079559101,5.942104167803398,5.949362616277019,5.9564622080372684,5.963401738352735,5.970180014945276,5.976795858232411,5.9832481015700765,5.989535591495725,5.995657187971743,6.001611764629113,6.007398209011332,6.01301542281848,6.018462322151457,6.0237378377562925,6.028840915268484,6.03377051545732,6.038525614470113,6.043105204076291,6.0475082919112815,6.051733901720088,6.05578107360056,6.059648864246182,6.063336347188402,6.066842613038341,6.070166769727857,6.073307942749827,6.0762652753976125,6.079037929003568,6.081625083176526,6.084025936038158,6.0862397044581,6.0882656242877715,6.09010295059274,6.091750957883579,6.093208940345053,6.094476212063581,6.095552107252816,6.0964359804772705,6.097127206873825,6.097625182371077,6.097929323906314,6.098039069640097,6.09795387916826,6.097673233731227,6.097196636420554,6.096523612382521,6.095653709018706,6.094586496183361,6.093321566377535,6.091858534939749,6.090197040233155,6.088336743829021,6.0862773306864355,6.084018509328102,6.081560012012098,6.078901594899483,6.0760430382176285,6.0729841464191505,6.069724748336314,6.066264697330815,6.062603871438794,6.058742173510978,6.054679531347836,6.050415897829639,6.045951251041272,6.041285594391765,6.0364189567283555,6.031351392445011,6.026082981585321,6.0206138299396175,6.01494406913626,6.009073856726954,6.003003376266048,5.996732837383664,5.990262475852622,5.983592553649029,5.976723359006491,5.969655206463814,5.962388436906163,5.95492341759957,5.947260542218749,5.93940023086811,5.931342930095948,5.923089112901712,5.914639278736312,5.905993953495407,5.8971536895056165,5.8881190655036075,5.87889068660803,5.869469184284228,5.859855216301728,5.850049466684428,5.840052645653509,5.829865489562997,5.819488760827994,5.80892324784551,5.798169764907962,5.787229152109239,5.7761022752433995,5.764790025695974,5.753293320327864,5.7416131013518665,5.729750336201824,5.717706017394423,5.705481162383647,5.693076813407919,5.6804940373299715,5.667733925469442,5.654797593428268,5.641686180908899,5.628400851525372,5.614942792607307,5.601313214996864,5.587513352838727,5.573544463363159,5.5594078266622144,5.545104745459159,5.530636544871162,5.516004572165358,5.501210196508339,5.4862548087091625,5.471139820955958,5.4558666665462265,5.440436799610925,5.42485169483242,5.409112847156423,5.393221771497997,5.377180002441753,5.360989093936323,5.344650618983248,5.328166169320365,5.311537355099831,5.294765804560895,5.277853163697541,5.260801095921115,5.243611281718093,5.226285418303075,5.208825219267176,5.191232414221927,5.173508748438817,5.155655982484641,5.137675891852751,5.1195702665903955,5.10134091092225,5.082989642870323,5.064518293870338,5.045928708384793,5.027222743512788,5.00840226859682,4.989469164826666,4.970425324840519,4.95127265232353,4.932013061603899,4.91264847724669,4.893180833645503,4.873612074612174,4.853944152964653,4.834179030113222,4.8143186756451986,4.794365066908302,4.774320188592809,4.754186032312699,4.7339645961858965,4.713657884413812,4.693267906860302,4.672796678630239,4.652246219647814,4.631618554234746,4.6109157106885545,4.590139720861039,4.56929261973712,4.548376445014204,4.527393236682208,4.506345036604409,4.485233888099257,4.4640618355232995,4.442830923855375,4.421543198282207,4.400200703785546,4.378805484731009,4.357359584458747,4.335865044876093,4.314323906052304,4.29273820581556,4.271109979352334,4.249441258809278,4.227734072897747,4.20599044650108,4.184212400284791,4.162401950309763,4.140561107648593,4.118691878005183,4.096796261337708,4.0748762514850805,4.052933835797009,4.030970994767771,4.008989701673807,3.9869919222152315,3.9649796141613796,3.9429547270004783,3.9209192015935357,3.8988749698325575,3.8768239543031693,3.854768067951743,3.83270921375711,3.810649284406948,3.788590161978918,3.766533717626639,3.744481811270566,3.722436291293854,3.700398994243273,3.6783717445352457,3.656356354167063,3.634354622433356,3.6123683356478717,3.5903992668706115,3.568449175640383,3.5465198077128326,3.524612894803977,3.5027301543393135,3.480873289208523,3.4590439875258236,3.437243922396004,3.415474751686171,3.3937381178032475,3.372035647477245,3.350368951550334,3.3287396247717536,3.3071492455985494,3.28559937600219,3.264091561281056,3.2426273298788235,3.221208193208754,3.199835645483888,3.178511163553156,3.157236206743416,3.136012216707393,3.1148406172775487,3.0937228143258566,3.0726601956294757,3.051654130742327,3.0307059708725426,3.0098170487657905,2.9889886785944446,2.9682221558525903,2.947518757256834,2.926879740652914,2.9063063449280575,2.8857997899290866,2.8653612763862197,2.8449919858425567,2.824693080589196,2.80446570360596,2.784310978507693,2.764230009496082,2.7442238813169686,2.724293659223108,2.704440388942325,2.6846650966510293,2.6649687889530367,2.645352452863648,2.6258170557989344,2.6063635455701832,2.5869928503834396,2.567705878844094,2.548503519966469,2.5293866431883254,2.5103560983902486,2.4914127159198487,2.472557306620708,2.45379066186602,2.4351135535968496,2.4165267343649615,2.3980309373801325,2.3796268765618986,2.3613152465956633,2.3430967229930917,2.3249719621567313,2.306941601448786,2.289006259263968,2.271166535106364,2.253423009670234,2.2357762449246827,2.218226784202115,2.2007751522904178,2.1834218555287763,2.16616738190707,2.149012201168751,2.1319567649171534,2.1150015067251338,2.0981468422479868,2.0813931693395458,2.064740868171403,2.048190301355157,2.031741814067632,2.0153957341789748,1.9991523723835565,1.983012022333607,1.966974960775503,1.9510414476886284,1.935211726426735,1.9194860238617286,1.9038645505297955,1.8883475007798032,1.8729350529238917,1.8576273693901835,1.8424245968775363,1.8273268665122604,1.8123342940067313,1.7974469798198138,1.7826650093190366,1.7679884529444292,1.7534173663739612,1.7389517906904983,1.7245917525502157,1.7103372643523855,1.6961883244104738,1.682144917124475,1.6682070131544144,1.6543745695949454,1.6406475301509769,1.6270258253142615,1.6135093725408753,1.6000980764295256,1.5867918289006162,1.5735905093760085,1.5604939849594122,1.5475021106173403,1.5346147293605714,1.5218316724260448,1.5091527594591412,1.4965777986962783,1.4841065871477637,1.4717389107808494,1.4594745447029243,1.4473132533447917,1.4352547906439737,1.4232989002279863,1.411445315597531,1.3996937603095498,1.3880439481600897,1.3764955833669243,1.3650483607518837,1.3537019659228402,1.3424560754553008,1.3313103570735596,1.320264469831363,1.3093180642920372,1.2984707827080406,1.2877222591998854,1.2770721199343977,1.2665199833022627,1.2560654600948191,1.2457081536800612,1.2354476601778075,1.2252835686339991,1.2152154611940877,1.20524291327548,1.1953654937389993,1.1855827650593285,1.1758942834944075,1.1662995992537428,1.1567982566656023,1.1473897943430662,1.138073745348898,1.1288496373592123,1.1197169928259045,1.1106753291378233,1.1017241587806526,1.092862989495479,1.0840913244360249,1.0754086623245138,1.0668144976061569,1.058308320602228,1.0498896176617138,1.041557871311516,1.033312560405183,1.0251531602701596,1.017079142853532,1.0090899768662518,1.0011851279258261,0.9933640586974515,0.9856262290335907,0.9779710961119615,0.9703981145719404,0.9629067366493591,0.9554964123096875,0.9481665893795918,0.9409167136768569,0.9337462291386649,0.9266545779482239,0.9196412006597351,0.9127055363216946,0.9058470225985239,0.899065095890522,0.892359191452136,0.8857287435085459,0.8791731853705588,0.8726919495478129,0.8662844678602849,0.8599501715481045,0.8536884913796696,0.8474988577580669,0.8413807008257952,0.8353334505677925,0.8293565369127709,0.8234493898328562,0.8176114394415421,0.8118421160899542,0.8061408504614326,0.8005070736644355,0.7949402173237686,0.7894397136701454,0.7840049956280813,0.7786354969021341,0.7733306520614881,0.7680898966228975,0.7629126671319896,0.7577984012429385,0.7527465377965189,0.7477565168965422,0.7428277799846923,0.7379597699137632,0.7331519310193093,0.7284037091897227,0.7237145519347403,0.7190839084523973,0.714511229694435,0.7099959684301733,0.7055375793088617,0.701135518920518,0.6967892458552668,0.6924982207611926,0.6882619064007145,0.684079767705501,0.6799512718299332,0.6758758882031307,0.6718530885795547,0.6678823470881996,0.6639631402803875,0.6600949471761796,0.6562772493094174,0.6525095307714088,0.6487912782532722,0.6451219810869534,0.6415011312849294,0.6379282235786138,0.6344027554554791,0.6309242271949076,0.6274921419027908,0.624106005544887,0.6207653269789555,0.6174696179856799,0.6142183932983988,0.6110111706316553,0.6078474707085835,0.6047268172871445,0.60164873718523,0.5986127603046472,0.5956184196539993,0.592665251370479,0.5897527947405896,0.5868805922198078,0.5840481894512051,0.5812551352830423,0.5785009817853526,0.5757852842655287,0.5731076012829285,0.5704674946625155,0.5678645295075477,0.5652982742113335,0.5627683004680641,0.5602741832827428,0.5578155009802233,0.5553918352133734,0.5530027709703766,0.5506478965811903,0.548326803723171,0.5460390874258856,0.5437843460751188,0.5415621814160957,0.5393721985559299,0.5372140059653153,0.5350872154794729,0.5329914422983677,0.5309263049862115,0.5288914254702629,0.5268864290389402,0.5249109443392617,0.522964603373623,0.5210470414959323,0.5191578974071092,0.5172968131499661,0.5154634341034838,0.5136574089764931,0.511878389800778,0.5101260319236114,0.508399993999738,0.5066999379828154,0.5050255291163285,0.5033764359239855,0.5017523301996141,0.5001528869965643,0.49857778461663427,0.49702670459852794,0.4954993317058602,0.49399535391471794,0.4925144624007904,0.491056351526081,0.4896207188252111,0.488207264991327,0.4868156938616226,0.4854457124024877,0.48409703069429383,0.4827693619158279,0.48146242232838493,0.4801759312595305,0.4789096110865427,0.4776631872195454,0.47643638808434235,0.4752289451049618,0.4740405926859229,0.4728710681942332,0.47172011194112656,0.47058746716355276,0.46947288000542664,0.46837609949864695,0.4672968775438955,0.466234968891223,0.4651901311204343,0.46416212462127826,0.46315071257345514,0.4621556609264458,0.46117673837917617,0.46021371635952135,0.4592663690036603,0.45833447313528874,0.45741780824469774,0.4565161564677275,0.45562930256460243,0.45475703389865774,0.4538991404149625,0.4530554146188493,0.45222565155435623,0.45140964878258955,0.45060720636001406,0.4498181268166778,0.449042215134379,0.44827927872478196,0.44752912740748774,0.4467915733880678,0.4460664312360662,0.44535351786297744,0.44465265250020514,0.4439636566770096,0.4432863541984492,0.4426205711233213,0.4419661357421104,0.4413228785549466,0.4406906322495827,0.4400692316793943,0.43945851384140805,0.43885831785436413,0.43826848493681825,0.4376888583852875,0.43711928355244606,0.436559607825375,0.43600968060387185,0.4354693532788232,0.4349384792106464,0.4344169137078048,0.43390451400539937,0.4334011392438429,0.4329066504476196,0.43242091050413567,0.4319437841426627,0.4314751379133797,0.4310148401665168,0.43056276103160385,0.4301187723968289,0.4296827478885075,0.42925456285066954,0.4288340943247634,0.42842122102948377,0.42801582334072374,0.4276177832716554,0.42722698445294083,0.4268433121130787,0.42646665305888465,0.4260968956561132,0.42573392981021985,0.42537764694726665,0.4250279399949753,0.424684703363927,0.42434783292891404,0.42401722601044245,0.4236927813563898,0.42337439912381925,0.4230619808609498,0.4227554294892878,0.4224546492859182,0.4221595458659585,0.421870026165176,0.42158599842277067,0.4213073721643234,0.4210340581849115,0.4207659685323928,0.4205030164908585,0.42024511656425606,0.4199921844601822,0.4197441370738485,0.4195008924722173,0.4192623698783107,0.4190284896556934,0.41879917329312677,0.41857434338939775,0.418353923638321,0.41813783881391503,0.4179260147557517,0.4177183783544796,0.41751485753752215,0.41731538125494744,0.4171198794655132,0.4169282831228836,0.4167405241620194,0.4165565354857401,0.41637625095145786,0.4161996053580828,0.41602653443309895,0.41585697481980993,0.41569086406475425,0.4155281406052888,0.41536874375734,0.4152126137033224,0.41505969148022187,0.41490991896784524,0.41476323887723204,0.41461959473923077,0.4144789308932352,0.41434119247608275,0.4142063254111109,0.4140742763973718,0.41394499289900444,0.4138184231347616,0.4136945160676908,0.4135732213949681,0.4134544895378835,0.4133382716319751,0.4132245195173131,0.41311318572892863,0.41300422348738997,0.41289758668952,0.41279322989925815,0.4126911083386607,0.4125911778790412,0.41249339503224747,0.4123977169420738,0.41230410137580736,0.41221250671590637,0.41212289195180846,0.41203521667186743,0.4119494410554176,0.41186552586496133,0.4117834324384824,0.4117031226818779,0.411624559061512,0.4115477045968864,0.411472522853427,0.4113989779353847,0.4113270344788493,0.41125665764487207,0.4111878131126999,0.4111204670731138,0.41105458622187374,0.41099013775326704,0.4109270893537574,0.4108654091957343,0.41080506593136024,0.41074602868651383,0.4106882670548277,0.4106317510918187,0.4105764513091087,0.4105223386687354,0.4104693845775496,0.4104175608816983,0.41036683986119243,0.41031719422455576,0.41026859710355557,0.4102210220480111,0.41017444302068,0.41012883439222086,0.4100841709362282,0.4100404278243418,0.4099975806214256,0.4099556052808168,0.4099144781396423,0.4098741759142015,0.4098346756954141,0.4097959549443316,0.40975799148770947,0.4097207635136416,0.40968424956725275,0.4096484285464486,0.4096132796977234,0.40957878261202124,0.4095449172206522,0.40951166379126075,0.4094790029238448,0.4094469155468259,0.4094153829131675,0.4093843865965413,0.40935390848753994,0.409323930789935,0.40929443601697996,0.4092654069877557,0.409236826823559,0.4092086789443314,0.4091809470651293,0.40915361519263244,0.4091266676216917,0.4091000889319132,0.40907386398428025,0.4090479779178101,0.40902241614624574,0.408997164354783,0.4089722084968287,0.4089475347907935,0.408923129716916,0.4088989800141171,0.4088750726768867,0.408851394952198,0.40882793433645315,0.40880467857245645,0.40878161564641574,0.4087587337849716,0.40873602145225274,0.40871346734695957,0.4086910603994719,0.4086687897689838,0.40864664484066204,0.4086246152228308,0.40860269074418,0.408580861450997,0.4085591176044233,0.40853744967773364,0.4085158483536377,0.4084943045216056,0.40847280927521556,0.40845135390952264,0.40842992991845073,0.4084085289922057,0.40838714301471063,0.4083657640610612,0.4083443843950034,0.4083229964664323,0.40830159290891044,0.4082801665372085,0.40825871034486605,0.4082372175017723,0.4082156813517686,0.40819409541026996,0.40817245336190827,0.40815074905819476,0.4081289765152034,0.40810712991127407,0.4080852035847368,0.40806319203165525,0.4080410899035907,0.40801889200538716,0.4079965932929753,0.40797418887119796,0.40795167399165516,0.4079290440505694,0.4079062945866725,0.4078834212791109,0.40786041994537375,0.4078372865392393,0.4078140171487432,0.40779060799416794,0.4077670554260508,0.407743355923215,0.4077195060908199,0.4076955026584335,0.4076713424781243,0.4076470225225758,0.4076225398832205,0.407597891768396,0.40757307550152233,0.4075480885192998,0.4075229283699283,0.40749759271134883,0.40747207930950446,0.4074463860366248,0.40742051086953057,0.40739445188795953,0.407368207272915,0.40734177530503457,0.40731515436298105,0.4072883429218546,0.40726133955162674,0.407234142915595,0.40720675176886,0.4071791649568234,0.40715138141370705,0.4071234001610941,0.40709522030649076,0.40706684104190993,0.4070382616424753,0.407009481465047,0.40698049994686814,0.406951316604232,0.40692193103117064,0.406892342898163,0.4068625519508651,0.40683255800885915,0.4068023609644237,0.4067719607813235,0.4067413574936206,0.4067105512045023,0.4066795420851318,0.4066483303735164,0.4066169163733948,0.4065853004531447,0.40655348304470723,0.4065214646425309,0.40648924580253404,0.40645682714108416,0.4064242093339956,0.4063913931155445,0.4063583792775007,0.40632516866817603,0.4062917621914904,0.40625816080605237,0.4062243655242564,0.40619037741139546,0.4061561975847891,0.4061218272129253,0.40608726751461766,0.4060525197581766,0.4060175852605932,0.40598246538673755,0.4059471615485694,0.4059116752043612,0.4058760078579332,0.4058401610579008,0.40580413639693197,0.40576793551101686,0.4057315600787468,0.40569501182060325,0.4056582924982574,0.40562140391387735,0.4055843479094447,0.4055471263660796,0.4055097412033728,0.40547219437872545,0.405434487886696,0.4053966237583527,0.4053586040606328,0.4053204308957066,0.40528210640034706,0.40524363274530395,0.40520501213468174,0.4051662468053213,0.40512733902618503,0.40508829109774486,0.40504910535137206,0.40500978414872946,0.4049703298811649,0.4049307449691062,0.4048910318614558,0.4048511930349866,0.40481123099373717,0.4047711482684063,0.40473094741574667,0.4046906310179569,0.4046502016820721,0.40460966203935267,0.40456901474466933,0.40452826247588664,0.4044874079332425,0.4044464538387243,0.4044054029354413,0.40436425798699266,0.40432302177683127,0.4042816971076224,0.4042402868005974,0.4041987936949028,0.40415722064694193,0.4041155705297132,0.4040738462321406,0.40403205065839826,0.4039901867272292,0.40394825737125634,0.4039062655362879,0.4038642141806149,0.40382210627430215,0.4037799447984713,0.40373773274457714,0.40369547311367676,0.40365316891569014,0.40361082316865415,0.40356843889796806,0.4035260191356325,0.40348356691947973,0.40344108529239653,0.4033985773015399,0.4033560459975447,0.40331349443372383,0.4032709256652611,0.4032283427483966,0.4031857487396048,0.40314314669476536,0.40310053966832715,0.4030579307124658,0.4030153228762336,0.4029727192047034,0.40293012273810674,0.402887536510965,0.40284496355121546,0.4028024068793316,0.4027598695074379,0.4027173544384198,0.4026748646650288,0.4026324031689838,0.4025899729200677,0.4025475768752204,0.4025052179776289,0.4024628991558139,0.40242062332271483,0.4023783933747708,0.40233621219100246,0.4022940826320899,0.40225200753945184,0.4022099897343235,0.40216803201683365,0.4021261371650844,0.40208430793422983,0.40204254705555764,0.402000857235572,0.40195924115507986,0.401917701468279,0.40187624080185114,0.4018348617540587,0.40179356689384577,0.4017523587599456,0.4017112398599925,0.4016702126696417,0.40162927963169487,0.4015884431552343,0.40154770561476505,0.40150706934936525,0.4014665366618467,0.4014261098179247,0.40138579104539945,0.4013455825333476,0.4013054864313263,0.40126550484858914,0.4012256398533158,0.4011858934718546,0.4011462676879798,0.4011067644421634,0.4010673856308625,0.40102813310582247,0.400989008673397,0.4009500140938852,0.40091115108088626,0.4008724213006726,0.40083382637158177,0.4007953678634287,0.4007570472969359,0.4007188661431863,0.40068082582309605,0.4006429277069091,0.4006051731137139,0.4005675633109826,0.40053009951413376,0.400492782886118,0.400455614537028,0.40041859552373293,0.4003817268495376,0.40034500946386753,0.40030844426197915,0.400272032084696,0.400235773718172,0.4001996698936817,0.4001637212874366,0.40012792852043017,0.4000922921583103,0.4000568127112801,0.40002149063402576,0.3999863263256755,0.39995132012978507,0.39991647233435396,0.3998817831718693,0.399847252819381,0.3998128813986049,0.3997786689760566,0.39974461556321483,0.39971072111671435,0.3996769855385695,0.39964340867642706,0.3996099903238497,0.3995767302206288,0.3995436280531279,0.3995106834546555,0.3994778960058684,0.3994452652352034,0.3994127906193407,0.39938047158369433,0.39934830750293376,0.3993162977015341,0.3992844414543544,0.39925273798724537,0.39922118647768534,0.3991897860554438,0.39915853580327343,0.39912743475762863,0.3990964819094118,0.3990656762047458,0.39903501654577284,0.3990045017914797,0.3989741307585468,0.3989439022222235,0.3989138149172272,0.3988838675386669,0.39885405874298857,0.39882438714894475,0.39879485133858583,0.3987654498582725,0.39873618121970894,0.3987070439009975,0.39867803634771143,0.3986491569739874,0.398620404163636,0.3985917762712692,0.39856327162344596,0.398534888519832,0.39850662523437586,0.3984784800164994,0.39845045109230115,0.3984225366657731,0.3983947349200298,0.39836704401854695,0.39833946210641197,0.39831198731158346,0.39828461774615836,0.3982573515076479,0.3982301866802595,0.3982031213361844,0.39817615353689073,0.39814928133442024,0.39812250277268774,0.3980958158887832,0.3980692187142746,0.3980427092765112,0.3980162855999254,0.39798994570733437,0.3979636876212372,0.39793750936510935,0.397911408964693,0.3978853844492806,0.3978594338529934,0.39783355521605096,0.3978077465860336,0.39778200601913455,0.3977563315814027,0.3977307213499731,0.3977051734142864,0.3976796858772941,0.397654256856651,0.39762888448589156,0.39760356691559146,0.39757830231451186,0.3975530888707264,0.3975279247927297,0.3975028083105264,0.3974777376767008,0.3974527111674646,0.3974277270836837,0.397402783751882,0.3973778795252224,0.397353012784463,0.3973281819388896,0.3973033854272215,0.3972786217184922,0.397253889312902,0.39722918674264485,0.3972045125727046,0.39717986540162514,0.39715524386224876,0.3971306466224261,0.3971060723856949,0.39708151989192836,0.39705698791795085,0.397032475278123,0.3970079808248931,0.39698350344931677,0.39695904208154215,0.3969345956912627,0.39691016328813533,0.39688574392216436,0.3968613366840506,0.3968369407055067,0.3968125551595362,0.3967881792606779,0.3967638122652154,0.39673945347134976,0.3967151022193374,0.39669075789159286,0.39666641991275375,0.3966420877497123,0.3966177609116095,0.396593438949794,0.39656912145774526,0.39654480807096115,0.3965204984668103,0.3964961923643486,0.396471889524101,0.39644758974780864,0.3964232928781402,0.3963989987983707,0.3963747074320246,0.39635041874248567,0.39632613273257405,0.39630184944408947,0.3962775689573227,0.39625329139053395,0.3962290168994008,0.39620474567643404,0.39618047795036276,0.39615621398549083,0.39613195408102203,0.3961076985703575,0.39608344782036453,0.3960592022306178,0.3960349622326135,0.3960107282889581,0.39598650089252974,0.3959622805656167,0.3959380678590315,0.39591386335120043,0.3958896676472321,0.3958654813779643,0.3958413051989888,0.3958171397896577,0.39579298585206973,0.3957688441100389,0.3957447153080455,0.39572060021017114,0.3956964995990175,0.3956724142746121,0.39564834505329866,0.39562429276661637,0.39560025826016654,0.395576242392469,0.395552246033809,0.39552827006507485,0.3955043153765885,0.3954803828669291,0.3954564734417504,0.39543258801259445,0.39540872749570094,0.3953848928108141,0.3953610848799876,0.39533730462638933,0.395313552973106,0.3952898308419491,0.39526613915226416,0.395242478819742,0.39521885075523433,0.3951952558635765,0.3951716950424141,0.3951481691810379,0.3951246791592274,0.39510122584610263,0.3950778100989861,0.3950544327622764,0.39503109466633246,0.39500779662637187,0.3949845394413813,0.39496132389304306,0.394938150744675,0.3949150207401884,0.394891934603061,0.3948688930353292,0.3948458967165974,0.3948229463030676,0.39480004242658756,0.39477718569372094,0.3947543766848373,0.3947316159532245,0.3947089040242241,0.3946862413943887,0.3946636285306634,0.39464106586959175,0.39461855381654515,0.3945960927449789,0.3945736829957122,0.3945513248762355,0.3945290186600429,0.3945067645859925,0.3944845628576923,0.39446241364291507,0.3944403170730391,0.39441827324251844,0.3943962822083793,0.3943743439897461,0.3943524585673952,0.39433062588333695,0.39430884584042636,0.3942871183020021,0.39426544309155453,0.39424381999242125,0.3942222487475118,0.3942007290590607,0.39417926058840785,0.39415784295580825,0.39413647574026833,0.3941151584794108,0.3940938906693667,0.39407267176469335,0.39405150117832144,0.3940303782815263,0.3940093024039266,0.39398827283350835,0.3939672888166736,0.39394634955831553,0.39392545422191577,0.39390460192966714,0.3938837917626193,0.3938630227608465,0.39384229392363906,0.3938216042097143,0.3938009525374504,0.3937803377851396,0.39375975879126135,0.393739214354775,0.3937187032354293,0.3936982241540915,0.3936777757930926,0.39365735679658787,0.39363696577093465,0.39361660128508363,0.39359626187098473,0.3935759460240055,0.39355565220336286,0.39353537883256634,0.3935151242998718,0.39349488695874607,0.39347466512834,0.3934544570939712,0.39343426110761387,0.39341407538839657,0.393393898123105,0.39337372746669225,0.39335356154279244,0.3933333984442389,0.3933132362335863,0.3932930729436353,0.39327290657795877,0.39325273511143044,0.39323255649075367,0.39321236863499004,0.3931921694360889,0.3931719567594146,0.39315172844427226,0.39313148230443234,0.3931112161286523,0.3930909276811945,0.3930706147023417,0.3930502749089078,0.3930299059947453,0.39300950563124665,0.39298907146784273,0.39296860113249443,0.3929480922321793,0.39292754235337346,0.3929069490625264,0.3928863099065309,0.39286562241318657,0.39284488409165713,0.39282409243292243,0.39280324491022384,0.3927823389795039,0.39276137207983974,0.3927403416338727,0.39271924504822964,0.3926980797139415,0.3926768430068558,0.3926555322880449,0.3926341449042102,0.3926126781880821,0.39259112945881675,0.3925694960223905,0.39254777517199113,0.39252596418840824,0.39250406034042157,0.39248206088518933,0.3924599630686367,0.3924377641258448,0.39241546128144167,0.3923930517499956,0.39237053273641104,0.3923479014363293,0.3923251550365338,0.3923022907153611,0.392279305643118,0.39225619698250774,0.3922329618890632,0.39220959751159085,0.3921861009926241,0.39216246946888916,0.39213870007178364,0.39211478992786764,0.39209073615937007,0.3920665358847116,0.392042186219043,0.3920176842748022,0.3919930271622899,0.3919682119902652,0.3919432358665627,0.3919180958987308,0.3918927891946942,0.39186731286343973,0.3918416640157275,0.39181583976482887,0.3917898372272906,0.3917636535237277,0.3917372857796455,0.3917107311262912,0.3916839867015364,0.39165704965079184,0.39162991712795375,0.3916025862963842,0.3915750543299257,0.39154731841394924,0.39151937574643914,0.3914912235391141,0.3914628590185823,0.3914342794275377,0.39140548202599,0.39137646409253496,0.3913472229256624,0.39131775584510253,0.3912880601932121,0.3912581333363985,0.39122797266658327,0.3911975756027067,0.3911669395922685,0.39113606211291035,0.39110494067403656,0.3910735728184729,0.39104195612416526,0.3910100882059159,0.39097796671715696,0.3909455893517624,0.3909129538458962,0.390880057979896,0.39084689958019364,0.3908134765212683,0.39077978672763564,0.39074582817586795,0.3907115988966473,0.3906770969768488,0.39064232056165343,0.39060726785669,0.39057193713020283,0.39053632671524685,0.3905004350119055,0.39046426048953237,0.3904278016890132,0.3903910572250482,0.39035402578845174,0.39031670614846836,0.3902790971551029,0.39024119774146254,0.39020300692611043,0.39016452381542577,0.39012574760597235,0.3900866775868694,0.3900473131421657,0.39000765375321217,0.38996769900103384,0.3899274485686946,0.389886902243657,0.38984605992013044,0.3898049216014092,0.3897634874021945,0.38972175755090044,0.38967973239193954,0.3896374123879872,0.3895947981222208,0.3895518903005317,0.3895086897537071,0.3894651974395801,0.3894214144451432,0.38937734198862634,0.3893329814215315,0.38928833423062675,0.38924340203989316,0.38919818661242395,0.38915268985227197,0.3891069138062447,0.3890608606656414,0.3890145327679334,0.3889679325983811,0.3889210627915887,0.38887392613299143,0.3888265255602748,0.38877886416472157,0.3887309451924864,0.3886827720457934,0.38863434828405585,0.388585677624915,0.3885367639451975,0.38848761128178527,0.38843822383240173,0.38838860595630625,0.38833876217489965,0.3882886971722355,0.3882384157954378,0.38818792305502126,0.3881372241251152,0.3880863243435856,0.3880352292120583,0.3879839443958376,0.3879324757237224,0.3878808291877165,0.38782901094263234,0.3877770273055883,0.38772488475539646,0.38767258993184145,0.38762014963484964,0.38756757082354654,0.38751486061520407,0.38746202628407456,0.38740907526011314,0.3873560151275877,0.38730285362357514,0.387249598636346,0.3871962582036346,0.3871428405107973,0.38708935388885807,0.3870358068124416,0.3869822078975947,0.3869285658994955,0.3868748897100535,0.3868211883553979,0.3867674709932583,0.38671374691023586,0.38666002551896805,0.38660631635518744,0.3865526290746753,0.38649897345011175,0.3864453593678245,0.3863917968244364,0.3863382959234148,0.3862848668715234,0.38623151997517924,0.3861782656367163,0.3861251143505571,0.3860720766992968,0.386019163349698,0.38596638504860326,0.3859137526187633,0.38586127695458594,0.3858089690178082,0.3857568398330928,0.3857049004835528,0.38565316210620687,0.38560163588736773,0.38555033305796726,0.38549926488882014,0.3854484426858305,0.38539787778514306,0.3853475815482432,0.38529756535700777,0.38524784060871153,0.38519841871099103,0.3851493110767692,0.3851005291191459,0.385052084246255,0.38500398785609363,0.3849562513313261,0.3849088860340654,0.38486190330063763,0.3848153144363302,0.38476913071013025,0.3847233633494536,0.38467802353487157,0.384633122394835,0.3845886710004027,0.384544680359976,0.38450116141404245,0.38445812502993437,0.38441558199660375,0.38437354301941723,0.38433201871497635,0.3842910196059646,0.3842505561160256,0.38421063856467585,0.3841712771622554,0.38413248200491984,0.3840942630696767,0.3840566302094702,0.38401959314831624,0.3839831614764935,0.3839473446457903,0.3839121519648136,0.3838775925943611,0.38384367554286025,0.3838104096618776,0.3837778036417008,0.3837458660069954,0.3837146051125412,0.3836840291390494,0.38365414608906334,0.38362496378294586,0.38359648985495554,0.3835687317494148,0.38354169671697147,0.38351539181095584,0.3834898238838382,0.3834649995837836,0.3834409253513131,0.38341760741606595,0.383395051793671,0.3833732642827247,0.38335225046188065,0.38333201568704917,0.38331256508871187,0.3832939035693499,0.38327603580098896,0.38325896622286143,0.38324269903918745,0.383227238217076,0.38321258748454634,0.38319875032867173,0.3831857299938458,0.38317352948017214,0.38316215154197825,0.3831515986864541,0.3831418731724158,0.3831329770091953,0.38312491195565535,0.3831176795193312,0.38311128095569824,0.38310571726756637,0.3831009892046002,0.3830970972629653,0.3830940416851013,0.38309182245961954,0.3830904393213266,0.3830898917513725,0.3830901789775234,0.3830912999745569,0.3830932534647814,0.3830960379186771,0.38309965155565795,0.3831040923449539,0.3831093580066131,0.38311544601262115,0.38312235358813773,0.38313007771284957,0.38313861512243647,0.3831479623101519,0.38315811552851364,0.3831690707911058,0.3831808238744879,0.3831933703202124,0.3832067054369457,0.3832208243026941,0.3832357217671297,0.38325139245401746,0.3832678307637392,0.3832850308759137,0.38330298675210994,0.38332169213865375,0.38334114056952223,0.38336132536932666,0.3833822396563805,0.3834038763458508,0.38342622815298943,0.38344928759644453,0.3834730470016465,0.38349749850426884,0.38352263405376036,0.38354844541694594,0.383574924181695,0.383602061760653,0.3836298493950356,0.3836582781584817,0.3836873389609628,0.383717022552748,0.383747319528419,0.38377822033093556,0.38380971525574764,0.3838417944549502,0.3838744479414816,0.3839076655933599,0.38394143715795576,0.3839757522562994,0.3840106003874187,0.3840459709327076,0.38408185316031823,0.38411823622957986,0.38415510919543683,0.38419246101290705,0.3842302805415557,0.38426855654998393,0.3843072777203279,0.3843464326527685,0.38438600987004606,0.38442599782198095,0.3844663848899953,0.3845071593916343,0.38454830958508585,0.3845898236736943,0.38463168981046797,0.38467389610257635,0.3847164306158371,0.38475928137918847,0.38480243638914635,0.3848458836142437,0.38488961099944996,0.38493360647056846,0.3849778579386114,0.38502235330414664,0.38506708046161997,0.3851120273036454,0.38515718172526603,0.385202531628181,0.3852480649249383,0.38529376954309136,0.3853396334293172,0.38538564455349555,0.38543179091274665,0.3854780605354268,0.38552444148507986,0.3855709218643429,0.38561748981880567,0.385664133540822,0.38571084127327177,0.3857576013132715,0.38580440201583543,0.38585123179748104,0.38589807913978263,0.3859449325928693,0.3859917807788664,0.3860386123952812,0.3860854162183296,0.38613218110620523,0.38617889600228816,0.38622554993829394,0.3862721320373613,0.3863186315170786,0.38636503769244707,0.38641133997878235,0.3864575278945517,0.3865035910641474,0.3865495192205958,0.3865953022082015,0.3866409299851259,0.3866863926259003,0.3867316803238731,0.3867767833935906,0.38682169227311136,0.38686639752625357,0.3869108898447757,0.38695516005049035,0.38699919909731034,0.38704299807322845,0.3870865482022285,0.3871298408461306,0.3871728675063685,0.3872156198256993,0.3872580895898466,0.38730026872907675,0.3873421493197071,0.38738372358554934,0.38742498389928426,0.38746592278377145,0.3875065329132927,0.3875468071147291,0.38758673836867324,0.38762631981047524,0.38766554473122455,0.3877044065786671,0.3877428989580575,0.38778101563294853,0.38781875052591624,0.38785609771922197,0.38789305145541286,0.38792960613785854,0.3879657563312275,0.38800149676190177,0.3880368223183306,0.38807172805132406,0.38810620917428756,0.38814026106339605,0.3881738792577104,0.3882070594592357,0.3882397975329216,0.3882720895066058,0.38830393157090165,0.38833532007902943,0.3883662515465924,0.38839672265129893,0.3884267302326301,0.38845627129145366,0.3884853429895866,0.3885139426493037,0.38854206775279637,0.3885697159415795,0.38859688501584916,0.38862357293378946,0.38864977781083204,0.3886754979188663,0.3887007316854024,0.3887254776926879,0.38874973467677715,0.38877350152655604,0.3887967772827218,0.3888195611367184,0.3888418524296285,0.3888636506510229,0.3888849554377677,0.3889057665727898,0.38892608398380224,0.3889459077419893,0.38896523806065225,0.3889840752938164,0.3890024199348005,0.3890202726147492,0.389037634101128,0.38905450529618385,0.3890708872353696,0.38908678108573463,0.3891021881442821,0.38911710983629244,0.3891315477136159,0.3891455034529327,0.38915897885398276,0.3891719758377659,0.3891844964447125,0.3891965428328251,0.3892081172757937,0.38921922216108285,0.3892298599879925,0.38924003336569435,0.38924974501124276,0.3892589977475618,0.3892677945014087,0.3892761383013161,0.3892840322755111,0.3892914796498147,0.38929848374551995,0.38930504797725196,0.38931117585080877,0.38931687096098366,0.38932213698937257,0.3893269777021629,0.3893313969479089,0.3893353986552911,0.38933898683086304,0.389342165556784,0.3893449389885409,0.38934731135265704,0.3893492869443919,0.389350870125431,0.3893520653215658,0.3893528770203671,0.38935330976884985,0.3893533681711324,0.38935305688608995,0.38935238062500327,0.3893513441492036,0.3893499522677143,0.38934820983489105,0.3893461217480594,0.38934369294515353,0.3893409284023533,0.3893378331317249,0.3893344121788612,0.3893306706205272,0.38932661356230697,0.3893222461362575,0.38931757349856616,0.38931260082721597,0.38930733331965667,0.38930177619048495,0.3892959346691326,0.38928981399756557,0.3892834194279923,0.3892767562205845,0.3892698296412094,0.3892626449591757,0.38925520744499315,0.38924752236814725,0.3892395949948887,0.38923143058604026,0.3892230343948205,0.38921441166468523,0.3892055676271883,0.3891965074998616,0.3891872364841165,0.38917775976316504,0.38916808249996454,0.3891582098351843,0.38914814688519594,0.38913789874008875,0.389127470461709,0.3891168670817264,0.38910609359972603,0.3890951549813284,0.38908405615633723,0.3890728020169158,0.3890613974157933,0.3890498471645008,0.38903815603163816,0.3890263287411725,0.3890143699707691,0.38900228435015416,0.38899007645951217,0.38897775082791614,0.3889653119317933,0.3889527641934255,0.38894011197948575,0.38892735959961056,0.38891451130500976,0.38890157128711317,0.3888885436762556,0.38887543254039975,0.38886224188389923,0.3888489756462988,0.38883563770117635,0.3888222318550243,0.38880876184617147,0.3887952313437467,0.38878164394668285,0.38876800318276317,0.38875431250771025,0.388740575304316,0.38872679488161604,0.3887129744741056,0.3886991172409997,0.3886852262655364,0.38867130455432386,0.38865735503673127,0.3886433805643238,0.38862938391034263,0.3886153677692278,0.3886013347561876,0.38858728740681037,0.38857322817672324,0.38855915944129377,0.38854508349537786,0.38853100255311107,0.38851691874774574,0.38850283413153297,0.3884887506756482,0.38847467027016236,0.3884605947240574,0.3884465257652861,0.38843246504087575,0.3884184141170768,0.3884043744795542,0.3883903475336239,0.38837633460453114,0.3883623369377732,0.38834835569946435,0.3883343919767435,0.38832044677822436,0.38830652103448715,0.3882926155986115,0.38827873124675194,0.3882648686787521,0.3882510285188003,0.3882372113161249,0.38822341754572853,0.3882096476091614,0.3881959018353327,0.3881821804813595,0.3881684837334534,0.3881548117078425,0.3881411644517307,0.38812754194429083,0.38811394409769373,0.3881003707581696,0.388086821707104,0.38807329666216545,0.38805979527846507,0.3880463171497469,0.3880328618096086,0.38801942873275136,0.3880060173362581,0.3879926269809003,0.3879792569724701,0.3879659065631402,0.38795257495284635,0.3879392612906971,0.38792596467640433,0.3879126841617366,0.38789941875199474,0.38788616740750664,0.3878729290451423,0.38785970253984703,0.38784648672619143,0.3878332803999387,0.3878200823196269,0.38780689120816514,0.3877937057544437,0.3877805246149559,0.3877673464154313,0.3877541697524791,0.38774099319524,0.38772781528704703,0.38771463454709215,0.3877014494720989,0.38768825853800054,0.38767506020162074,0.38766185290235666,0.3876486350638647,0.3876354050957454,0.38762216139522787,0.3876089023488522,0.38759562633414946,0.3875823317213169,0.3875690168748891,0.3875556801554012,0.38754231992104693,0.38752893452932713,0.3875155223386888,0.38750208171015527,0.38748861100894266,0.3874751086060666,0.3874615728799333,0.38744800221791786,0.3874343950179264,0.38742074968994267,0.3874070646575567,0.38739333835947626,0.3873795692510188,0.3873657558055836,0.38735189651610347,0.3873379898964751,0.38732403448296726,0.38731002883560484,0.3872959715395308,0.3872818612063425,0.3872676964754032,0.3872534760151276,0.38723919852424105,0.38722486273301143,0.3872104674044537,0.3871960113355057,0.38718149335817564,0.38716691234066053,0.3871522671884343,0.3871375568453065,0.3871227802944496,0.3871079365593968,0.38709302470500767,0.3870780438384025,0.3870629931098652,0.3870478717137144,0.38703267888914195,0.3870174139210199,0.38700207614067456,0.38698666492662875,0.38697117970531075,0.38695561995173205,0.38693998519013156,0.38692427499458787,0.3869084889895999,0.3868926268506344,0.38687668830464245,0.38686067313054395,0.3868445811596802,0.3868284122762362,0.3868121664176314,0.38679584357488006,0.38677944379292184,0.386762967170922,0.38674641386254266,0.3867297840761854,0.38671307807520516,0.386696296178096,0.38667943875865024,0.3866625062460911,0.3866454991251774,0.3866284179362854,0.38661126327546336,0.38659403579446333,0.386576736200749,0.3865593652574806,0.3865419237834777,0.3865244126531608,0.38650683279647263,0.3864891851987782,0.3864714709007476,0.3864536909982195,0.38643584664204694,0.38641793903792687,0.386399969446214,0.38638193918171887,0.38636384961349224,0.3863457021645961,0.3863274983118613,0.3863092395856345,0.38629092756951333,0.38627256390007125,0.38625415026657434,0.3862356884106878,0.3862171801261759,0.38619862725859444,0.3861800317049776,0.38616139541351807,0.3861427203832438,0.3861240086636904,0.38610526235456955,0.386086483605436,0.38606767461535163,0.3860488376325486,0.3860299749540923,0.3860110889255438,0.38599218194062235,0.38597325644087044,0.38595431491531895,0.3859353599001551,0.38591639397839306,0.3858974197795475,0.38587843997931015,0.3858594572992306,0.3858404745064013,0.3858214944131464,0.3858025198767158,0.3857835537989846,0.3857645991261556,0.38574565884847034,0.3857267359999226,0.3857078336579791,0.38568895494330524,0.38567010301949656,0.3856512810928156,0.3856324924119344,0.38561374026768264,0.3855950279928004,0.3855763589616968,0.3855577365902133,0.38553916433539137,0.3855206456952448,0.385502184208536,0.38548378345455625,0.38546544705290897,0.38544717866329636,0.38542898198530745,0.3854108607582095,0.38539281876074,0.38537485981089975,0.38535698776574595,0.38533920652118603,0.38532152001176895,0.3853039322104765,0.385286447128511,0.38526906881508094,0.3852518013571823,0.38523464887937553,0.3852176155435572,0.3852007055487256,0.3851839231307391,0.3851672725620675,0.3851507581515337,0.3851343842440468,0.38511815522032394,0.38510207549660175,0.38508614952433506,0.3850703817898826,0.38505477681417877,0.3850393391523908,0.3850240733935594,0.3850089841602228,0.3849940761080241,0.3849793539252988,0.3849648223326431,0.38495048608246246,0.38493634995849774,0.3849224187753305,0.3849086973778642,0.3848951906407816,0.38488190346797796,0.3848688407919682,0.3848560075732675,0.3848434087997447,0.38483104948594904,0.3848189346724057,0.38480706942488413,0.3847954588336353,0.3847841080125983,0.384773022098575,0.38476220625037383,0.3847516656479198,0.384741405491332,0.3847314309999675,0.38472174741143,0.38471235998054615,0.3847032739783047,0.3846944946907615,0.3846860274179084,0.3846778774725068,0.3846700501788846,0.384662550871697,0.38465538489465073,0.38464855759919214,0.38464207434315834,0.3846359404893917,0.38463016140431777,0.38462474245648726,0.38461968901508115,0.38461500644837954,0.384610700122195,0.38460677539827065,0.3846032376326411,0.3846000921739612,0.38459734436179793,0.38459499952488957,0.3845930629793708,0.38459154002696505,0.38459043595314474,0.38458975602525935,0.38458950549063325,0.3845896895746327,0.38459031347870354,0.38459138237838136,0.3845929014212728,0.38459487572501055,0.38459731037518324,0.3846002104232401,0.38460358088437213,0.38460742673537085,0.3846117529124662,0.38461656430914315,0.384621865773941,0.3846276621082335,0.384633958063994,0.3846407583415443,0.3846480675872914,0.38465589039145054,0.38466423128575805,0.3846730947411757,0.3846824851655857,0.3846924069014803,0.38470286422364663,0.3847138613368479,0.38472540237350294,0.3847374913913665,0.3847501323712098,0.3847633292145054,0.38477708574111624,0.3847914056869917,0.38480629270187156,0.38482175034699945,0.3848377820928489,0.3848543913168616,0.38487158130120136,0.3848893552305235,0.38490771618976516,0.3849266671619523,0.3849462110260312,0.38496635055472234,0.38498708841239915,0.3850084271529944,0.38503036921793427,0.38505291693410315,0.38507607251184045,0.3850998380429699,0.38512421549886516,0.385149206728551,0.38517481345684357,0.3852010372825298,0.38522787967658934,0.385255341980457,0.38528342540433275,0.38531213102553485,0.3853414597869011,0.3853714124952393,0.38540198981982754,0.38543319229096423,0.38546502029857377,0.3854974740908633,0.3855305537730361,0.38556425930606125,0.3855985905054998,0.3856335470403913,0.3856691284321981,0.3857053340538115,0.38574216312861964,0.3857796147296372,0.3858176877786997,0.3858563810457212,0.3858956931480182,0.3859356225496986,0.38597616756111786,0.38601732633840263,0.3860590968830415,0.3861014770415458,0.3861444645051778,0.38618805680974977,0.38623225133549177,0.3862770453069914,0.3863224357932022,0.38636841970752445,0.3864149938079564,0.38646215469731693,0.38650989882354014,0.38655822248003996,0.3866071218061478,0.3866565927876207,0.38670663125722105,0.38675723289536745,0.386808393230857,0.38686010764165724,0.3869123713557698,0.3869651794521633,0.38701852686177635,0.38707240836858975,0.3871268186107673,0.3871817520818651,0.38723720313210863,0.3872931659697359,0.3873496346624086,0.3874066031386875,0.3874640651895731,0.38752201447011053,0.3875804445010578,0.3876393486706153,0.38769872023621876,0.3877585523263902,0.38781883794264976,0.3878795699614858,0.3879407411363814,0.38800234409989787,0.38806437136581295,0.38812681533131227,0.3881896682792342,0.38825292238036535,0.3883165696957862,0.38838060217926557,0.38844501167970197,0.38850978994361146,0.3885749286176598,0.3886404192512375,0.38870625329907654,0.38877242212390795,0.38883891699915674,0.3889057291116757,0.3889728495645127,0.38904026937971486,0.38910797950116194,0.38917597079743366,0.3892442340647041,0.3893127600296652,0.3893815393524756,0.38945056262973415,0.3895198203974764,0.3895893031341917,0.3896590012638604,0.38972890515900804,0.38979900514377697,0.3898692914970109,0.38993975445535334,0.39001038421635675,0.39008117094160094,0.3901521047598198,0.39022317577003307,0.3902943740446837,0.3903656896327772,0.39043711256302194,0.3905086328469699,0.39058024048215345,0.39065192545522,0.39072367774506,0.39079548732592856,0.39086734417055713,0.3909392382532567,0.3910111595530075,0.39108309805653557,0.3911550437613754,0.3912269866789139,0.39129891683741863,0.3913708242850445,0.39144269909282065,0.39151453135761427
16.75,1.011054802697586,1.0219860471202549,1.0327998853164178,1.043502479888567,1.0540999734595762,1.064598461765719,1.0750039700660756,1.0853224325821196,1.0955596747034995,1.1057213977164042,1.1158131658296955,1.1258403952912437,1.1358083454028347,1.1457221112566907,1.1555866180302257,1.1654066166883015,1.1751866809536406,1.184931205416961,1.1946444046683458,1.2043303133405698,1.2139927869636746,1.223635503538109,1.2332619657410742,1.242875503687616,1.252479278174399,1.2620762843400626,1.2716693556815268,1.2812611683708124,1.2908542458217347,1.3004509634601507,1.310053553655778,1.3196641107772815,1.3292845963360442,1.3389168441872015,1.3485625657597011,1.3582233552900034,1.3679006950366683,1.3775959604555525,1.3873104253176212,1.3970452667534776,1.4068015702106687,1.4165803343116223,1.4263824756017132,1.4362088331785046,1.4460601731946006,1.455937193227838,1.4658405265137255,1.4757707460361136,1.4857283684730704,1.4957138579958404,1.5057276299195383,1.515770054204996,1.5258414588118492,1.5359421329035137,1.546072329905273,1.5562322704171516,1.5664221449836808,1.5766421167230138,1.5868923238182029,1.5971728818736952,1.6074838861403982,1.6178254136128152,1.6281975250019551,1.6386002665878503,1.6490336719556264,1.6594977636191615,1.6699925545364114,1.6805180495205456,1.6910742465510382,1.701661137988862,1.7122787116999352,1.7229269520909236,1.7336058410614636,1.7443153588768192,1.7550554849649205,1.7658261986416512,1.7766274797681925,1.787459309344104,1.7983216700397768,1.8092145466717682,1.8201379266244098,1.8310918002210104,1.8420761610478489,1.8530910062340358,1.8641363366902155,1.8752121573089697,1.88631847712967,1.897455309470416,1.9086226720295614,1.9198205869592684,1.9310490809133647,1.9423081850717023,1.9535979351430952,1.9649183713488123,1.9762695383885154,1.9876514853904002,1.9990642658472286,2.010507937539824,2.021982562449533,2.0334882066610374,2.045024940256843,2.0565928372046627,2.0681919752388502,2.0798224357369577,2.091484303592402,2.103177667084173,2.1149026177444403,2.1266592502248445,2.1384476621621973,2.1502679540442684,2.1621202290762565,2.1740045930485064,2.1859211542059827,2.1978700231199415,2.2098513125622175,2.221865137382484,2.233911614388812,2.2459908622318108,2.258103001292596,2.270248153574799,2.2824264426007828,2.294637993312239,2.3068829319752533,2.3191613860899536,2.3314734843047957,2.3438193563355347,2.3561991328889014,2.368612945590981,2.3810609269202767,2.3935432101454315,2.4060599292675375,2.4186112189669786,2.431197214554728,2.443818051927987,2.4564738675300872,2.4691647983145106,2.481890981712925,2.4946525556070833,2.5074496583044485,2.520282428517395,2.533151005345826,2.5460555282630484,2.5589961371047196,2.571972972060722,2.5849861736697517,2.598035882816479,2.6111222407310546,2.6242453889908073,2.6374054695239257,2.650602624614937,2.6638369969117917,2.6771087294343556,2.690417965584119,2.70376484915492,2.7171495243444923,2.7305721357666446,2.7440328284638587,2.7575317479201393,2.7710690400738924,2.784644851330661,2.7982593285755137,2.811912619184898,2.825604871037778,2.8393362325258567,2.8531068525627035,2.8669168805916097,2.8807664665919863,2.8946557610841235,2.9085849151321446,2.922554080344977,2.9365634088751777,2.9506130534154353,2.964703167192604,2.9788339039590976,2.9930054179814936,3.0072178640262,3.0214713973420295,3.0357661736395487,3.0501023490670627,3.0644800801830896,3.0788995239252155,3.093360837575194,3.10786417872017,3.122409705209922,3.136997575110012,3.151627946650737,3.1663009781717824,3.1810168280625004,3.1957756546977087,3.210577616368938,3.225422871211058,3.2403115771242095,3.25524389169098,3.270219972088772,3.2852399749973134,3.300304056501265,3.315412371987895,3.330565076039788,3.3457623223225648,3.3610042634675987,3.3762910509497654,3.3916228349601063,3.4069997642735266,3.4224219861115026,3.437889645999813,3.453402887621326,3.468961852663866,3.484566680663217,3.5002175088412972,3.5159144719395643,3.5316577020477165,3.5474473284277512,3.563283477333461,3.579166271825448,3.5950958315817463,3.6110722727041447,3.6270957075203154,3.643166244381859,3.659283987458367,3.6754490365276458,3.6916614867621997,3.70792142851214,3.7242289470846206,3.7405841225199774,3.7569870293647054,3.7734377364414144,3.789936306615959,3.806482796561874,3.8230772565223,3.8397197300695574,3.8564102538625873,3.8731488574023705,3.889935562785594,3.9067703844566743,3.9236533289583932,3.9405843946813053,3.9575635716121185,3.9745908410812696,3.991666175509867,4.008789538156238,4.025960882862259,4.043180153799697,4.060447285216756,4.077762201185062,4.095124815347268,4.1125350306655175,4.129992739170959,4.147497821714537,4.16505014771927,4.1826495749342065,4.200295949190308,4.217989104158424,4.235728861109601,4.253515028677913,4.271347402626022,4.289225765613677,4.3071498869693405,4.325119522465135,4.343134414095338,4.36119428985856,4.379298863543854,4.3974478345208805,4.415640887534366,4.433877692502982,4.452157904322855,4.470481162675848,4.48884709184279,4.50725530052181,4.525705381651927,4.544196912242053,4.562729453205534,4.581302549200384,4.599915728475349,4.618568502721893,4.637260366932287,4.6559907992638445,4.6747592609094815,4.6935651959746565,4.712408031360804,4.731287176655364,4.750202024028476,4.769151948136415,4.788136306031863,4.807154437081056,4.826205662887882,4.845289287224988,4.864404595971912,4.883550857060331,4.902727320426404,4.9219332179702855,4.941167763522799,4.960430152819297,4.979719563480717,4.999035155001836,5.01837606874672,5.037741427951353,5.057130337733439,5.076541885109361,5.095975139018238,5.115429150353095,5.134902951999067,5.15439555887862,5.173905968003718,5.193433158534904,5.212976091847223,5.232533711602922,5.252104943830861,5.271688697012569,5.291283862174851,5.3108893129888814,5.33050390587569,5.350126480117936,5.369755857977914,5.389390844821645,5.4090302292490025,5.428672783229724,5.448317262245235,5.4679624054361575,5.487606935755396,5.507249560126686,5.526888969608486,5.546523839563099,5.566152829830889,5.585774584909497,5.605387734137892,5.624990891885177,5.644582657743979,5.664161616728339,5.683726339475925,5.703275382454495,5.722807288172426,5.742320585393222,5.761813789353854,5.781285401986787,5.8007339121456045,5.820157795834072,5.839555516438511,5.85892552496338,5.878266260269912,5.8975761493177075,5.916853607409128,5.9360970384364125,5.955304835131353,5.974475379317442,5.993607042164353,6.012698184444663,6.031747156792694,6.050752299965345,6.069711945104844,6.088624414003288,6.107488019368869,6.126301065093714,6.145061846523198,6.163768650726674,6.182419756769504,6.20101343598633,6.219547952255462,6.238021562274332,6.256432515835921,6.274779056106087,6.293059419901729,6.31127183796968,6.329414535266332,6.347485731237851,6.365483640100998,6.383406471124418,6.401252428910431,6.419019713677199,6.436706521541274,6.454311044800459,6.47183147221694,6.489265989300668,6.50661277859294,6.523870019950167,6.5410358908277715,6.558108566564218,6.575086220665138,6.591967025087553,6.608749150524125,6.625430766687492,6.642010042594619,6.658485146851192,6.674854247936018,6.691115514485465,6.707267115577892,6.723307221018121,6.739234001621907,6.75504562950044,6.770740278344871,6.786316123710878,6.801771343303267,6.817104117260645,6.832312628440137,6.847395062702198,6.862349609195516,6.877174460642024,6.891867813622028,6.90642786885948,6.9208528315074265,6.935140911433596,6.949290323506219,6.963299287880025,6.977166030282496,6.990888782300349,7.0044657816662905,7.017895272546055,7.0311755058257335,7.044304739399432,7.057281238457243,7.07010327577358,7.082769131995862,7.095277095933568,7.107625464847683,7.119812544740524,7.131836650646001,7.143696106920232,7.155389247532636,7.166914416357394,7.178269967465366,7.189454265416409,7.2004656855521185,7.211302614288993,7.221963449411989,7.232446600368503,7.242750488562717,7.252873547650328,7.262814223833639,7.272570976156996,7.282142276802531,7.291526611386203,7.300722479254131,7.309728393779125,7.318542882657458,7.3271644882058,7.335591767658274,7.343823293463624,7.351857653582416,7.359693451784243,7.367329307944895,7.374763858343398,7.381995755958929,7.389023670767486,7.395846290038302,7.402462318629887,7.4088704792856905,7.415069512929245,7.421058178958787,7.4268352555412145,7.4323995399053455,7.437749848634378,7.442885017957455,7.447803904040284,7.452505383274662,7.456988352566876,7.461251729624836,7.465294453243847,7.469115483590961,7.472713802487744,7.476088413691403,7.479238343174128,7.482162639400567,7.484860373603304,7.487330640056242,7.489572556345747,7.491585263639469,7.493367926952693,7.494919735412125,7.496239902516958,7.497327666397128,7.498182290068608,7.4988030616856305,7.499189294789706,7.4993403285552995,7.49925552803206,7.498934284383447,7.498376015121639,7.497580164338591,7.496546202933098,7.495273628833769,7.493761967217728,7.492010770724954,7.4900196196681,7.487788122237698,7.48531591470256,7.4826026616053145,7.479648055952895,7.476451819401877,7.473013702438536,7.4693334845534975,7.465410974410844,7.461246010011574,7.456838458851283,7.45218821807193,7.447295214607599,7.442159405324124,7.4367807771524514,7.431159347215655,7.425295162949449,7.419188302216141,7.412838873411889,7.406247015567153,7.399412898440262,7.392336722603972,7.385018719524955,7.377459151636084,7.369658312401451,7.361616526374024,7.353334149245865,7.344811567890807,7.336049200399551,7.327047496107065,7.31780693561225,7.308328030789782,7.298611324794093,7.2886573920553985,7.278466838267742,7.268040300368998,7.257378446512777,7.246481976032197,7.235351619395483,7.223988138153352,7.212392324878156,7.2005650030947494,7.188507027203065,7.176219282392379,7.163702684547243,7.150958180145067,7.137986746145373,7.124789389870692,7.111367148879101,7.09772109082844,7.0838523133321765,7.069761943806979,7.055451139311966,7.040921086379706,7.0261730008389565,7.011208127629196,6.996027740606979,6.980633142344155,6.965025663917993,6.949206664693271,6.933177532096369,6.916939681381433,6.900494555388678,6.88384362429487,6.866988385356091,6.849930362642837,6.8326711067675285,6.8152121946045305,6.797555229002749,6.779701838490905,6.761653676975576,6.743412423432101,6.724979781588448,6.70635747960215,6.687547269730423,6.668550927993561,6.649370253831732,6.6300070697553055,6.610463220988798,6.5907405751086,6.570841021674577,6.5507664718557015,6.530518858049824,6.510100133497744,6.489512271891693,6.46875726697839,6.447837132156804,6.426753900070771,6.4055096221966075,6.384106368425881,6.3625462266434845,6.340831302301161,6.318963717986655,6.296945612988625,6.27477914285749,6.252466478962372,6.230009808044293,6.207411331765787,6.18467326625711,6.161797841659188,6.138787301663493,6.11564390304901,6.092369915216454,6.068967619719931,6.045439309796185,6.021787289891629,5.998013875187321,5.9741213911220505,5.950112172913729,5.925988565079236,5.90175292095291,5.87740760220385,5.852954978352205,5.82839742628462,5.803737329769017,5.778977078968889,5.754119069957247,5.729165704230459,5.704119388222056,5.678982532816779,5.653757552864952,5.628446866697399,5.6030528956410555,5.577578063535443,5.55202479625016,5.52639552120359,5.500692666882935,5.47491866236579,5.449075936843372,5.423166919145603,5.397194037268169,5.371159717901726,5.34506638596341,5.318916464130796,5.29271237237845,5.266456527517225,5.240151342736466,5.213799227149221,5.1874025853406565,5.160963816919757,5.134485316074504,5.1079694711306125,5.081418664114003,5.054835270317106,5.028221657869145,5.001580187310511,4.9749132111713505,4.948223073554499,4.921512109722859,4.894782645691347,4.868036997823511,4.841277472432942,4.814506365389567,4.787725961730937,4.7609385352786004,4.734146348259682,4.707351650933717,4.680556681224876,4.653763664359648,4.626974812510059,4.600192324442529,4.573418385172423,4.546655165624395,4.519904822298572,4.493169496942674,4.466451316230117,4.439752391444171,4.413074818168242,4.386420675982307,4.359792028165587,4.333190921405511,4.306619385512974,4.280079433144,4.2535730595278025,4.227102242201295,4.200668940750106,4.174275096556104,4.147922632551486,4.121613452979441,4.09534944316142,4.06913246927104,4.042964378114625,4.016846996918416,3.9907821331224524,3.9647715741811385,3.9388170873705084,3.9129204196021785,3.8870832972440073,3.8613074259474467,3.835594490481598,3.8099461545739417,3.784364060757762,3.7588498302262257,3.7334050626931288,3.70803133626027,3.682730207291448,3.657503210293057,3.6323518578012526,3.607277640275668,3.5822820259996484,3.5573664609869753,3.5325323688950405,3.50778115094445,3.483114185845002,3.4585328297280142,3.434038416084949,3.4096322557122996,3.3853156366626904,3.36108982420214,3.3369560607734434,3.3129155659656173,3.2889695364893594,3.265119146158467,3.2413655458771524,3.217709863633205,3.1941532044969407,3.170696650625868,3.147341261275016,3.124088072812862,3.100938098742788,3.077892329729998,3.0549517336338363,3.0321172555454297,3.0093898178305847,2.986770320177873,2.9642596396518206,2.9418586307511427,2.919568125471937,2.897388933375762,2.8753218416625277,2.8533676152481195,2.8315269968466708,2.809800707057412,2.788189444456016,2.7666938856903553,2.745314685580589,2.7240524772235046,2.70290787210102,2.68188146019278,2.6609738100927447,2.640185469129698,2.619516963491594,2.598968798353642,2.5785414580100627,2.5582354060094197,2.538051085293442,2.5179889183392605,2.4980493073049552,2.478232634178348,2.4585392609289425,2.438969529662927,2.419523762781153,2.4002022631400197,2.3810053142151437,2.3619331802677754,2.3429861065138313,2.32416431929549,2.305468026255251,2.286897416512374,2.268452660841619,2.2501339118541988,2.231941304180861,2.21387495465702,2.1959349625098503,2.178121409547265,2.160434360348692,2.1428738624575745,2.125439946575501,2.1081326267579046,2.0909519006112345,2.0738977494915276,2.056970138704307,2.0401690177057175,2.023494320304836,2.006945964867064,1.9905238545185477,1.9742278773515267,1.958057906630558,1.9420138009995307,1.9260954046894023,1.9103025477265863,1.894635046141918,1.8790927021801294,1.8636753045097683,1.848382628433484,1.833214436098626,1.8181704767080735,1.8032504867312478,1.7884541901152267,1.7737812984959125,1.7592315114091768,1.7448045165019337,1.730499989743072,1.7163175956341907,1.7022569874200808,1.6883178072988898,1.674499686631921,1.6608022461530043,1.6472250961773913,1.633767836810115,1.6204300581537645,1.6072113405156268,1.5941112546141378,1.5811293617846025,1.5682652141841276,1.5555183549957265,1.5428883186315459,1.5303746309351733,1.5179768093829762,1.5056943632844355,1.493526793981429,1.4814735950464222,1.4695342524795327,1.4577082449044216,1.4459950437629825,1.4343941135087852,1.4229049117992427,1.4115268896864637,1.400259491806762,1.3891021565687829,1.3780543163402277,1.3671153976331274,1.3562848212876573,1.3455620026544475,1.3349463517753708,1.3244372735627796,1.3140341679771652,1.3037364302032162,1.2935434508242538,1.2834546159950184,1.2734693076127903,1.2635869034868183,1.2538067775060442,1.2441282998050953,1.2345508369285374,1.2250737519933603,1.215696404849691,1.20641815223971,1.197238347954764,1.1881563429906539,1.1791714857010953,1.1702831219493295,1.161490595257882,1.1527932469564552,1.1441904163279457,1.1356814407525786,1.127265655850152,1.118942395620382,1.1107109925813474,1.102570777906021,1.094521081556891,1.0865612324186613,1.078690558429034,1.0709083867075662,1.0632140436826025,1.0556068552162814,1.048086146727613,1.0406512433136321,1.0333014698686236,1.0260361512014227,1.018854612150794,1.011756177698889,1.0047401730827867,0.9978059239041213,0.9909527562367988,0.9841799967328124,0.9774869727261556,0.9708730123348438,0.9643374445610475,0.9578795993893472,0.9514988078831137,0.9451944022790241,0.9389657160797199,0.9328120841446177,0.9267328427788797,0.9207273298205559,0.9147948847259033,0.9089348486528984,0.9031465645429485,0.8974293772008155,0.8917826333727625,0.886205681822936,0.8806978734079938,0.875258561149992,0.8698871003075448,0.8645828484452674,0.8593451655015175,0.8541734138544478,0.8490669583863829,0.8440251665465361,0.8390474084120784,0.8341330567475739,0.8292814870628007,0.8244920776689642,0.8197642097333265,0.8150972673322595,0.8104906375027434,0.8059437102923209,0.8014558788075277,0.7970265392608104,0.7926550910159512,0.7883409366320155,0.7840834819058352,0.7798821359130484,0.7757363110477102,0.7716454230604892,0.7676088910954701,0.7636261377255765,0.7596965889866315,0.755819674410073,0.7519948270543406,0.7482214835349504,0.7444990840532777,0.7408270724240584,0.7372048961016352,0.7336320062049554,0.7301078575413472,0.7266319086290844,0.7232036217187606,0.7198224628134887,0.7164879016879427,0.7131994119062598,0.7099564708388189,0.7067585596779132,0.7036051634523339,0.7004957710408818,0.6974298751848244,0.6944069724993143,0.6914265634837867,0.6884881525313533,0.6855912479372076,0.6827353619060602,0.6799200105586203,0.6771447139371387,0.6744089960100313,0.6717123846755966,0.6690544117648461,0.6664346130434629,0.6638525282129041,0.661307700910665,0.658799678709718,0.6563280131171458,0.653892259571982,0.6514919774422759,0.6491267300213982,0.6467960845236004,0.6444996120788461,0.6422368877269283,0.6400074904108877,0.6378110029697472,0.6356470121305795,0.6335151084999189,0.6314148865545358,0.6293459446315866,0.6273078849181535,0.62530031344019,0.623322840050884,0.6213750784184567,0.6194566460134057,0.6175671640952113,0.6157062576985172,0.6138735556188004,0.6120686903975433,0.6102912983069197,0.6085410193340131,0.6068174971645733,0.6051203791663317,0.6034493163718815,0.6018039634611413,0.6001839787434098,0.5985890241390285,0.5970187651606609,0.5954728708942031,0.593951013979337,0.592452870589738,0.5909781204129476,0.5895264466299274,0.5880975358942985,0.5866910783112853,0.5853067674163698,0.5839443001536692,0.5826033768540495,0.5812837012129825,0.5799849802681598,0.5787069243768735,0.5774492471931731,0.5762116656448114,0.5749938999099851,0.5737956733938869,0.5726167127050714,0.571456747631651,0.5703155111173267,0.5691927392372669,0.5680881711738409,0.5670015491922185,0.5659326186158415,0.5648811278017819,0.5638468281159876,0.5628294739084327,0.5618288224881737,0.5608446340983254,0.5598766718909611,0.5589247019019482,0.5579884930257234,0.5570678169900206,0.5561624483305536,0.5552721643656661,0.5543967451709528,0.5535359735538607,0.5526896350282785,0.5518575177891184,0.5510394126869012,0.5502351132023471,0.5494444154209821,0.5486671180077667,0.5479030221817492,0.547151931690756,0.5464136527861193,0.5456879941974517,0.5449747671074736,0.5442737851268965,0.5435848642693699,0.5429078229264978,0.5422424818429282,0.5415886640915225,0.5409461950486091,0.5403149023693254,0.5396946159630565,0.5390851679689694,0.538486392731655,0.5378981267768724,0.5373202087874125,0.5367524795790719,0.5361947820767514,0.5356469612906782,0.5351088642927555,0.5345803401930466,0.5340612401163923,0.533551417179171,0.5330507264661979,0.5325590250077735,0.532076171756879,0.5316020275665257,0.5311364551672587,0.5306793191448183,0.530230485917963,0.529789823716455,0.5293572025592119,0.5289324942326263,0.5285155722690551,0.5281063119254826,0.5277045901623576,0.5273102856226055,0.526923278610821,0.5265434510726389,0.5261706865742876,0.5258048702823244,0.5254458889435574,0.5250936308651506,0.524747985894918,0.5244088454018049,0.5240761022565582,0.5237496508125876,0.5234293868870168,0.5231152077419269,0.522807012065791,0.522504699955104,0.5222081728962027,0.5219173337472814,0.5216320867206019,0.521352337364896,0.5210779925479634,0.520808960439464,0.5205451504939044,0.5202864734338187,0.5200328412331434,0.5197841671007858,0.5195403654643863,0.5193013519542738,0.5190670433876139,0.5188373577527485,0.5186122141937276,0.5183915329950322,0.5181752355664861,0.5179632444283588,0.517755483196655,0.5175518765685932,0.5173523503082708,0.5171568312325131,0.5169652471969097,0.5167775270820316,0.5165936007798324,0.5164133991802298,0.5162368541578664,0.51606389855905,0.5158944661888708,0.5157284917984933,0.5155659110726236,0.515406660617149,0.5152506779469493,0.5150979014738771,0.5149482704949071,0.5148017251804511,0.5146582065628387,0.5145176565249613,0.5143800177890765,0.5142452339057741,0.514113249243098,0.5139840089758267,0.5138574590749068,0.5137335462970393,0.5136122181744182,0.5134934230046156,0.5133771098406174,0.5132632284810006,0.5131517294602569,0.5130425640392565,0.5129356841958514,0.5128310426156182,0.5127285926827336,0.5126282884709864,0.5125300847349208,0.5124339369011092,0.5123398010595533,0.5122476339552117,0.512157392979651,0.5120690361628206,0.5119825221649456,0.5118978102685406,0.5118148603705389,0.5117336329745352,0.5116540891831433,0.5115761906904629,0.5114998997746563,0.5114251792906309,0.5113519926628294,0.5112803038781198,0.51121007747879,0.5111412785556407,0.5110738727411765,0.5110078262028928,0.5109431056366567,0.5108796782601821,0.5108175118065937,0.5107565745180815,0.5106968351396413,0.510638262912902,0.5105808275700371,0.510524499327758,0.5104692488813874,0.5104150473990142,0.5103618665157236,0.5103096783279046,0.5102584553876319,0.5102081706971205,0.5101587977032518,0.5101103102921707,0.5100626827839505,0.5100158899273253,0.5099699068944887,0.5099247092759566,0.5098802730754933,0.5098365747051005,0.5097935909800648,0.5097512991140675,0.5097096767143503,0.5096687017769393,0.5096283526819245,0.5095886081887935,0.5095494474318202,0.5095108499155048,0.5094727955100657,0.5094352644469826,0.5093982373145876,0.509361695053706,0.5093256189533447,0.5092899906464265,0.5092547921055706,0.5092200056389182,0.5091856138860021,0.5091515998136587,0.5091179467119841,0.5090846381903307,0.5090516581733447,0.5090189908970454,0.5089866209049414,0.508954533044189,0.5089227124617862,0.508891144600806,0.5088598151966656,0.5088287102734336,0.508797816140172,0.5087671193873144,0.5087366068830782,0.508706265769913,0.5086760834609815,0.508646047636675,0.508616146241161,0.5085863674789657,0.5085566998115864,0.5085271319541378,0.50849765287203,0.5084682517776761,0.5084389181272345,0.5084096416173776,0.5083804121820948,0.5083512199895244,0.5083220554388149,0.508292909157018,0.5082637719960089,0.5082346350294387,0.508205489549714,0.5081763270650071,0.5081471392962936,0.5081179181744206,0.5080886558372022,0.5080593446265441,0.5080299770855972,0.508000545955938,0.507971044174779,0.5079414648722061,0.5079118013684446,0.5078820471711525,0.5078521959727424,0.5078222416477314,0.5077921782501175,0.5077620000107859,0.5077317013349399,0.5077012767995627,0.5076707211509043,0.507640029301997,0.5076091963301986,0.507578217474762,0.5075470881344329,0.5075158038650752,0.5074843603773224,0.5074527535342573,0.5074209793491192,0.5073890339830367,0.5073569137427892,0.5073246150785948,0.5072921345819246,0.5072594689833448,0.5072266151503857,0.5071935700854368,0.5071603309236684,0.5071268949309817,0.5070932595019826,0.5070594221579845,0.5070253805450362,0.5069911324319757,0.5069566757085119,0.5069220083833291,0.506887128582222,0.5068520345462514,0.50681672462993,0.5067811972994306,0.5067454511308207,0.5067094848083226,0.506673297122598,0.5066368869690573,0.5066002533461935,0.5065633953539416,0.50652631219206,0.5064890031585378,0.5064514676480252,0.5064137051502868,0.506375715248679,0.5063374976186501,0.5062990520262627,0.506260378326739,0.5062214764630282,0.5061823464643953,0.5061429884450322,0.5061034026026895,0.5060635892173285,0.5060235486497958,0.5059832813405161,0.5059427878082055,0.5059020686486045,0.5058611245332311,0.5058199562081491,0.5057785644927603,0.5057369502786095,0.5056951145282098,0.5056530582738846,0.5056107826166262,0.5055682887249706,0.5055255778338885,0.5054826512436914,0.5054395103189526,0.505396156487444,0.5053525912390849,0.5053088161249067,0.5052648327560288,0.505220642802649,0.5051762479930443,0.5051316501125853,0.5050868510027612,0.5050418525602143,0.5049966567357879,0.5049512655335808,0.5049056810100132,0.5048599052729004,0.5048139404805363,0.5047677888407832,0.5047214526101705,0.5046749340929988,0.5046282356404517,0.5045813596497133,0.5045343085630913,0.5044870848671447,0.5044396910918164,0.5043921298095702,0.5043444036345301,0.5042965152216254,0.5042484672657356,0.5042002625008395,0.5041519036991657,0.504103393670344,0.5040547352605583,0.5040059313517004,0.5039569848605226,0.5039078987377923,0.5038586759674433,0.5038093195657278,0.5037598325803679,0.5037102180897021,0.5036604792018331,0.5036106190537714,0.503560640810576,0.5035105476644937,0.5034603428340924,0.5034100295633932,0.5033596111209969,0.5033090907992072,0.5032584719131489,0.5032077577998816,0.5031569518175086,0.5031060573442807,0.5030550777776938,0.5030040165335824,0.5029528770452066,0.5029016627623333,0.5028503771503114,0.5027990236891421,0.5027476058725407,0.502696127206995,0.5026445912108147,0.5025930014131774,0.5025413613531651,0.5024896745787968,0.5024379446460538,0.5023861751178984,0.502334369563287,0.5022825315561764,0.5022306646745246,0.5021787724992842,0.5021268586133926,0.5020749266007524,0.5020229800452104,0.5019710225295281,0.5019190576343481,0.5018670889371551,0.5018151200112327,0.5017631544246144,0.5017111957390312,0.5016592475088552,0.5016073132800377,0.5015553965890466,0.5015035009617979,0.5014516299125859,0.5013997869430106,0.5013479755409026,0.5012961991792465,0.5012444613151035,0.5011927653885315,0.5011411148215066,0.5010895130168435,0.5010379633571155,0.5009864692035779,0.5009350338950898,0.5008836607470392,0.5008323530502705,0.5007811140700149,0.5007299470448232,0.5006788551855037,0.5006278416740638,0.5005769096626566,0.5005260622725339,0.5004753025930049,0.5004246336804004,0.5003740585570466,0.5003235802102454,0.5002732015912631,0.5002229256143294,0.5001727551556444,0.5001226930523979,0.5000727421017981,0.5000229050601129,0.49997318464172325,0.49992358351818844,0.49987410431732665,0.49982474962230816,0.4997755219707638,0.49972642385390903,0.49967745771568345,0.4996286259519079,0.4995799309094576,0.49953137488545457,0.4994829601264772,0.4994346888277903,0.4993865631325933,0.499338585131291,0.49929075686078217,0.4992430803037734,0.49919555738811117,0.4991481899861404,0.49910097991408275,0.4990539289314413,0.4990070387404281,0.49896031098541754,0.49891374725242404,0.4988673490686067,0.49882111790179934,0.4987750551600683,0.49872916219129737,0.49868344028279965,0.49863789066095865,0.49859251449089786,0.49854731287617843,0.49850228685852793,0.498457437417597,0.4984127654707481,0.4983682718728727,0.49832395741624097,0.4982798228303816,0.4982358687819931,0.49819209587488733,0.4981485046499636,0.49810509558521615,0.49806186909577327,0.49801882553396826,0.49797596518944415,0.49793328828929007,0.4978907949982107,0.4978484854187288,0.49780635959141983,0.49776441749518135,0.49772265904753227,0.49768108410494794,0.49763969246322665,0.49759848385788874,0.49755745796460926,0.49751661439968237,0.4974759527205183,0.4974354724261735,0.49739517295791064,0.4973550536997932,0.4973151139793094,0.4972753530680285,0.4972357701822875,0.49719636448390936,0.4971571350809503,0.49711808102847843,0.4970792013293807,0.4970404949351998,0.4970019607469993,0.49696359761625714,0.4969254043457866,0.496887379690685,0.4968495223593082,0.49681183101427223,0.4967743042734791,0.4967369407111688,0.4966997388589947,0.4966626972071224,0.496625814205352,0.4965890882642631,0.49655251775637904,0.49651610101735505,0.49647983634718335,0.49644372201141945,0.49640775624242656,0.49637193724063616,0.49633626317582785,0.4963007321884226,0.4962653423907923,0.496230091868584,0.49619497868205603,0.49616000086742773,0.4961251564382395,0.4960904433867247,0.49605585968519,0.496021403287405,0.495987072129999,0.495952864133865,0.49591877720556904,0.49588480923876405,0.49585095811560814,0.495817221708185,0.49578359787992593,0.4957500844870328,0.49571667937990066,0.4956833804045388,0.49565018540398975,0.4956170922197444,0.49558409869315323,0.49555120266683106,0.49551840198605723,0.4954856945001654,0.4954530780639278,0.4954205505389284,0.4953881097949247,0.49535575371120005,0.49532348017790206,0.49529128709736714,0.49525917238543193,0.49522713397272744,0.4951951698059586,0.49516327784916464,0.49513145608496234,0.4950997025157695,0.4950680151650082,0.49503639207828704,0.49500483132456125,0.49497333099727053,0.4949418892154522,0.4949105041248308,0.4948791738988814,0.49484789673986795,0.49481667087985304,0.4947854945816821,0.49475436613993684,0.49472328388186143,0.4946922461682583,0.4946612513943525,0.49463029799062674,0.49459938442362245,0.49456850919671097,0.49453767085082967,0.49450686796518556,0.4944760991579249,0.4944453630867687,0.4944146584496119,0.4943839839850887,0.49435333847310153,0.49432272073531364,0.4942921296356054,0.49426156408049393,0.49423102301951494,0.4942005054455685,0.49417001039522557,0.4941395369489982,0.49410908423157096,0.4940786514119943,0.4940482377038395,0.49401784236531676,0.49398746469935256,0.4939571040536314,0.4939267598205969,0.4938964314374155,0.49386611838590305,0.49383582019241135,0.4938055364276786,0.49377526670664096,0.4937450106882071,0.4937147680749954,0.4936845386130341,0.4936543220914248,0.4936241183419695,0.4935939272387621,0.4935637486977432,0.49353358267622116,0.4935034291723574,0.4934732882246179,0.4934431599111904,0.49341304434936983,0.4933829416949091,0.49335285214133945,0.49332277591925855,0.4932927132955884,0.49326266457280266,0.4932326300881245,0.49320261021269657,0.49317260535072155,0.4931426159385772,0.4931126424439042,0.4930826853646674,0.49305274522819464,0.49302282259018954,0.4929929180337221,0.4929630321681975,0.4929331656283026,0.49290331907293305,0.49287349318410056,0.4928436886658219,0.4928139062429904,0.4927841466602301,0.4927544106807363,0.492724699085099,0.49269501267011545,0.492665352247588,0.4926357186431118,0.4926061126948516,0.4925765352523089,0.4925469871750815,0.4925174693316148,0.4924879825979473,0.4924585278564511,0.49242910599456763,0.49239971790354087,0.4923703644771482,0.4923410466104302,0.4923117651984206,0.4922825211348775,0.49225331531101607,0.4922241486142454,0.4921950219269085,0.4921659361250281,0.49213689207705863,0.49210789064264504,0.49207893267139013,0.4920500190016309,0.49202115045922523,0.49199232785634867,0.49196355199030484,0.49193482364234703,0.4919061435765149,0.49187751253848505,0.4918489312544373,0.49182040042993747,0.49179192074883715,0.49176349287219157,0.49173511743719606,0.4917067950561421,0.4916785263153937,0.49165031177438423,0.49162215196463527,0.4915940473887977,0.49156599851971533,0.4915380057995118,0.49151006963870303,0.49148219041533137,0.4914543684741275,0.49142660412569666,0.49139889764573047,0.49137124927424647,0.4913436592148529,0.4913161276340416,0.4912886546605082,0.4912612403844999,0.4912338848571912,0.4912065880900879,0.49117935005445995,0.49115217068080214,0.4911250498583238,0.4910979874344679,0.4910709832144579,0.4910440369608741,0.4910171483932598,0.49099031718775377,0.49096354297675443,0.4909368253486111,0.4909101638473438,0.49088355797239186,0.4908570071783908,0.4908305108749771,0.4908040684266203,0.4907776791524833,0.4907513423263093,0.4907250571763351,0.4906988228852319,0.49067263859007193,0.4906465033823193,0.4906204163078482,0.490594376366984,0.49056838251457013,0.4905424336600565,0.4905165286676141,0.49049066635626926,0.49046484550006225,0.4904390648282259,0.49041332302538565,0.49038761873177983,0.49036195054349946,0.49033631701274744,0.490310716648115,0.4902851479148769,0.4902596092353028,0.4902340989889858,0.49020861551318495,0.49018315710318466,0.4901577220126666,0.49013230845409583,0.49010691459911987,0.49008153857897935,0.49005617848492994,0.4900308323686758,0.4900054982428119,0.48998017408127653,0.4899548578198117,0.48992954735643224,0.4899042405519018,0.489878935230215,0.48985362917908665,0.48982832015044614,0.4898030058609355,0.4897776839924135,0.48975235219246244,0.48972700807489816,0.48970164922028253,0.48967627317643914,0.4896508774589698,0.4896254595517722,0.48960001690755933,0.4895745469483786,0.48954904706613167,0.4895235146230938,0.489497946952433,0.48947234135872814,0.4894466951184868,0.48942100548066164,0.48939526966716523,0.4893694848733841,0.4893436482686915,0.489317756996958,0.489291808177061,0.48926579890339333,0.48923972624636974,0.4892135872529326,0.48918737894705655,0.4891610983302519,0.48913474238206783,0.4891083080605954,0.4890817923029694,0.4890551920258719,0.48902850412603543,0.48900172548074794,0.4889748529483583,0.4889478833687848,0.4889208135640265,0.48889364033867605,0.4888663604804377,0.4888389707606496,0.48881146793480973,0.48878384874310976,0.4887561099109728,0.4887282481496002,0.4887002601565259,0.48867214261617875,0.48864389220045557,0.4886155055693032,0.4885869793713134,0.4885583102443287,0.48852949481606206,0.4885005297047306,0.4884714115197029,0.4884421368621645,0.48841270232579853,0.4883831044974847,0.48835333995801705,0.48832340528284135,0.48829329704281366,0.48826301180498044,0.48823254613338074,0.4882018965898733,0.4881710597349868,0.4881400321287976,0.4881088103318316,0.4880773909059962,0.48804577041553815,0.4880139454280327,0.4879819125154016,0.4879496682549621,0.4879172092305092,0.4878845320334287,0.4878516332638439,0.4878185095317981,0.4877851574584694,0.4877515736774227,0.48771775483589697,0.48768369759612945,0.48764939863671686,0.48761485465401444,0.4875800623635726,0.48754501850161214,0.48750971982653973,0.48747416312049907,0.4874383451909658,0.4874022628723776,0.48736591302780713,0.4873292925506725,0.4872923983664888,0.4872552274346581,0.4872177767502995,0.48718004334611753,0.48714202429431136,0.48710371670852015,0.48706511774580824,0.4870262246086876,0.4869870345471771,0.4869475448608989,0.48690775290121,0.48686765607336974,0.4868272518387398,0.4867865377170205,0.48674551128851584,0.4867041701964333,0.4866625121492107,0.48662053492287444,0.48657823636342384,0.48653561438924314,0.48649266699353716,0.4864493922467914,0.48640578829925324,0.48636185338343463,0.4863175858166318,0.4862729840034635,0.4862280464384231,0.4861827717084437,0.4861371584954762,0.48609120557907415,0.4860449118389881,0.48599827625776326,0.4859512979233412,0.4859039760316613,0.48585630988926154,0.4858082989158748,0.4857599426470189,0.48571124073657806,0.4856621929593734,0.48561279921371947,0.4855630595239648,0.48551297404301413,0.4854625430548285,0.4854117669769021,0.48536064636271276,0.48530918190414263,0.4852573744338672,0.48520522492770984,0.48515273450695934,0.485099904440647,0.48504673614778093,0.4849932311995357,0.48493939132139313,0.4848852183952321,0.48483071446136555,0.4847758817205204,0.48472072253575904,0.4846652394343387,0.4846094351095069,0.4845533124222301,0.48449687440285205,0.4844401242526809,0.4843830653455016,0.48432570122901014,0.48426803562616993,0.4842100724364843,0.4841518157371862,0.48409326978433986,0.48403443901385523,0.48397532804240867,0.483915941668273,0.4838562848720503,0.4837963628173081,0.4837361808511156,0.48367574450447914,0.48361505949267414,0.48355413171547207,0.48349296725726154,0.48343157238706036,0.48336995355841855,0.4833081174092104,0.48324607076131354,0.4831838206201746,0.4831213741742606,0.483058738794394,0.48299592203297054,0.4829329316230606,0.48286977547739085,0.4828064616872071,0.48274299852101843,0.48267939442321944,0.4826156580125931,0.48255179808069276,0.48248782359010245,0.4824237436725769,0.48235956762706006,0.48229530491758277,0.4822309651710407,0.48216655817485055,0.4821020938744878,0.4820375823709047,0.48197303391783014,0.4819084589189513,0.4818438679249788,0.48177927163059686,0.48171468087129665,0.4816501066200989,0.48158555998416236,0.48152105220128244,0.4814565946362804,0.4813921987772851,0.4813278762319092,0.4812636387233201,0.4811994980862111,0.4811354662626697,0.4810715552979506,0.48100777733615063,0.4809441446157918,0.48088066946531277,0.4808173642984713,0.4807542416096607,0.48069131396914383,0.4806285940182048,0.4805660944642233,0.48050382807567504,0.4804418076770572,0.48038004614374796,0.4803185563967969,0.480257351397655,0.4801964441428426,0.4801358476585627,0.48007557499525894,0.48001563922212587,0.4799560534215709,0.4798968306836338,0.4798379841003675,0.47977952676018076,0.4797214717421504,0.47966383211030383,0.4796066209078757,0.4795498511515437,0.4794935358256463,0.47943768787638597,0.4793823202060223,0.4793274456670574,0.4792730770564195,0.4792192271096464,0.4791659084950728,0.47911313380802767,0.4790609155650413,0.4790092661980694,0.47895819804873646,0.4789077233626015,0.47885785428345157,0.4788086028476244,0.4787599809783667,0.47871200048022955,0.47866467303350463,0.4786180101887059,0.4785720233611003,0.4785267238252896,0.4784821227098475,0.47843823099201693,0.4783950594924683,0.4783526188701238,0.47831091961705036,0.47826997205342536,0.47822978632257657,0.4781903723861012,0.47815174001906585,0.4781138988052912,0.4780768581327237,0.47804062718889756,0.4780052149564899,0.4779706302089709,0.4779368815063524,0.4779039771910381,0.47787192538377626,0.477840733979718,0.47781041064458396,0.47778096281094184,0.477752397674595,0.47772472219108686,0.4776979430723212,0.4776720667833005,0.47764709953898554,0.4776230473012759,0.4775999157761144,0.4775777104107171,0.47755643639092893,0.4775360986387083,0.4775167018097397,0.4774982502911778,0.4774807481995223,0.47746419937862533,0.47744860739783224,0.47743397555025663,0.4774203068511894,0.47740760403664484,0.47739586956204,0.47738510560101377,0.47737531404438005,0.477366496499218,0.47735865428810115,0.4773517884484614,0.4773458997320916,0.477340988604784,0.47733705524610626,0.477334099549313,0.47733212112139395,0.47733111928325683,0.477331093070046,0.4773320412315946,0.47733396223301017,0.4773368542553934,0.4773407151966882,0.47734554267266255,0.47735133401801877,0.47735808628763293,0.4773657962579204,0.4773744604283283,0.4773840750229526,0.4773946359922773,0.4774061390150362,0.4774185795001944,0.47743195258904747,0.47744625315743855,0.4774614758180896,0.4774776149230452,0.4774946645662283,0.4775126185861046,0.47753147056845435,0.4775512138492494,0.47757184151763243,0.47759334641899776,0.47761572115817086,0.4776389581026828,0.47766304938614107,0.4776879869116899,0.47771376235556107,0.47774036717071106,0.4777677925905434,0.47779602963271245,0.47782506910300615,0.4778549015993069,0.47788551751562586,0.47791690704620954,0.47794906018971506,0.47798196675345256,0.4780156163576908,0.4780499984400248,0.47808510225980155,0.47812091690260106,0.47815743128477217,0.4781946341580173,0.4782325141140255,0.4782710595891513,0.47831025886913414,0.4783501000938599,0.4783905712621571,0.47843166023662914,0.47847335474851654,0.47851564240258954,0.4785585106820657,0.4786019469535518,0.47864593847200687,0.4786904723857224,0.47873553574131916,0.47878111548875685,0.4788271984863542,0.47887377150581695,0.4789208212372716,0.47896833429430097,0.47901629721898215,0.4790646964869207,0.4791135185122807,0.47916274965280903,0.4792123762148491,0.4792623844583437,0.4793127606018248,0.4793634908273851,0.4794145612856342,0.47946595810063153,0.4795176673747986,0.47956967519380567,0.47962196763143145,0.47967453075439515,0.4797273506271556,0.4797804133166799,0.4798337048971758,0.4798872114547879,0.4799409190922562,0.4799948139335337,0.48004888212836244,0.48010310985680565,0.48015748333373565,0.4802119888132741,0.480266612593184,0.48032134101921176,0.48037616048937926,0.4804310574582212,0.4804860184409695,0.4805410300176827,0.48059607883731775,0.48065115162174415,0.48070623516969957,0.4807613163606851,0.4808163821587983,0.480871419616505,0.4809264158783479,0.48098135818458926,0.48103623387479055,0.4810910303913246,0.4811457352828211,0.4812003362075451,0.48125482093670635,0.4813091773577001,0.4813633934772778,0.48141745742464787,0.48147135745450514,0.48152508194998966,0.48157861942557256,0.4816319585298707,0.4816850880483874,0.4817379969061811,0.4817906741704604,0.48184310905310496,0.4818952909131126,0.4819472092589725,0.48199885375096374,0.48205021420337973,0.48210128058667734,0.482152043029552,0.48220249182093766,0.48225261741193226,0.48230241041764776,0.48235186161898674,0.482400961964343,0.48244970257122854,0.4824980747278255,0.4825460698944644,0.4825936797050281,0.4826408959682815,0.4826877106691283,0.4827341159697937,0.482780104210935,0.48282566791267795,0.48287079977558217,0.482915492681533,0.482959739694563,0.48300353406160096,0.4830468692131505,0.4830897387638984,0.48313213651325176,0.48317405644580763,0.48321549273175013,0.4832564397271826,0.4832968919743895,0.483336844202031,0.48337629132527027,0.4834152284458357,0.4834536508520148,0.48349155401858557,0.48352893360667987,0.48356578546358575,0.48360210562248407,0.48363789030212356,0.4836731359064323,0.48370783902406933,0.48374199642791316,0.48377560507449213,0.4838086621033539,0.48384116483637624,0.48387311077701983,0.48390449760952364,0.48393532319804333,0.48396558558573377,0.4839952829937759,0.4840244138203496,0.4840529766395526,0.48408097020026597,0.4841083934249675,0.48413524540849406,0.4841615254167525,0.48418723288538085,0.4842123674183608,0.4842369287865814,0.48426091692635503,0.4842843319378873,0.4843071740837005,0.4843294437870116,0.48435114163006737,0.48437226835243485,0.4843928248492492,0.4844128121694208,0.4844322315138004,0.4844510842333051,0.48446937182700434,0.4844870959401686,0.48450425836227945,0.48452086102500436,0.48453690600013494,0.4845523954974905,0.48456733186278883,0.4845817175754819,0.48459555524656145,0.48460884761633305,0.484621597552159,0.4846338080461725,0.4846454822129641,0.48465662328723963,0.4846672346214522,0.48467731968340816,0.4846868820538492,0.4846959254240101,0.48470445359315417,0.48471247046608634,0.4847199800506461,0.4847269864551803,0.48473349388599724,0.4847395066448027,0.4847450291261185,0.4847500658146869,0.4847546212828577,0.4847587001879632,0.4847623072696797,0.4847654473473761,0.4847681253174533,0.4847703461506717,0.4847721148894716,0.48477343664528366,0.4847743165958343,0.48477475998244385,0.48477477210732045,0.48477435833084936,0.4847735240688803,0.48477227479001195,0.48477061601287613,0.4847685533034221,0.4847660922722012,0.48476323857165543,0.48475999789340696,0.48475637596555365,0.48475237854996844,0.4847480114396066,0.4847432804558177,0.48473819144566843,0.4847327502792728,0.4847269628471338,0.48472083505749497,0.48471437283370544,0.4847075821115978,0.48470046883687956,0.4846930389625403,0.4846852984462751,0.4846772532479252,0.4846689093269356,0.4846602726398335,0.484651349137725,0.4846421447638141,0.48463266545094225,0.4846229171191528,0.48461290567327636,0.48460263700054335,0.48459211696822013,0.48458135142127345,0.4845703461800603,0.48455910703804783,0.48454763975956067,0.48453595007755923,0.4845240436914484,0.4845119262649179,0.4844996034238153,0.4844870807540511,0.4844743637995398,0.4844614580601741,0.4844483689898346,0.4844351019944378,0.48442166243001833,0.4844080556008512,0.484394286757611,0.48438036109557137,0.48436628375284335,0.4843520598086552,0.4843376942816721,0.48432319212835845,0.4843085582413827,0.4842937974480642,0.4842789145088644,0.48426391411592146,0.4842488008916297,0.48423357938726436,0.4842182540816515,0.484202829379884,0.4841873096120845,0.4841716990322144,0.48415600181693136,0.4841402220644929,0.48412436379371016,0.48410843094294753,0.4840924273691736,0.4840763568470588,0.4840602230681247,0.48404402963994,0.48402778008536934,0.48401147784186965,0.4839951262608378,0.48397872860700875,0.48396228805790353,0.4839458077033277,0.48392929054492073,0.48391273949575697,0.48389615737999514,0.4838795469325805,0.4838629107989972,0.4838462515350706,0.483829571606821,0.48381287339036766,0.4837961591718828,0.4837794311475961,0.4837626914238498,0.4837459420172026,0.48372918485458394,0.4837124217734968,0.48369565452227126,0.4836788847603651,0.4836621140587137,0.4836453439001277,0.483628575679739,0.4836118107054936,0.4835950501986908,0.48357829529457025,0.4835615470429435,0.4835448064088717,0.48352807427338856,0.48351135143426616,0.4834946386068267,0.4834779364247951,0.4834612454411958,0.48344456612929076,0.4834278988835585,0.4834112440207138,0.4833946017807669,0.48337797232812235,0.48336135575271466,0.48334475207118327,0.483328161228082,0.48331158309712613,0.48329501748247294,0.48327846412003733,0.48326192267883916,0.48324539276238443,0.48322887391007624,0.48321236559865705,0.48319586724367936,0.483179378201005,0.48316289776833243,0.48314642518674916,0.48312995964230926,0.48311350026763683,0.4830970461435501,0.48308059630070943,0.48306414972128503,0.4830477053406452,0.4830312620490626,0.48301481869343826,0.48299837407904245,0.4829819269712701,0.4829654760974107,0.48294902014843033,0.48293255778076694,0.48291608761813515,0.48289960825334,0.48288311825010005,0.48286661614487686,0.4828501004487103,0.4828335696490588,0.48281702221164263,0.48280045658228987,0.4827838711887836,0.48276726444270834,0.4827506347412961,0.4827339804692692,0.4827173000006807,0.48270059170074864,0.4826838539276853,0.48266708503452,0.4826502833709129,0.4826334472849596,0.482616575124986,0.4825996652413322,0.4825827159881224,0.4825657257250233,0.48254869281898627,0.48253161564597497,0.48251449259267704,0.4824973220581966,0.4824801024557301,0.4824628322142217,0.4824455097799992,0.4824281336183885,0.4824107022153058,0.48239321407882785,0.48237566774073753,0.4823580617580469,0.48234039471449225,0.48232266522200684,0.48230487192216415,0.48228701348759584,0.4822690886233813,0.48225109606840905,0.4822330345967084,0.4822149030187536,0.48219670018273597,0.4821784249758068,0.4821600763252895,0.48214165319985997,0.48212315461069577,0.4821045796125938,0.482085927305055,0.4820671968333376,0.4820483873894769,0.4820294982132729,0.48201052859324495,0.4819914778675529,0.48197234542488593,0.48195313070531753,0.4819338332011278,0.48191445245759273,0.4818949880737402,0.4818754397030725,0.48185580705425846,0.4818360898917896,0.4818162880366067,0.48179640136669266,0.4817764298176344,0.48175637338315214,0.4817362321155991,0.4817160061264287,0.48169569558663194,0.4816753007271452,0.48165482183922775,0.48163425927481024,0.4816136134468152,0.4815928848294488,0.4815720739584648,0.4815511814314026,0.481530207907798,0.48150915410936884,0.4814880208201745,0.48146680888675236,0.48144551921822887,0.481424152786409,0.48140271062584217,0.48138119383386657,0.4813596035706332,0.48133794105910865,0.4813162075850593,0.4812944044970151,0.4812725332062179,0.48125059518654967,0.48122859197444595,0.481206525168793,0.48118439643080946,0.4811622074839143,0.48113996011358173,0.48111765616718105,0.4810952975538075,0.4810728862440991,0.4810504242700449,0.48102791372478193,0.4810053567623835,0.48098275559763887,0.4809601125058254,0.48093742982247284,0.4809147099431218,0.4808919553230756,0.48086916847714706,0.48084635197940073,0.4808235084628907,0.4808006406193942,0.48077775119914357,0.4807548430105538,0.48073191891994854,0.48070898185128436,0.48068603478587396,0.4806630807621075,0.4806401228751739,0.4806171642767808,0.4805942081748765,0.4805712578333693,0.48054831657184927,0.4805253877653097,0.48050247484386915,0.4804795812924945,0.4804567106507252,0.4804338665123978,0.48041105252537125,0.48038827239125464,0.48036552986513337,0.4803428287552985,0.4803201729229748,0.4802975662820503,0.4802750127988056,0.48025251649164385,0.48023008143081913,0.48020771173816634,0.4801854115868277,0.48016318520098045,0.4801410368555607,0.4801189708759872,0.48009699163788083,0.48007510356678185,0.480053311137864,0.480031618875643,0.480010031353683,0.479988553194294,0.479967189068227,0.47994594369436033,0.4799248218393792,0.4799038283174478,0.47988296798987207,0.4798622457647538,0.47984166659663335,0.47982123548612304,0.47980095747952733,0.479780837668451,0.4797608811893945,0.47974109322333386,0.47972147899528755,0.4797020437738653,0.4796827928708014,0.47966373164047,0.47964486547938306,0.47962619982566695,0.47960774015852076,0.4795894919976529,0.4795714609026958,0.4795536524725974,0.47953607234499057,0.47951872619553637,0.4795016197372435,0.4794847587197604,0.4794681489286419,0.4794517961845873,0.4794357063426503,0.4794198852914199,0.47940433895217144,0.479389073277987,0.47937409425284433,0.47935940789067427,0.4793450202343852,0.4793309373548548,0.4793171653498875,0.47930371034313834,0.47929057848300105,0.47927777594146176,0.4792653089129164,0.47925318361295216,0.4792414062770928,0.4792299831595057,0.4792189205316736,0.4792082246810275,0.47919790190954226,0.4791879585322949,0.4791784008759836,0.4791692352774108,0.4791604680819253,0.47915210564182875,0.4791441543147429,0.47913662046193856,0.47912951044662727,0.47912283063221567,0.47911658738052065,0.47911078704994914,0.47910543599364064,0.4791005405575719,0.47909610707862765,0.4790921418826337,0.4790886512823562,0.47908564157546585,0.47908311904246836,0.4790810899446009,0.47907956052169764,0.47907853699002156,0.47907802554006634,0.47907803233432783,0.47907856350504635,0.4790796251519202,0.47908122333979225,0.47908336409631,0.4790860534095605,0.4790892972256811,0.4790931014464468,0.47909747192683616,0.47910241447257684,0.4791079348376711,0.47911403872190444,0.4791207317683358,0.4791280195607749,0.4791359076212436,0.4791444014074254,0.4791535063101051,0.47916322765059755,0.4791735706781697,0.4791845405674553,0.4791961424158655,0.4792083812409967,0.47922126197803555,0.4792347894771659,0.47924896850097654,0.4792638037218721,0.47927929971949074,0.4792954609781274,0.47931229188416646,0.4793297967235249,0.4793479796791071,0.4793668448282749,0.4793863961403323,0.4794066374740283,0.47942757257507873,0.47944920507371014,0.4794715384822251,0.47949457619259406,0.47951832147407186,0.479542777470844,0.47956794719970225,0.4795938335477521,0.4796204392701535,0.47964776698789785,0.4796758191856206,0.47970459820945344,0.4797341062649165,0.4797643454148533,0.47979531757740757,0.47982702452404774,0.47985946787763606,0.47989264911054824,0.47992656954284096,0.47996123034047283,0.4799966325135766,0.48003277691478785,0.48006966423762704,0.48010729501494126,0.48014566961740207,0.4801847882520663,0.480224650960995,0.4802652576199361,0.4803066079370716,0.4803487014518277,0.48039153753375247,0.4804351153814586,0.480479434021636,0.4805244923081327,0.48057028892110454,0.4806168223662372,0.4806640909740389,0.48071209289920525,0.4807608261200586,0.48081028843805934,0.4808604774773928,0.4809113906846312,0.48096302532847035,0.48101537849954346,0.4810684471103104,0.48112222789502446,0.4811767174097764,0.48123191203261556,0.48128780796374837,0.4813444012258158,0.4814016876642474,0.4814596629476948,0.4815183225685421,0.4815776618434944,0.4816376759142452,0.48169835974822,0.4817597081393987,0.48182171570921467,0.48188437690753094,0.4819476860136928,0.4820116371376574,0.48207622422119734,0.4821414410391814,0.48220728120092904,0.4822737381516385,0.48234080517388905,0.4824084753892157,0.4824767417597552,0.48254559708996436,0.48261503402840744,0.4826850450696133,0.4827556225560012,0.482826758679874,0.48289844548547706,0.48297067487112333,0.4830434385913825,0.48311672825933266,0.4831905353488744,0.48326485119710566,0.48333966700675507,0.48341497384867466,0.4834907626643884,0.4835670242686962,0.4836437493523327,0.48372092848467757,0.48379855211651734,0.4838766105828573,0.4839550941057806,0.4840339927973546,0.48411329666258207,0.4841929956023953,0.48427307941669284,0.48435353780741525,0.48443436038166043,0.48451553665483493,0.4845970560538406,0.4846789079202951,0.4847610815137827,0.48484356601513706,0.4849263505297498,0.4850094240909075,0.48509277566315195,0.4851763941456638,0.48526026837566705,0.4853443871318528,0.48542873913782025,0.48551331306553336,0.4855980975387919,0.485683081136713,0.485768252397224
17.25,1.0146687166001755,1.0293309655366356,1.04397951804022,1.0586078765724098,1.0732102397732608,1.0877814672183597,1.1023170442211505,1.1168130468858803,1.1312661075884536,1.1456733810372546,1.160032511043323,1.1743415981088359,1.1885991679245171,1.2028041408501198,1.2169558024374345,1.2310537750422768,1.2450979905598594,1.2590886643077879,1.2730262700716588,1.2869115163200495,1.300745323588496,1.314528803025889,1.3282632360911015,1.3419500553829846,1.3555908265827759,1.3691872314845293,1.3827410520861376,1.3962541557111683,1.4097284811297386,1.423166025644857,1.4365688331097182,1.4499389828402514,1.4632785793868088,1.4765897431282275,1.4898746016515165,1.503135281880417,1.516373902916293,1.5295925695551682,1.5427933664452746,1.5559783528500568,1.5691495579823302,1.5823089768760874,1.595458566763316,1.608600243924155,1.62173588097971,1.634867304597859,1.647996293583462,1.6611245773254555,1.6742538345744307,1.687385692525392,1.7005217261814642,1.7136634579754466,1.7268123576272287,1.7399698422161014,1.7531372764481459,1.7663159730998699,1.7795071936203193,1.7927121488748738,1.805932000014931,1.8191678594586085,1.8324207919685847,1.8456918158139892,1.8589819040041935,1.8722919855831461,1.885622946973708,1.8989756333621988,1.9123508501141102,1.9257493642126375,1.9391719057123524,1.952619169200986,1.9660918152628954,1.9795904719383752,1.9931157361734972,2.006668175255706,2.020248328230866,2.033856707297941,2.0474937991778965,2.0611600664538305,2.074855948879743,2.0885818646557013,2.1023382116674467,2.11612536868889,2.1299436965461616,2.1437935392421674,2.1576752250408697,2.171589067510704,2.1855353665268007,2.1995144092318246,2.2135264709554563,2.2275718160926896,2.2416506989412657,2.2557633644986765,2.269910049219314,2.2840909817324357,2.2983063835217106,2.3125564695671974,2.3268414489506615,2.3411615254252154,2.3555168979503196,2.369907761193209,2.384334305997867,2.3987967198226694,2.413295187147876,2.42782988985414,2.4424010075732143,2.4570087180120574,2.471653197251518,2.4863346200207865,2.5010531599487886,2.5158089897936837,2.5306022816516105,2.545433207145814,2.5603019375972633,2.575208644177831,2.590153498047095,2.6051366704737995,2.620158332942957,2.6352186572495797,2.650317815579969,2.6654559805814717,2.680633325421575,2.6958500238371808,2.711106250174872,2.7264021794229243,2.7417379872358296,2.7571138499520127,2.772529944605421,2.787986448931633,2.8034835413690686,2.8190214010559007,2.8346002078231822,2.8502201421847206,2.8658813853241565,2.8815841190797116,2.897328525927008,2.9131147889603644,2.928943091872911,2.944813618935876,2.9607265549773336,2.9766820853607125,2.9926803959633053,3.008721673155019,3.024806103777581,3.0409338751243804,3.057105174921113,3.0733201913073764,3.0895791128193424,3.105882128373604,3.122229427252301,3.138621199089582,3.155057633859461,3.1715389218651104,3.1880652537296106,3.2046368203881626,3.2212538130817707,3.237916423352357,3.254624843039305,3.271379264277361,3.2881798794958677,3.305026881419246,3.3219204630686683,3.338860817764833,3.35584813913175,3.3728826211014393,3.3899644579194437,3.4070938441510306,3.424270974687969,3.4414960447557688,3.4587692499212253,3.4760907861001598,3.493460849565196,3.5108796369534447,3.528347345273933,3.5458641719146375,3.56343031464897,3.581045971641537,3.598711341453051,3.6164266230442044,3.6341920157783436,3.6520077194228104,3.66987393414875,3.6877908605292524,3.7057586995356417,3.723777652531772,3.7418479212661424,3.7599697078616963,3.778143214803124,3.796368644921525,3.8146462013762608,3.8329760876338606,3.8513585074438113,3.869793664811092,3.8882817639653084,3.906823009326282,3.9254176054659506,3.9440657570664497,3.9627676688742492,3.9815235456502056,4.0003335921154095,4.019198012892715,4.0381170124438786,4.0570907950020905,4.076119564499886,4.095203524492335,4.114342878075379,4.133537827799269,4.152788575576982,4.172095322587588,4.191458269174454,4.210877614738263,4.230353557624768,4.24988629500725,4.269476022763614,4.289122935348126,4.308827225657718,4.3285890848928865,4.348408702413136,4.36828626558697,4.388221959636451,4.408215967476302,4.428268469547602,4.44837964364606,4.468549664744946,4.488778704812657,4.509066932625021,4.529414513572349,4.549821609461319,4.570288378311749,4.590814974148326,4.611401546787397,4.632048241618878,4.652755199383404,4.673522555944798,4.694350442058002,4.715238983132536,4.736188298991659,4.757198503627336,4.778269704951128,4.799402004541187,4.820595497385487,4.841850271621418,4.863166408271939,4.884543980978444,4.905983055730504,4.927483690592648,4.949045935428407,4.970669831621752,4.992355411796162,5.014102699531474,5.035911709078741,5.057782445073298,5.079714902246226,5.101709065134442,5.123764907789591,5.145882393486007,5.1680614744279225,5.190302091456146,5.212604173754445,5.234967638555859,5.257392390849139,5.279878323085581,5.302425314886441,5.325033232751192,5.347701929766819,5.370431245318417,5.393221004801283,5.416071019334762,5.43898108547804,5.461950984948157,5.484980484340412,5.508069334851422,5.531217272005049,5.5544240153813975,5.577689268349124,5.6010127178012565,5.624394033894753,5.647832869793989,5.671328861418398,5.6948816271944525,5.718490767812214,5.742155865986598,5.765876486223607,5.789652174591661,5.8134824584982585,5.837366846472101,5.8613048279508995,5.885295873074991,5.909339432486961,5.933434937137403,5.957581798096998,5.98177940637503,6.006027132744503,6.030324327573986,6.054670320666302,6.079064421104229,6.103505917103263,6.12799407587163,6.152528143477585,6.177107344724139,6.201730883031297,6.226397940325883,6.251107676939034,6.275859231511456,6.300651720906471,6.325484240130957,6.350355862264199,6.375265638394712,6.400212597565084,6.4251957467248575,6.4502140706914854,6.475266532119377,6.5003520714770655,6.525469607032458,6.550618034846244,6.575796228773381,6.601003040472699,6.626237299424584,6.651497812956729,6.676783366277907,6.702092722519758,6.727424622786519,6.752777786212686,6.778150910028522,6.803542669633389,6.828951718676815,6.854376689147251,6.879816191468427,6.905268814603271,6.930733126165248,6.9562076725371,6.981690978996864,7.007181549851078,7.032677868575085,7.058178397960357,7.083681580268677,7.1091858373931585,7.13468957102591,7.16019116283229,7.185688974631616,7.21118134858422,7.236666607384714,7.262143054461368,7.287608974181466,7.313062632062519,7.338502274989199,7.363926131435886,7.389332411694682,7.41471930810878,7.440084995311032,7.465427630467628,7.4907453535267035,7.516036287471793,7.541298538579964,7.5665301966845115,7.591729335442105,7.616894012604215,7.642022270292723,7.6671121352795835,7.692161619270391,7.71716871919175,7.742131417482303,7.767047682387308,7.791915468256639,7.816732715846085,7.841497352621814,7.86620729306795,7.8908604389970405,7.915454679863411,7.939987893079233,7.964457944333197,7.988862687911727,8.013199967022587,8.03746761412081,8.061663451236848,8.08578529030681,8.109830933504778,8.13379817357701,8.157684794178033,8.181488570208478,8.205207268154611,8.228838646429484,8.252380455715603,8.275830439309072,8.299186333465126,8.322445867744998,8.345606765364037,8.368666743541063,8.391623513848835,8.414474782565645,8.437218251027948,8.459851615983984,8.482372569948359,8.504778801557537,8.5270679959262,8.54923783500445,8.571285997935796,8.593210161415934,8.615008000052242,8.636677186724011,8.658215392943342,8.679620289216729,8.700889545407286,8.7220208310976,8.743011815953196,8.763860170086602,8.78456356442202,8.805119671060545,8.82552616364597,8.84578071773116,8.865881011144955,8.885824724359663,8.905609540859055,8.925233147506933,8.94469323491624,8.963987497818687,8.983113635434956,9.002069351845408,9.020852356361354,9.03946036389685,9.057891095341065,9.07614227793114,9.094211645625638,9.11209693947851,9.129795908013602,9.147306307599727,9.164625902826243,9.1817524668792,9.198683781917987,9.215417639452555,9.23195184072112,9.248284197068415,9.264412530324423,9.280334673183653,9.29604846958486,9.311551775091282,9.3268424572713,9.341918396079592,9.356777484238666,9.37141762762084,9.385836745630588,9.400032771587242,9.414003653108045,9.427747352491492,9.44126184710095,9.454545129748507,9.467595209079041,9.480410109954422,9.492987873837839,9.505326559178219,9.517424241794641,9.52927901526074,9.54088899128901,9.55225230011501,9.563367090881306,9.574231532021217,9.584843811642179,9.59520213790875,9.605304739425133,9.615149865617134,9.624735787113535,9.634060796126727,9.643123206832586,9.65192135574944,9.660453602116108,9.66871832826884,9.67671394001713,9.68443886701826,9.691891563150502,9.699070506884835,9.705974201655113,9.712601176226555,9.718949985062409,9.72501920868877,9.73080745405731,9.736313354905892,9.74153557211692,9.746472794073279,9.751123737011758,9.75548714537383,9.759561792153628,9.763346479243038,9.76684003777371,9.770041328455894,9.772949241913945,9.77556269901836,9.777880651214215,9.77990208084583,9.781626001477552,9.783051458210501,9.784177527995103,9.785003319939307,9.785527975612327,9.785750669343726,9.785670608517735,9.785287033862643,9.784599219735108,9.783606474399217,9.782308140300206,9.780703594332614,9.778792248102798,9.776573548185569,9.774046976374922,9.77121204992858,9.768068321806316,9.764615380901844,9.760852852268147,9.756780397336131,9.752397714126394,9.747704537454057,9.742700639126447,9.737385828133524,9.73175995083094,9.72582289111554,9.71957457059322,9.71301494873902,9.706144023049273,9.698961829185748,9.69146844111162,9.683663971219179,9.675548570449157,9.667122428401532,9.658385773437752,9.649338872774221,9.639982032566982,9.630315597987487,9.620339953289335,9.610055521865931,9.59946276629894,9.588562188397466,9.577354329227886,9.565839769134225,9.554019127749052,9.541893063994797,9.52946227607541,9.51672750145835,9.5036895168468,9.490349138142088,9.47670722039625,9.462764657754711,9.448522383389024,9.433981369419643,9.419142626828707,9.404007205362824,9.388576193425795,9.372850717961306,9.356831944325549,9.340521076149804,9.323919355192933,9.307028061183825,9.289848511653798,9.272382061758982,9.254630104092664,9.236594068487662,9.218275421808743,9.19967566773511,9.180796346533022,9.161639034818545,9.142205345310554,9.122496926573964,9.102515462753301,9.082262673296668,9.061740312670137,9.04095017006271,9.01989406908184,8.998573867439681,8.976991456630085,8.955148761596472,8.93304774039068,8.910690383822846,8.888078715102468,8.865214789470755,8.842100693824342,8.818738546330525,8.795130496034123,8.771278722456076,8.74718543518395,8.722852873454428,8.698283305727974,8.673479029255784,8.648442369639156,8.623175680381461,8.597681342432837,8.571961763727792,8.546019378715819,8.519856647885234,8.493476057280404,8.466880118012474,8.440071365763822,8.413052360286404,8.385825684894112,8.358393945949413,8.33075977234436,8.302925814976204,8.2748947462178,8.246669259382955,8.21825206818693,8.1896459062023,8.160853526310323,8.131877700148063,8.102721217551396,8.073386885994184,8.043877530023725,8.014195990692727,7.984345124988016,7.954327805256133,7.924146918626068,7.893805366429307,7.863306063617395,7.832651938177249,7.801845930544371,7.770890993014221,7.739790089151918,7.708546193200483,7.677162289487847,7.645641371832789,7.613986442950044,7.582200513854774,7.550286603266595,7.5182477370133665,7.486086947434968,7.453807272787222,7.421411756646194,7.388903447313064,7.356285397219764,7.323560662335569,7.290732301574857,7.257803376206213,7.224776949263078,7.1916560849561435,7.158443848087654,7.125143303467843,7.09175751533364,7.058289546769884,7.02474245913319,6.991119311478653,6.957423159989588,6.92365705741045,6.889824052483129,6.855927189386789,6.82196950718141,6.787954039255196,6.753883812776034,6.719761848147137,6.685591158467039,6.651374748994117,6.617115616615743,6.58281674932228,6.548481125686,6.514111714345126,6.479711473493103,6.445283350373238,6.4108302807788595,6.376355188559119,6.341860985130547,6.307350568994514,6.272826825260691,6.238292625176657,6.2037508256637395,6.16920426885921,6.134655781664948,6.1001081753026725,6.065564244875833,6.031026768938279,5.9964985090697684,5.96198220945845,5.927480596490356,5.892996378346036,5.858532244604371,5.824090865853673,5.78967489331013,5.755286958443665,5.720929672611274,5.686605626697923,5.652317390765023,5.618067513706589,5.583858522913085,5.549692923943041,5.515573200202469,5.4815018126321124,5.447481199402592,5.413513775617445,5.379601933024132,5.3457480397329995,5.311954439944243,5.278223453682893,5.244557376541824,5.210958479432825,5.177429008345716,5.143971184115539,5.1105872021978165,5.077279232451882,5.044049418932277,5.01089987968822,4.977832706571124,4.944849965050154,4.9119536940358355,4.879145905711648,4.846428585373635,4.813803691277969,4.781273154496469,4.748838878780026,4.716502740429922,4.6842665881769845,4.652132243068572,4.620101498363315,4.588176119433603,4.556357843675748,4.524648380427802,4.493049410894945,4.461562588082436,4.4301895367360355,4.398931853289856,4.367791105821595,4.336768834015069,4.305866549129998,4.2750857339789805,4.244427842911572,4.213894301805423,4.183486508064393,4.153205830623568,4.123053609961113,4.093031158116877,4.0631397587176785,4.033380667009197,4.0037551098943736,3.9742642859782555,3.9449093656191985,3.91569149098633,3.8866117761232064,3.857671307017554,3.828871141677032,3.800212310210901,3.7716958149175324,3.743322630377634,3.715093703553144,3.6870099538916494,3.659072273436275,3.631281526940926,3.603638551990792,3.5761441591280216,3.548799131982461,3.5216042274073645,3.494560175619976,3.467667680346882,3.44092741897404,3.4143400427013724,3.387906176701838,3.361626420284872,3.3355013470640937,3.309531505129186,3.283717417221835,3.258059580915643,3.232558468799893,3.2072145286670874,3.1820281837041344,3.156999832687098,3.132129850179405,3.1074185867333965,3.0828663690951466,3.058473500412417,3.0342402604456784,3.010166905782064,2.9862536700521916,2.962500764149715,2.938908376453543,2.9154766730525967,2.892205797973029,2.86909587340779,2.8461469999484503,2.823359256819188,2.800732702112834,2.7782673730288865,2.7559632861133974,2.733820437500631,2.7118388031564185,2.6900183391230876,2.6683589817659046,2.6468606480209154,2.625523235644106,2.604346623461786,2.583330671622119,2.5624752218476945,2.5417800976890663,2.521245104779167,2.5008700310885166,2.480654647181138,2.4605987064710955,2.4407019454795797,2.4209640840924482,2.401384825818157,2.381963858045986,2.362700852304495,2.3435954645201225,2.3246473352758685,2.3058560900699594,2.2872213395744523,2.2687426798936836,2.250419692822503,2.232251946104217,2.2142389936881774,2.1963803759869474,2.178675620132971,2.1611242402346944,2.143725737632061,2.1264796011513294,2.109385307359146,2.092442320815815,2.0756500943276994,2.0590080691987143,2.0425156754808307,2.026172332223553,2.009977447722309,1.9939304197657022,1.978030635881573,1.9622774735818147,1.9466703006059074,1.9312084751631071,1.9158913461732525,1.900718253506144,1.8856885282194455,1.8708014927950691,1.8560564613740056,1.8414527399895488,1.8269896267988863,1.812666412313011,1.7984823796249207,1.7844368046360668,1.7705289562810185,1.756758096750312,1.743123481711448,1.7296243605280084,1.7162599764768651,1.7030295669634468,1.6899323637350374,1.6769675930920873,1.664134476097498,1.6514322287838683,1.6388600623586738,1.6264171834073553,1.6141027940942985,1.601916092361687,1.5898562721262028,1.5779225234735605,1.566114032850861,1.5544299832567412,1.5428695544293154,1.5314319230318807,1.520116262836388,1.5089217449046566,1.4978475377673226,1.4868928076005161,1.4760567184002547,1.4653384321545393,1.4547371090131576,1.4442519074551776,1.4338819844541277,1.423626495640863,1.4134845954641102,1.4034554373486867,1.3935381738513948,1.3837319568145858,1.3740359375173963,1.3644492668246557,1.3549710953334644,1.3456005735174423,1.3363368518686574,1.3271790810372248,1.3181264119685934,1.3091779960385115,1.3003329851856864,1.2915905320421366,1.2829497900612445,1.2744099136435192,1.265970058260071,1.2576293805738104,1.249387038558375,1.2412421916148006,1.2331940006859363,1.225241628368623,1.2173842390236354,1.2096209988834106,1.201951076157564,1.1943736411362103,1.1868878662910978,1.1794929263745757,1.1721879985163974,1.1649722623183831,1.1578448999469488,1.1508050962235206,1.1438520387128444,1.1369849178092122,1.1302029268206117,1.1235052620508266,1.1168911228794893,1.1103597118401178,1.1039102346961396,1.0975419005149278,1.0912539217398662,1.0850455142604547,1.0789158974804816,1.07286429438427,1.0668899316010296,1.0609920394673193,1.0551698520876467,1.0494226073932222,1.043749547198884,1.0381499172582156,1.0326229673168754,1.0271679511641532,1.0217841266827803,1.016470755897006,1.0112271050189663,1.0060524444933558,1.000946049040436,0.9959071976973877,0.9909351738580322,0.9860292653109455,0.9811887642759779,0.9764129674392064,0.9717011759863364,0.9670526956345736,0.962466836662988,0.9579429139413886,0.9534802469577314,0.9490781598440792,0.9447359814011345,0.9404530451213672,0.9362286892107566,0.9320622566091661,0.9279530950093745,0.9239005568747853,0.919903999455829,0.9159627848050822,0.9120762797911262,0.9082438561111607,0.904464890302396,0.9007387637522424,0.8970648627073179,0.8934425782812941,0.8898713064615998,0.8863504481150027,0.8828794089920887,0.8794575997306592,0.876084435858065,0.8727593377924983,0.8694817308432595,0.8662510452100214,0.8630667159811063,0.8599281831308,0.8568348915157175,0.8537862908702413,0.8507818358010504,0.847820985780761,0.8449032051406934,0.8420279630627868,0.8391947335706819,0.8364029955199821,0.8336522325877215,0.8309419332610493,0.8282715908251536,0.8256407033504402,0.8230487736789825,0.8204953094102645,0.8179798228862296,0.815501831175654,0.8130608560578629,0.8106564240058047,0.8082880661684991,0.8059553183528797,0.8036577210050428,0.8013948191909206,0.7991661625763966,0.796971305406875,0.7948098064863238,0.7926812291558066,0.7905851412715151,0.7885211151823218,0.786488727706867,0.784487560110193,0.7825171980799425,0.7805772317021343,0.7786672554365344,0.7767868680916287,0.7749356727992233,0.773113276988674,0.7713192923607686,0.7695533348612692,0.7678150246541328,0.7661039860944194,0.7644198477009024,0.7627622421283967,0.7611308061398113,0.7595251805779479,0.7579450103370475,0.7563899443341064,0.7548596354799684,0.7533537406502064,0.7518719206558072,0.7504138402136683,0.7489791679169183,0.7475675762050757,0.7461787413340525,0.7448123433460173,0.743468066039125,0.7421455969371288,0.7408446272588789,0.7395648518877236,0.7383059693408186,0.7370676817383576,0.7358496947727322,0.7346517176776306,0.7334734631970855,0.7323146475544807,0.7311749904215228,0.7300542148871909,0.7289520474266704,0.7278682178702777,0.7268024593723905,0.7257545083803855,0.7247241046035939,0.7237109909822842,0.7227149136566771,0.7217356219360024,0.7207728682676036,0.7198264082061,0.7188960003826099,0.7179814064740437,0.7170823911724749,0.7161987221545923,0.7153301700512448,0.7144765084170775,0.7136375137002737,0.7128129652124033,0.7120026450983847,0.7112063383065664,0.7104238325589333,0.7096549183214423,0.7088993887744958,0.7081570397835523,0.7074276698698841,0.7067110801814848,0.7060070744641311,0.7053154590326026,0.7046360427420673,0.7039686369596306,0.7033130555360602,0.7026691147776816,0.7020366334184563,0.70141543259224,0.7008053358052269,0.7002061689085833,0.6996177600712752,0.6990399397530875,0.6984725406778449,0.6979153978068311,0.6973683483124119,0.696831231551866,0.6963038890414208,0.695786164430502,0.6952779034761934,0.6947789540179119,0.6942891659522984,0.6938083912083279,0.6933364837226381,0.6928732994150789,0.6924186961644857,0.6919725337846753,0.6915346740006664,0.6911049804251275,0.6906833185350495,0.6902695556486476,0.6898635609024903,0.6894652052288587,0.6890743613333329,0.6886909036726108,0.6883147084325553,0.6879456535064713,0.6875836184736159,0.6872284845779342,0.6868801347070308,0.6865384533713673,0.6862033266836917,0.6858746423386971,0.6855522895929087,0.6852361592448001,0.6849261436151381,0.6846221365275531,0.684324033289338,0.684031730672473,0.6837451268948729,0.6834641216018618,0.6831886158478675,0.6829185120783409,0.6826537141118934,0.6823941271226559,0.6821396576228554,0.6818902134456079,0.6816457037279275,0.6814060388939505,0.6811711306383709,0.6809408919100878,0.6807152368960615,0.680494081005379,0.6802773408535251,0.6800649342468569,0.679856780167284,0.679652798757147,0.6794529113042964,0.6792570402273688,0.6790651090612594,0.6788770424427866,0.6786927660965486,0.6785122068209715,0.678335292474542,0.6781619519622286,0.6779921152220848,0.6778257132120341,0.6776626778968347,0.6775029422352215,0.6773464401672236,0.6771931066016545,0.6770428774037739,0.6768956893831167,0.6767514802814919,0.6766101887611422,0.6764717543930693,0.6763361176455169,0.6762032198726131,0.6760730033031688,0.6759454110296279,0.6758203869971715,0.6756978759929699,0.6755778236355819,0.6754601763644991,0.675344881429833,0.6752318868821435,0.6751211415624047,0.6750125950921076,0.6749061978634978,0.6748019010299436,0.6746996564964362,0.6745994169102162,0.6745011356515274,0.6744047668244927,0.6743102652481135,0.6742175864473886,0.6741266866445496,0.6740375227504135,0.6739500523558488,0.6738642337233539,0.6737800257787434,0.673697388102946,0.6736162809239055,0.6735366651085876,0.67345850215509,0.6733817541848511,0.6733063839349598,0.6732323547505614,0.6731596305773594,0.6730881759542104,0.673017956005813,0.6729489364354847,0.6728810835180292,0.672814364092692,0.6727487455561987,0.6726841958558807,0.6726206834828814,0.672558177465445,0.6724966473622848,0.6724360632560289,0.6723763957467443,0.6723176159455359,0.6722596954682203,0.672202606429072,0.6721463214346417,0.672090813577645,0.672036056430921,0.6719820240414583,0.6719286909244887,0.6718760320576452,0.6718240228751878,0.6717726392622893,0.6717218575493873,0.6716716545065949,0.6716220073381748,0.671572893677071,0.6715242915794998,0.6714761795196005,0.6714285363841409,0.6713813414672798,0.6713345744653852,0.6712882154719079,0.671242244972307,0.6711966438390301,0.6711513933265452,0.6711064750664251,0.6710618710624818,0.6710175636859521,0.6709735356707328,0.6709297701086655,0.6708862504448684,0.670842960473119,0.6707998843312818,0.670757006496784,0.6707143117821385,0.6706717853305106,0.6706294126113342,0.6705871794159688,0.6705450718534042,0.6705030763460089,0.6704611796253218,0.6704193687278882,0.6703776309911383,0.6703359540493098,0.670294325829411,0.670252734547229,0.6702111687033772,0.6701696170793855,0.6701280687338323,0.670086512998517,0.6700449394746729,0.6700033380292216,0.6699616987910676,0.6699200121474326,0.6698782687402293,0.6698364594624758,0.6697945754547493,0.6697526081016777,0.6697105490284724,0.6696683900974975,0.6696261234048797,0.6695837412771557,0.6695412362679575,0.6694986011547363,0.6694558289355242,0.6694129128257335,0.6693698462549936,0.6693266228640246,0.669283236501549,0.6692396812212393,0.6691959512787039,0.6691520411285076,0.6691079454212292,0.6690636590005569,0.6690191769004163,0.668974494342138,0.6689296067316572,0.6688845096567516,0.6688391988843126,0.6687936703576516,0.6687479201938419,0.6687019446810941,0.6686557402761666,0.6686093036018091,0.6685626314442404,0.6685157207506593,0.668468568626789,0.6684211723344546,0.6683735292891924,0.6683256370578923,0.6682774933564725,0.6682290960475836,0.6681804431383486,0.6681315327781288,0.6680823632563239,0.6680329330002021,0.6679832405727588,0.6679332846706064,0.6678830641218918,0.6678325778842458,0.6677818250427578,0.6677308048079803,0.6676795165139612,0.6676279596163028,0.6675761336902486,0.667524038428795,0.6674716736408317,0.6674190392493048,0.6673661352894067,0.6673129619067903,0.6672595193558087,0.6672058079977751,0.6671518282992499,0.6670975808303484,0.6670430662630713,0.6669882853696576,0.6669332390209566,0.666877928184823,0.6668223539245317,0.6667665173972108,0.666710419852295,0.6666540626299982,0.6665974471598022,0.6665405749589647,0.6664834476310434,0.6664260668644363,0.666368434430939,0.6663105521843157,0.6662524220588855,0.6661940460681245,0.6661354263032785,0.6660765649319909,0.6660174641969432,0.6659581264145052,0.6658985539733998,0.6658387493333751,0.6657787150238902,0.6657184536428078,0.6656579678550975,0.6655972603915473,0.6655363340474837,0.6654751916814978,0.66541383621418,0.6653522706268608,0.665290497960356,0.6652285213137203,0.6651663438430027,0.6651039687600077,0.6650413993310613,0.6649786388757786,0.6649156907658358,0.6648525584237437,0.6647892453216243,0.6647257549799874,0.6646620909665104,0.6645982568948178,0.6645342564232595,0.6644700932536922,0.6644057711302586,0.6643412938381644,0.6642766652024577,0.6642118890868033,0.6641469693922577,0.6640819100560398,0.6640167150503017,0.6639513883808945,0.663885934086132,0.6638203562355515,0.6637546589286705,0.6636888462937406,0.6636229224864961,0.6635568916889002,0.6634907581078854,0.6634245259740913,0.6633581995405955,0.663291783081643,0.6632252808913685,0.6631586972825142,0.6630920365851444,0.6630253031453535,0.6629585013239706,0.6628916354952576,0.6628247100456048,0.662757729372219,0.6626906978818101,0.6626236199892698,0.6625565001163489,0.6624893426903276,0.6624221521426836,0.6623549329077555,0.6622876894214016,0.6622204261196566,0.6621531474373832,0.6620858578069226,0.6620185616567394,0.6619512634100672,0.6618839674835479,0.6618166782858736,0.661749400216423,0.6616821376638985,0.6616148950049616,0.6615476766028688,0.6614804868061062,0.661413329947025,0.6613462103404777,0.661279132282456,0.6612121000487294,0.6611451178934868,0.6610781900479812,0.6610113207191752,0.6609445140883946,0.6608777743099816,0.6608111055099566,0.6607445117846827,0.6606779971995392,0.660611565787598,0.6605452215483105,0.6604789684462014,0.6604128104095689,0.6603467513291985,0.6602807950570821,0.6602149454051501,0.6601492061440133,0.660083581001718,0.6600180736625126,0.6599526877656268,0.6598874269040658,0.6598222946234186,0.6597572944206813,0.6596924297430963,0.6596277039870077,0.6595631204967358,0.6594986825634673,0.6594343934241652,0.6593702562604989,0.6593062741977926,0.659242450303996,0.6591787875886758,0.6591152890020301,0.6590519574339243,0.658988795712952,0.658925806605519,0.6588629928149525,0.658800356980637,0.6587379016771736,0.6586756294135694,0.6586135426324523,0.6585516437093138,0.6584899349517819,0.6584284185989216,0.658367096820567,0.6583059717166823,0.6582450453167542,0.6581843195792164,0.6581237963909063,0.6580634775665523,0.6580033648482968,0.6579434599052514,0.6578837643330856,0.6578242796536511,0.6577650073146402,0.6577059486892795,0.6576471050760598,0.6575884776985009,0.6575300677049539,0.6574718761684394,0.6574139040865226,0.6573561523812265,0.6572986218989807,0.6572413134106103,0.6571842276113604,0.6571273651209597,0.6570707264837234,0.6570143121686911,0.6569581225698059,0.6569021580061323,0.6568464187221104,0.6567909048878489,0.6567356165994593,0.6566805538794254,0.6566257166770121,0.6565711048687138,0.6565167182587388,0.6564625565795338,0.6564086194923445,0.6563549065878151,0.6563014173866245,0.6562481513401592,0.6561951078312248,0.6561422861747912,0.6560896856187763,0.6560373053448656,0.6559851444693637,0.6559332020440859,0.6558814770572796,0.6558299684345825,0.6557786750400136,0.6557275956769959,0.6556767290894131,0.6556260739626966,0.6555756289249448,0.6555253925480722,0.6554753633489881,0.6554255397908048,0.6553759202840732,0.6553265031880474,0.6552772868119755,0.6552282694164155,0.6551794492145772,0.6551308243736885,0.6550823930163852,0.6550341532221223,0.654986103028609,0.6549382404332618,0.6548905633946794,0.6548430698341359,0.6547957576370912,0.6547486246547187,0.6547016687054491,0.6546548875765283,0.6546082790255897,0.6545618407822378,0.6545155705496454,0.65446946600616,0.6544235248069188,0.6543777445854744,0.6543321229554249,0.654286657512052,0.654241345833963,0.6541961854847367,0.6541511740145725,0.6541063089619398,0.6540615878552278,0.6540170082143962,0.6539725675526213,0.6539282633779401,0.6538840931948903,0.6538400545061436,0.653796144814134,0.6537523616226758,0.6537087024385747,0.6536651647732274,0.6536217461442106,0.6535784440768564,0.6535352561058146,0.6534921797766017,0.6534492126471299,0.6534063522892246,0.6533635962901186,0.6533209422539306,0.6532783878031209,0.6532359305799282,0.6531935682477822,0.6531512984926925,0.6531091190246155,0.6530670275787926,0.6530250219170647,0.6529830998291567,0.652941259133937,0.6528994976806447,0.6528578133500877,0.6528162040558113,0.6527746677452323,0.6527332024007421,0.6526918060407761,0.6526504767208496,0.6526092125345558,0.6525680116145327,0.6525268721333884,0.6524857923045944,0.652444770383337,0.6524038046673337,0.6523628934976076,0.6523220352592254,0.6522812283819934,0.6522404713411144,0.6521997626578019,0.6521591008998556,0.6521184846821936,0.652077912667342,0.6520373835658845,0.6519968961368674,0.6519564491881616,0.6519160415767844,0.6518756722091738,0.6518353400414229,0.6517950440794693,0.6517547833792415,0.6517145570467612,0.6516743642382025,0.6516342041599068,0.6515940760683556,0.6515539792700994,0.6515139131216414,0.6514738770292818,0.6514338704489168,0.6513938928857945,0.6513539438942314,0.6513140230772836,0.6512741300863784,0.6512342646209046,0.6511944264277604,0.6511546153008634,0.651114831080618,0.6510750736533454,0.6510353429506744,0.6509956389488931,0.6509559616682636,0.6509163111723003,0.6508766875670106,0.6508370910001003,0.6507975216601461,0.6507579797757299,0.650718465614544,0.6506789794824612,0.6506395217225734,0.6506000927142014,0.6505606928718713,0.6505213226442649,0.6504819825131406,0.6504426729922274,0.6504033946260922,0.6503641479889833,0.6503249336836474,0.6502857523401261,0.6502466046145282,0.6502074911877824,0.6501684127643682,0.6501293700710302,0.6500903638554729,0.6500513948850395,0.6500124639453748,0.6499735718390741,0.6499347193843189,0.6498959074134999,0.649857136771829,0.6498184083159421,0.6497797229124936,0.6497410814367418,0.649702484771129,0.6496639338038572,0.6496254294274589,0.649586972537364,0.6495485640304677,0.6495102048036959,0.6494718957525715,0.6494336377697837,0.6493954317437581,0.6493572785572336,0.6493191790858412,0.6492811341966929,0.6492431447469741,0.6492052115825483,0.6491673355365672,0.6491295174280957,0.6490917580607445,0.6490540582213191,0.6490164186784789,0.6489788401814139,0.6489413234585348,0.6489038692161807,0.6488664781373442,0.6488291508804149,0.6487918880779411,0.6487546903354126,0.6487175582300639,0.6486804923096996,0.6486434930915407,0.6486065610610959,0.6485696966710554,0.6485329003402095,0.6484961724523928,0.6484595133554538,0.6484229233602505,0.6483864027396733,0.6483499517276956,0.6483135705184511,0.6482772592653411,0.648241018080169,0.6482048470323047,0.6481687461478788,0.6481327154090054,0.6480967547530359,0.6480608640718433,0.6480250432111363,0.6479892919698045,0.6479536100992942,0.6479179973030156,0.6478824532357804,0.6478469775032707,0.6478115696615394,0.647776229216541,0.6477409556236933,0.647705748287471,0.6476706065610287,0.647635529745855,0.6476005170914577,0.6475655677950776,0.6475306810014344,0.6474958558024996,0.6474610912373007,0.647426386291754,0.6473917398985255,0.6473571509369201,0.6473226182327989,0.6472881405585242,0.6472537166329304,0.6472193451213221,0.6471850246354975,0.6471507537337984,0.6471165309211832,0.6470823546493266,0.6470482233167396,0.647014135268916,0.6469800887985001,0.6469460821454749,0.646912113497374,0.6468781809895122,0.6468442827052375,0.6468104166762008,0.6467765808826461,0.646742773253717,0.6467089916677818,0.6466752339527745,0.646641497886552,0.6466077811972674,0.6465740815637566,0.6465403966159401,0.6465067239352378,0.6464730610549965,0.6464394054609298,0.6464057545915696,0.646372105838728,0.64633845654797,0.6463048040190965,0.6462711455066358,0.6462374782203436,0.6462037993257128,0.646170105944489,0.6461363951551948,0.6461026639936601,0.6460689094535597,0.6460351284869559,0.6460013180048473,0.6459674748777237,0.6459335959361248,0.6458996779712037,0.6458657177352974,0.6458317119424978,0.64579765726923,0.6457635503548333,0.6457293878021468,0.6456951661780983,0.6456608820142972,0.6456265318076319,0.6455921120208701,0.6455576190832646,0.6455230493911617,0.6454883993086143,0.6454536651680008,0.6454188432706471,0.6453839298874536,0.6453489212595294,0.6453138135988297,0.6452786030888017,0.6452432858850348,0.6452078581159186,0.645172315883309,0.6451366552632011,0.6451008723064113,0.6450649630392679,0.6450289234643128,0.6449927495610112,0.644956437286475,0.6449199825761959,0.6448833813447921,0.6448466294867677,0.6448097228772868,0.6447726573729621,0.644735428812659,0.6446980330183164,0.6446604657957858,0.6446227229356871,0.6445848002142845,0.6445466933943838,0.644508398226248,0.6444699104485373,0.6444312257892718,0.644392339966816,0.6443532486908913,0.6443139476636117,0.6442744325805477,0.644234699131818,0.6441947430032079,0.6441545598773207,0.6441141454347561,0.6440734953553217,0.6440326053192776,0.6439914710086124,0.6439500881083537,0.6439084523079146,0.643866559302474,0.6438244047943951,0.6437819844946795,0.6437392941244604,0.6436963294165337,0.6436530861169282,0.6436095599865161,0.643565746802663,0.6435216423609199,0.6434772424767558,0.6434325429873311,0.6433875397533156,0.6433422286607468,0.6432966056229319,0.6432506665823912,0.6432044075128474,0.6431578244212552,0.6431109133498758,0.6430636703783933,0.6430160916260756,0.6429681732539767,0.6429199114671829,0.6428713025171002,0.6428223427037842,0.6427730283783121,0.6427233559451941,0.642673321864828,0.6426229226559897,0.6425721548983664,0.6425210152351258,0.6424695003755234,0.6424176070975464,0.6423653322505922,0.642312672758182,0.6422596256207066,0.6422061879182044,0.6421523568131703,0.6420981295533927,0.642043503474819,0.6419884760044459,0.6419330446632348,0.6418772070690507,0.6418209609396202,0.6417643040955086,0.6417072344631162,0.6416497500776877,0.6415918490863344,0.6415335297510687,0.6414747904518471,0.6414156296896181,0.641356046089376,0.641296038403216,0.641235605513388,0.6411747464353477,0.6411134603208031,0.6410517464607499,0.6409896042884999,0.6409270333826921,0.6408640334702903,0.6408006044295601,0.640736746293025,0.6406724592503971,0.6406077436514805,0.640542600009045,0.6404770290016657,0.6404110314765263,0.6403446084521839,0.640277761121291,0.6402104908532726,0.640142799196956,0.6400746878831469,0.6400061588271546,0.6399372141312579,0.6398678560871119,0.639798087178091,0.6397279100815664,0.6396573276711143,0.6395863430186515,0.6395149593964982,0.6394431802793595,0.6393710093462308,0.6392984504822147,0.6392255077802556,0.6391521855427829,0.6390784882832643,0.6390044207276628,0.638929987815798,0.6388551947026065,0.6387800467593024,0.6387045495744305,0.6386287089548142,0.6385525309263942,0.6384760217349549,0.6383991878467374,0.6383220359489369,0.6382445729500813,0.638166805980292,0.6380887423914204,0.6380103897570637,0.6379317558724525,0.6378528487542154,0.6377736766400113,0.6376942479880348,0.6376145714763904,0.6375346560023332,0.637454510681377,0.6373741448462681,0.6372935680458248,0.6372127900436386,0.6371318208166405,0.6370506705535302,0.6369693496530652,0.636887868722215,0.6368062385741747,0.6367244702262402,0.6366425748975458,0.636560564006663,0.6364784491690607,0.6363962421944275,0.6363139550838576,0.6362316000268982,0.6361491893984621,0.6360667357556039,0.6359842518341625,0.6359017505452695,0.6358192449717249,0.6357367483642438,0.6356542741375703,0.635571835866466,0.6354894472815706,0.6354071222651368,0.6353248748466441,0.6352427191982905,0.6351606696303639,0.6350787405864989,0.634996946638817,0.6349153024829558,0.6348338229329866,0.6347525229162271,0.6346714174679464,0.6345905217259713,0.6345098509251906,0.6344294203919655,0.6343492455384446,0.6342693418567917,0.634189724913324,0.6341104103425674,0.6340314138412331,0.6339527511621148,0.6338744381079152,0.633796490525,0.6337189242970881,0.6336417553388773,0.6335649995896128,0.6334886730065996,0.6334127915586643,0.6333373712195693,0.6332624279613842,0.6331879777478175,0.6331140365275135,0.6330406202273168,0.6329677447455108,0.6328954259450332,0.6328236796466722,0.6327525216222476,0.6326819675877825,0.6326120331966673,0.6325427340328234,0.6324740856038672,0.6324061033342812,0.6323388025585963,0.6322721985145882,0.6322063063364922,0.6321411410482426,0.6320767175567384,0.6320130506451417,0.6319501549662098,0.6318880450356693,0.631826735225633,0.6317662397580658,0.6317065726983006,0.6316477479486123,0.6315897792418511,0.6315326801351401,0.6314764640036387,0.6314211440343812,0.6313667332201874,0.6313132443536542,0.6312606900212292,0.6312090825973704,0.6311584342387969,0.6311087568788321,0.6310600622218424,0.6310123617377792,0.6309656666568203,0.6309199879641207,0.6308753363946716,0.6308317224282723,0.6307891562846166,0.6307476479185001,0.6307072070151452,0.6306678429856528,0.6306295649625784,0.6305923817956379,0.630556302047545,0.6305213339899806,0.6304874855996996,0.6304547645547756,0.630423178230983,0.6303927336983246,0.6303634377176995,0.630335296737718,0.630308316891664,0.6302825039946032,0.6302578635406441,0.630234400700349,0.6302121203182964,0.6301910269107979,0.6301711246637692,0.6301524174307571,0.6301349087311209,0.6301186017483718,0.6301034993286695,0.6300896039794767,0.6300769178683708,0.630065442822015,0.6300551803252877,0.6300461315205701,0.6300382972071924,0.6300316778410392,0.6300262735343122,0.6300220840554506,0.6300191088292095,0.6300173469368944,0.6300167971167527,0.6300174577645196,0.6300193269341188,0.6300224023385177,0.6300266813507336,0.6300321610049934,0.6300388379980414,0.6300467086905986,0.6300557691089661,0.6300660149467793,0.6300774415669024,0.630090044003469,0.630103816964062,0.6301187548320343,0.6301348516689668,0.6301521012172618,0.6301704969028714,0.6301900318381559,0.6302106988248731,0.6302324903572951,0.6302553986254493,0.6302794155184828,0.6303045326281475,0.6303307412524034,0.6303580323991361,0.6303863967899896,0.6304158248643078,0.6304463067831844,0.6304778324336182,0.6305103914327705,0.6305439731323224,0.6305785666229293,0.6306141607387692,0.6306507440621815,0.6306883049283964,0.6307268314303474,0.6307663114235661,0.6308067325311602,0.6308480821488632,0.6308903474501613,0.6309335153914885,0.6309775727174908,0.6310225059663536,0.6310683014751922,0.6311149453854981,0.6311624236486425,0.6312107220314322,0.6312598261217126,0.6313097213340189,0.6313603929152684,0.6314118259504948,0.6314640053686176,0.631516915948245,0.6315705423235103,0.6316248689899323,0.6316798803103034,0.6317355605205979,0.6317918937358987,0.631848863956342,0.6319064550730724,0.6319646508742085,0.632023435050817,0.6320827912028893,0.6321427028453204,0.6322031534138854,0.632264126271214,0.6323256047127548,0.6323875719727333,0.6324500112300947,0.6325129056144336,0.6325762382119064,0.6326399920711214,0.6327041502090088,0.6327686956166639,0.6328336112651638,0.6328988801113534,0.6329644851036003,0.633030409187513,0.6330966353116252,0.6331631464330382,0.633229925523024,0.6332969555725841,0.633364219597963,0.6334317006461154,0.6334993818001218,0.6335672461845545,0.6336352769707903,0.6337034573822669,0.6337717706996836,0.6338402002661431,0.6339087294922328,0.6339773418610448,0.6340460209331312,0.6341147503513964,0.6341835138459213,0.6342522952387192,0.6343210784484242,0.6343898474949085,0.6344585865038256,0.6345272797110842,0.6345959114672443,0.6346644662418394,0.6347329286276227,0.6348012833447343,0.6348695152447914,0.6349376093148975,0.6350055506815728,0.6350733246146021,0.6351409165308012,0.6352083119977008,0.635275496737146,0.6353424566288137,0.6354091777136425,0.6354756461971796,0.6355418484528409,0.6356077710250841,0.6356734006324976,0.6357387241707981,0.6358037287157459,0.6358684015259668,0.6359327300456903,0.6359967019073979,0.6360603049343815,0.6361235271432156,0.6361863567461388,0.6362487821533469,0.6363107919751975,0.6363723750243244,0.636433520317665,0.6364942170783959,0.636554454737783,0.6366142229369395,0.636673511528498,0.6367323105781924,0.6367906103663522,0.6368484013893094,0.6369056743607163,0.6369624202127768,0.6370186300973903,0.6370742953872089,0.6371294076766082,0.6371839587825717,0.63723794074549,0.6372913458298745,0.6373441665249862,0.6373963955453816,0.6374480258313732,0.6374990505494071,0.6375494630923597,0.6375992570797496,0.6376484263578701,0.637696964999841,0.6377448673055774,0.6377921278016838,0.6378387412412638,0.6378847026036559,0.6379300070940896,0.6379746501432657,0.6380186274068597,0.6380619347649509,0.6381045683213765,0.6381465244030113,0.638187799558976,0.6382283905597725,0.638268294396347,0.6383075082790857,0.6383460296367361,0.6383838561152653,0.6384209855766452,0.6384574160975743,0.6384931459681327,0.6385281736903703,0.6385624979768333,0.6385961177490255,0.6386290321358092,0.6386612404717423,0.6386927422953582,0.6387235373473832,0.6387536255688983,0.6387830070994409,0.6388116822750538,0.6388396516262749,0.6388669158760757,0.6388934759377454,0.6389193329127225,0.6389444880883763,0.6389689429357378,0.6389926991071818,0.6390157584340609,0.6390381229242935,0.6390597947599062,0.6390807762945301,0.6391010700508565,0.6391206787180475,0.6391396051491078,0.639157852358216,0.639175423518015,0.639192321956869,0.6392085511560803,0.6392241147470724,0.6392390165085396,0.6392532603635621,0.6392668503766912,0.6392797907510027,0.6392920858251223,0.6393037400702214,0.6393147580869877,0.6393251446025686,0.6393349044674924,0.6393440426525638,0.6393525642457396,0.6393604744489829,0.6393677785750982,0.6393744820445477,0.6393805903822516,0.6393861092143728,0.6393910442650865,0.639395401353337,0.6393991863895829,0.6394024053725325,0.6394050643858677,0.6394071695949634,0.6394087272435957,0.6394097436506483,0.6394102252068142,0.6394101783712927,0.6394096096684859,0.6394085256846965,0.6394069330648221,0.6394048385090569,0.6394022487695934,0.6393991706473302,0.6393956109885848,0.6393915766818153,0.6393870746543492,0.6393821118691221,0.639376695321428,0.6393708320356823,0.6393645290621967,0.6393577934739693,0.6393506323634924,0.6393430528395757,0.6393350620241881,0.639326667049319,0.6393178750538618,0.6393086931805179,0.6392991285727238,0.6392891883716036,0.639278879712947,0.6392682097242119,0.639257185521558,0.6392458142069064,0.6392341028650308,0.63922205856068,0.6392096883357316,0.6391969992063795,0.6391839981603563,0.63917069215419,0.6391570881104988,0.6391431929153213,0.6391290134154869,0.639114556416025,0.6390998286776153,0.6390848369140776,0.6390695877899061,0.6390540879178461,0.6390383438565154,0.6390223621080691,0.6390061491159127,0.6389897112624596,0.6389730548669382,0.6389561861832459,0.6389391113978534,0.638921836627758,0.6389043679184877,0.6388867112421575,0.6388688724955768,0.63885085749841,0.6388326719913898,0.6388143216345863,0.6387958120057281,0.6387771485985815,0.6387583368213816,0.6387393819953241,0.6387202893531103,0.6387010640375507,0.6386817111002268,0.6386622355002094,0.6386426421028362,0.6386229356785489,0.6386031209017884,0.6385832023499488,0.6385631845023935,0.6385430717395285,0.6385228683419377,0.6385025784895773,0.6384822062610325,0.6384617556328321,0.6384412304788271,0.638420634569626,0.6383999715720958,0.6383792450489196,0.6383584584582171,0.6383376151532261,0.6383167183820424,0.6382957712874237,0.6382747769066504,0.6382537381714493,0.6382326579079759,0.6382115388368563,0.6381903835732899,0.6381691946272097,0.638147974403502,0.638126725202286,0.6381054492192483,0.6380841485460387,0.6380628251707202,0.6380414809782777,0.6380201177511812,0.6379987371700061,0.637977340814108,0.637955930162351,0.6379345065938912,0.6379130713890131,0.637891625730017,0.6378701707021592,0.6378487072946438,0.6378272364016627,0.637805758823486,0.6377842752676022,0.6377627863499024,0.6377412925959154,0.6377197944420856,0.6376982922370963,0.6376767862432382,0.6376552766378187,0.6376337635146152,0.6376122468853669,0.6375907266813086,0.6375692027547413,0.637547674880641,0.6375261427583043,0.6375046060130288,0.6374830641978265,0.637461516795173,0.6374399632187855,0.6374184028154313,0.6373968348667686,0.6373752585912114,0.6373536731458234,0.6373320776282366,0.6373104710785942,0.637288852481516,0.6372672207680855,0.6372455748178572,0.6372239134608828,0.6372022354797545,0.6371805396116651,0.6371588245504818,0.6371370889488349,0.6371153314202176,0.6370935505410965,0.6370717448530324,0.6370499128648073,0.6370280530545609,0.6370061638719292,0.636984243740189,0.6369622910584055,0.6369403042035782,0.6369182815327913,0.6368962213853585,0.6368741220849672,0.6368519819418185,0.6368297992547616,0.6368075723134218,0.6367852994003204,0.6367629787929865,0.6367406087660568,0.6367181875933656,0.636695713550021,0.6366731849144674,0.636650599970534,0.6366279570094653,0.6366052543319359,0.6365824902500462,0.6365596630892991,0.636536771190556,0.6365138129119713,0.6364907866309045,0.6364676907458098,0.6364445236780998,0.6364212838739854,0.6363979698062893,0.6363745799762326,0.6363511129151935,0.6363275671864382,0.6363039413868224,0.6362802341484627,0.6362564441403784,0.6362325700701011,0.6362086106852541,0.6361845647750981,0.6361604311720452,0.6361362087531395,0.6361118964415037,0.6360874932077528,0.6360629980713723,0.6360384101020625,0.6360137284210471,0.6359889522023474,0.6359640806740212,0.635939113119365,0.6359140488780817,0.6358888873474126,0.6358636279832321,0.6358382703011087,0.6358128138773282,0.6357872583498828,0.6357616034194229,0.6357358488501745,0.6357099944708222,0.6356840401753538,0.6356579859238733,0.6356318317433776,0.6356055777284983,0.635579224042212,0.6355527709165127,0.6355262186530557,0.6354995676237644,0.6354728182714072,0.6354459711101416,0.6354190267260267,0.6353919857775048,0.6353648489958524,0.6353376171856018,0.6353102912249328,0.6352828720660357,0.6352553607354471,0.6352277583343565,0.6352000660388885,0.6351722851003557,0.6351444168454896,0.6351164626766439,0.6350884240719749,0.6350603025855985,0.6350320998477245,0.6350038175647683,0.6349754575194424,0.6349470215708258,0.6349185116544157,0.6348899297821576,0.6348612780424592,0.6348325586001855,0.6348037736966367,0.6347749256495103,0.6347460168528486,0.634717049776968,0.634688026968379,0.6346589510496875,0.6346298247194864,0.634600650752235,0.634571431998124,0.6345421713829323,0.634512871907872,0.634483536649422,0.6344541687591563,0.6344247714635581,0.6343953480638302,0.6343659019356934,0.63433643652918,0.6343069553684199,0.6342774620514181,0.6342479602498283,0.6342184537087184,0.6341889462463312,0.6341594417538389,0.6341299441950933,0.6341004576063703,0.6340709860961088,0.6340415338446457,0.6340121051039463,0.6339827041973292,0.6339533355191868,0.633924003534702,0.6338947127795598,0.6338654678596527,0.6338362734507842,0.6338071342983648,0.6337780552171036,0.633749041090695,0.6337200968714999,0.6336912275802191,0.6336624383055639,0.6336337342039168,0.6336051204989872,0.6335766024814593,0.6335481855086323,0.6335198750040525,0.633491676457136,0.6334635954227826,0.6334356375209811,0.6334078084364013,0.6333801139179782,0.6333525597784828,0.6333251518940805,0.6332978962038771,0.6332707987094521,0.6332438654743748,0.6332171026237088,0.6331905163434975,0.6331641128802354,0.6331378985403205,0.6331118796894885,0.6330860627522291,0.6330604542111808,0.6330350606065072,0.6330098885352485,0.6329849446506546,0.632960235661491,0.632935768331324,0.6329115494777791,0.6328875859717732,0.6328638847367218,0.632840452747718,0.6328172970306818,0.6327944246614832,0.6327718427650318,0.6327495585143398,0.6327275791295478,0.6327059118769246,0.6326845640678289,0.6326635430576396,0.6326428562446503,0.6326225110689299,0.6326025150111451,0.6325828755913486,0.632563600367728,0.6325446969353178,0.6325261729246726,0.6325080360005016,0.6324902938602631,0.6324729542327188,0.632456024876448,0.6324395135783212,0.6324234281519311,0.6324077764359838,0.6323925662926462,0.6323778056058521,0.6323635022795667,0.6323496642360069,0.6323362994138191,0.6323234157662161,0.6323110212590685,0.6322991238689547,0.6322877315811686,0.6322768523876828,0.6322664942850712,0.6322566652723877,0.6322473733490036,0.6322386265124036,0.6322304327559389,0.6322228000665404,0.6322157364223912,0.6322092497905585,0.6322033481245862,0.6321980393620484,0.6321933314220651,0.6321892322027793,0.6321857495787976,0.6321828913985961,0.6321806654818884,0.6321790796169621,0.6321781415579799,0.6321778590222491,0.6321782396874609,0.632179291188897,0.6321810211166097,0.6321834370125728,0.6321865463678061,0.6321903566194742,0.6321948751479631,0.6322001092739314,0.6322060662553426,0.6322127532844767,0.6322201774849234,0.6322283459085591,0.6322372655325083,0.6322469432560914,0.6322573858977618,0.6322686001920306,0.6322805927863843,0.6322933702381964,0.6323069390116313,0.6323213054745482,0.6323364758954011,0.6323524564401402,0.6323692531691159,0.6323868720339868,0.632405318874633,0.632424599416079,0.6324447192654242,0.6324656839087889,0.6324874987082694,0.6325101688989135,0.6325336995857114,0.6325580957406065,0.6325833621995288,0.6326095036594515,0.632636524675474,0.6326644296579321,0.6326932228695382,0.632722908422554,0.6327534902759955,0.6327849722328754,0.6328173579374824,0.6328506508727,0.6328848543573673,0.6329199715436834,0.6329560054146576,0.6329929587816052,0.6330308342816963,0.6330696343755501,0.6331093613448883,0.6331500172902379,0.6331916041286942,0.63323412359174,0.6332775772231254,0.6333219663768088,0.633367292214962,0.6334135557060394,0.6334607576229138,0.6335088985410797,0.633557978836928,0.6336079986860884,0.6336589580618474,0.6337108567336371,0.633763694265602,0.6338174700152392,0.6338721831321177,0.6339278325566761,0.6339844170191007,0.6340419350382825,0.6341003849208596,0.6341597647603382,0.6342200724363015,0.6342813056137002,0.6343434617422311,0.6344065380557993,0.63447053157207,0.6345354390921056,0.6346012572000935,0.6346679822631602,0.6347356104312759,0.634804137637249,0.6348735595968101,0.6349438718087865,0.6350150695553667,0.6350871479024568,0.6351601017001268,0.635233925583148,0.6353086139716215,0.635384161071698,0.635460560876387,0.6355378071664585,0.6356158935114331,0.6356948132706636,0.6357745595945061,0.6358551254255796,0.6359365035001151,0.6360186863493932,0.6361016663012687,0.6361854354817834,0.6362699858168639,0.6363553090341064,0.6364413966646457,0.636528240045109,0.6366158303196506,0.6367041584420724,0.6367932151780217,0.6368829911072719,0.6369734766260813,0.637064661949629,0.6371565371145285,0.6372490919814163,0.6373423162376143,0.6374361993998647,0.637530730817138,0.6376258996735082,0.637721694991099,0.6378181056330949,0.6379151203068193,0.638012727566875,0.638110915818349,0.6382096733200754,0.6383089881879578,0.6384088483983507,0.6385092417914932,0.6386101560749995,0.6387115788273983
17.75,1.025768596579719,1.0513847476398193,1.0768557821338791,1.1021881360498451,1.127387448960994,1.1524586533140513,1.17740605679513,1.2022334181150942,1.2269440165546375,1.2515407156059934,1.2760260210431218,1.30040213374563,1.3246709975939204,1.348834342744203,1.3728937245824557,1.3968505586463436,1.4207061517929374,1.4444617298792664,1.4681184622113672,1.491677483005933,1.5151399100970706,1.5385068611093276,1.5617794673064673,1.5849588853143068,1.6080463069047697,1.6310429670175062,1.653950150184709,1.6767691955145534,1.699501500378752,1.722148522939802,1.7447117836446553,1.7671928658022842,1.7895934153543855,1.8119151399399624,1.834159807346991,1.8563292434369378,1.8784253296208595,1.9004499999591768,1.9224052379510075,1.9442930730729542,1.9661155771217387,1.987874860409844,2.0095730678584123,2.0312123750271263,2.052794984116529,2.074323119974278,2.0957990261331725,2.1172249609053626,2.1386031935540584,2.15993600056113,2.1812256620062906,2.2024744580711517,2.2236846656792193,2.2448585552808042,2.265998387790046,2.2871064116794946,2.3081848602362456,2.3292359489821806,2.3502618732596945,2.3712648059831625,2.392246895555484,2.413210263948087,2.4341570049420858,2.4550891825276113,2.4760088294577245,2.4969179459528754,2.517818498551416,2.538712419101341,2.559601603888137,2.580487912893396,2.601373169178662,2.62225915838885,2.6431476283694866,2.6640402888919357,2.6849388114808037,2.705844829337688,2.726759937355492,2.7476856922175648,2.768623612576063,2.789575179303976,2.81054183581539,2.831524988448729,2.8525260069078247,2.87354622475583,2.8945869399571524,2.9156494154627675,2.9367348798344297,2.9578445279034993,2.9789795214602597,3.0001409899698284,3.0213300313109097,3.0425477125338434,3.063795070634584,3.0850731133414384,3.106382819911574,3.12772514193447,3.14910100413969,3.170511305206508,3.19195691857309,3.2134386932431083,3.23495745458783,3.2565140051418413,3.2781091253907766,3.2997435745495216,3.321418091329508,3.343133394693874,3.364890184599366,3.3866891427239896,3.4085309331795424,3.4304162032082677,3.4523455838629644,3.4743196906700087,3.496339124274817,3.518404471069388,3.540516303801625,3.5626751821662395,3.5848816533770895,3.607136252720898,3.629439504092338,3.6517919205105422,3.674194004617151,3.6966462491560574,3.7191491374350454,3.7417031437695853,3.7643087339090497,3.7869663654456893,3.8096764882066956,3.8324395446297506,3.855255970122435,3.8781261934059312,3.901050636843457,3.924029716753872,3.947063843710923,3.9701534228286146,3.99329885403315,4.016500532321973,4.03975884801035,4.063074186966022,4.0864469308323885,4.109877457240713,4.1333661400118356,4.156913349347862,4.18051945201431,4.204184811513151,4.2279097882472225,4.251694739676445,4.275540020466254,4.299445982628706,4.323412975656632,4.34744134665124,4.371531440443555,4.3956835997100585,4.419898165082872,4.444175475254829,4.4685158670797565,4.49291967566827,4.517387234479373,4.541918875408135,4.566514928869715,4.591175723879963,4.61590158813284,4.6406928480748535,4.6655498289767285,4.690472855002468,4.715462249275995,4.740518333945515,4.765641430245729,4.790831858558041,4.816089938468842,4.841415988825988,4.866810327793526,4.892273272904765,4.917805141113725,4.943406248845002,4.969076912042093,4.994817446214189,5.020628166481436,5.0465093876186735,5.072461424097606,5.098484590127405,5.124579199693707,5.150745566595918,5.176984004482826,5.203294826886409,5.229678347253791,5.256134878977259,5.282664735422241,5.309268229953166,5.335945675957081,5.36269738686495,5.389523676170474,5.416424857446365,5.443401244357898,5.47045315067365,5.4975808902732695,5.524784777152164,5.5520651254229305,5.579422249313408,5.606856463161223,5.634368081404602,5.66195741856958,5.689624789252932,5.7173705081011486,5.745194889785141,5.773098248970514,5.80108090028327,5.829143158270809,5.85728533735805,5.885507751798567,5.913810715620546,5.942194542567483,5.970659546033438,5.99920603899273,6.027834333923931,6.05654474272806,6.085337576640814,6.1142131461387486,6.143171760839281,6.172213729394412,6.201339359378047,6.230548957166858,6.2598428278145475,6.289221274919461,6.318684600485451,6.34823310477594,6.377867086161095,6.4075868409580625,6.437392663264225,6.467284844783412,6.497263674645056,6.527329439216231,6.557482421906605,6.58772290296622,6.618051159276173,6.648467464132152,6.678972087020848,6.7095652933892795,6.740247344407043,6.771018496721543,6.801879002206215,6.832829107701859,6.863869054751072,6.894999079325908,6.926219411548829,6.957530275407034,6.988931888460268,7.02042446154221,7.052008198455586,7.083683295661086,7.115449941960256,7.147308318172486,7.179258596806252,7.211300941724756,7.24343550780616,7.275662440598542,7.307981875969803,7.340393939752663,7.372898747384975,7.405496403545581,7.438187001785833,7.470970624157092,7.503847340834367,7.536817209736365,7.569880276142114,7.6030365723044975,7.636286117060852,7.669628915440954,7.70306495827259,7.736594221785023,7.770216667210561,7.803932240384556,7.8377408713440655,7.871642473925461,7.905636945361265,7.939724165876496,7.973903998284818,8.008176287584735,8.042540860556183,8.076997525357765,8.111546071124927,8.146186267569362,8.180917864579955,8.215740591825544,8.250654158359776,8.285658252228385,8.320752540079154,8.355936666774847,8.391210255009428,8.426572904927834,8.462024193749565,8.497563675396439,8.533190880124708,8.568905314161874,8.604706459348462,8.640593772784989,8.676566686484454,8.712624607030557,8.74876691524194,8.78499296584266,8.821302087139218,8.857693580704302,8.894166721067549,8.930720755413502,8.967354903287044,9.0040683563065,9.040860277884603,9.07772980295758,9.114676037722523,9.151698059383257,9.188794915904886,9.225965625777182,9.263209177787056,9.300524530800175,9.337910613551976,9.375366324448192,9.412890531375014,9.450482071519072,9.488139751197327,9.525862345696998,9.563648599125674,9.601497224271663,9.63940690247471,9.677376283507153,9.715403985465645,9.753488594673419,9.791628665593286,9.829822720751308,9.868069250671276,9.906366713819992,9.944713536563397,9.983108113133591,10.021548805606725,10.060033943891826,10.098561825730485,10.137130716707485,10.175738850272324,10.214384427771565,10.253065618492071,10.291780559715036,10.330527356780795,10.369304083164343,10.408108780561546,10.446939458985943,10.485794096876115,10.524670641213508,10.563567007650663,10.602481080649765,10.64141071363139,10.680353729133415,10.719307918979938,10.758271044460127,10.797240836516888,10.83621499594524,10.875191193600266,10.914167070614557,10.953140238624956,10.992108280008537,11.031068748127675,11.070019167584016,11.108957034481307,11.147879816696836,11.186784954161435,11.225669859147837,11.264531916567254,11.30336848427404,11.34217689337829,11.380954448566197,11.419698428428013,11.458406085793525,11.497074648074774,11.535701317615981,11.57428327205044,11.612817664664263,11.65130162476679,11.689732258067552,11.728106647059594,11.766421851409,11.804674908350501,11.842862833088983,11.880982619206753,11.919031239076402,11.957005644279144,11.994902766028442,12.032719515598808,12.07045278475962,12.108099446213833,12.145656354041376,12.183120344147223,12.220488234713859,12.257756826658117,12.294922904092214,12.331983234788838,12.368934570650229,12.405773648181032,12.442497188964905,12.479101900144698,12.515584474906131,12.551941592964805,12.588169921056531,12.624266113430773,12.660226812347187,12.696048648575095,12.73172824189584,12.767262201607933,12.802647127034865,12.837879608035548,12.872956225517267,12.907873551951093,12.942628151889652,12.977216582487209,13.011635394021964,13.04588113042054,13.079950329784552,13.113839524919229,13.147545243864002,13.181064010425041,13.214392344709664,13.247526763662565,13.280463781603821,13.31319991076864,13.34573166184881,13.378055544535757,13.41016806806527,13.442065741763754,13.473745075596055,13.505202580714753,13.536434770010974,13.56743815866661,13.598209264707961,13.62874460956076,13.659040718606576,13.689094121740505,13.7189013539302,13.748458955776167,13.777763474073332,13.80681146237379,13.835599481550828,13.864124100364059,13.892381896025764,13.920369454768329,13.948083372412816,13.97552025493858,14.002676719053964,14.029549392768,14.056134915963122,14.082429940968822,14.108431133136252,14.134135171413726,14.159538748923087,14.184638573536892,14.20943136845641,14.23391387279036,14.258082842134348,14.281935049150988,14.305467284150636,14.328676355672677,14.351559091067363,14.37411233707809,14.396332960424076,14.418217848383419,14.439763909376417,14.460968073549084,14.481827293356886,14.502338544148474,14.52249882474948,14.542305158046204,14.561754591569159,14.580844198076376,14.599571076136352,14.617932350710637,14.63592517373581,14.653546724704913,14.670794211248147,14.687664869712703,14.704155965741716,14.720264794852113,14.73598868301131,14.751324987212657,14.766271096049376,14.780824430287078,14.794982443434508,14.808742622312513,14.82210248762107,14.835059594504212,14.847611533112712,14.859755929164407,14.871490444501944,14.882812777647853,14.893720664356767,14.904211878164611,14.914284230934655,14.923935573400119,14.933163795703395,14.941966827931425,14.950342640647348,14.958289245417983,14.965804695337155,14.97288708554457,14.979534553740084,14.985745280693218,14.99151749074764,14.996849452320518,15.001739478396486,15.006185927016048,15.01018720175821,15.013741752217202,15.01684807447297,15.019504711555372,15.021710253901787,15.023463339807952,15.02476265587187,15.025606937430501,15.025994968989147,15.025925584643172,15.025397668492056,15.024410155045354,15.022962029620578,15.021052328732589,15.018680140474489,15.015844604889683,15.012544914334956,15.008780313834373,15.004550101423785,14.999853628485784,14.99469030007485,14.989059575232579,14.982960967292701,14.976394044175839,14.969358428673663,14.961853798722409,14.953879887665458,14.945436484504885,14.936523434141789,14.927140637605161,14.91728805226925,14.90696569205914,14.896173627644478,14.884911986621113,14.873180953680576,14.860980770767181,14.848311737222641,14.835174209918076,14.821568603373215,14.807495389862765,14.79295509950969,14.77794832036543,14.762475698476802,14.746537937939577,14.730135800938571,14.71327010777421,14.695941736875366,14.67815162479851,14.659900766213026,14.641190213872584,14.622021078572581,14.60239452909353,14.58231179213032,14.561774152207375,14.54078295157959,14.519339590119003,14.497445525187274,14.47510227149377,14.452311400939386,14.42907454244604,14.405393381771775,14.381269661311585,14.356705179883823,14.331701792502328,14.306261410134253,14.280385999443562,14.254077582520301,14.227338236595635,14.200170093742722,14.172575340563455,14.144556217861131,14.116115020299144,14.087254096045694,14.057975846404688,14.028282725432842,13.9981772395431,13.967661947094468,13.93673945796836,13.905412433131557,13.873683584185928,13.841555672904972,13.809031510757372,13.77611395841765,13.742805925264074,13.709110368863998,13.675030294446698,13.640568754363967,13.60572884753854,13.570513718900587,13.534926558812389,13.49897060248141,13.46264912936195,13.425965462545538,13.388922968140307,13.351525054639476,13.31377517227923,13.275676812386141,13.237233506714364,13.198448826772836,13.15932638314268,13.119869824785047,13.080082838339637,13.03996914741411,12.999532511864647,12.958776727067882,12.917705623184464,12.876323064414505,12.834632948245122,12.792639204690387,12.750345795523888,12.707756713504217,12.66487598159357,12.621707652169821,12.578255806232248,12.534524552601244,12.490518027112241,12.446240391804155,12.401695834102599,12.356888565998169,12.311822823220053,12.266502864405263,12.220932970263767,12.175117442739795,12.129060604169599,12.082766796435994,12.036240380119873,11.989485733649085,11.942507252444896,11.89530934806631,11.847896447352596,11.800272991564254,11.752443435522695,11.704412246748982,11.656183904601837,11.607762899415269,11.559153731636034,11.510360910961266,11.46138895547654,11.412242390794619,11.362925749195194,11.31344356876588,11.26380039254475,11.214000767664642,11.164049244499564,11.113950375813435,11.063708715911401,11.013328819794054,10.962815242314736,10.912172537340261,10.861405256915262,10.81051795043041,10.759515163794804,10.708401438612722,10.657181311365015,10.605859312595362,10.554439966101633,10.502927788132588,10.45132728659016,10.399642960237518,10.347879297913135,10.296040777751138,10.244131866408054,10.192157018296273,10.140120674824324,10.0880272636443,10.035881197906464,9.983686875521412,9.931448678429836,9.879170971880145,9.82685810371413,9.77451440366083,9.722144182638743,9.669751732066654,9.617341323183092,9.564917206374716,9.512483610513708,9.460044742304355,9.407604785638929,9.355167900963059,9.302738224650673,9.250319868388713,9.197916918571664,9.145533435706097,9.093173453825292,9.04084097991408,8.988539993343995,8.93627444531886,8.884048258330873,8.831865325627318,8.779729510687975,8.727644646713317,8.675614536123541,8.623642950068575,8.571733627949069,8.519890276948441,8.468116571576083,8.416416153221725,8.36479262972103,8.313249574932495,8.261790528325633,8.21041899458053,8.159138443198792,8.107952308125878,8.056863987384906,8.005876842721872,7.954994199262354,7.904219345179685,7.853555531374611,7.8030059711663995,7.752573839995459,7.702262275137394,7.652074375428524,7.602013201002819,7.552081773040295,7.502283073526724,7.452620045024772,7.4030955904564175,7.353712572896684,7.304473815378601,7.255382100709387,7.206440171297765,7.157650728992408,7.109016434931402,7.060539909402721,7.012223731715612,6.964070440082856,6.916082531513804,6.868262461718131,6.820612645020257,6.7731354542842945,6.725833220849523,6.678708234476212,6.6317627433018,6.584998953807263,6.538419030793631,6.49202509736852,6.445819234942601,6.39980348323592,6.353979840293916,6.308350262513084,6.262916664676156,6.217680919996676,6.17264486017287,6.127810275450708,6.083178914696013,6.038752485475528,5.994532654146802,5.950521045956774,5.90671924514895,5.863128795079025,5.819751198338834,5.776587916888504,5.733640372196679,5.690909945388681,5.6483979774024755,5.606105769152329,5.564034581699974,5.522185636433216,5.480560115251781,5.439159160760303,5.3979838764683095,5.357035326997055,5.316314538293071,5.275822497848293,5.235560154926613,5.195528420796737,5.155728168971189,5.116160235451316,5.076825418978173,5.037724481289124,4.998858147380032,4.9602271057728755,4.921832008788685,4.883673472825604,4.845752078641985,4.808068371644344,4.770622862180042,4.733416025834556,4.696448303733178,4.659720102847039,4.623231796303269,4.586983723699197,4.5509761914204105,4.515209472962574,4.4796838092568345,4.444399408998703,4.409356448980245,4.374555074425474,4.339995399328792,4.305677506796349,4.271601449390183,4.237767249475012,4.204174899567543,4.170824362688172,4.137715572714929,4.104848434739565,4.072222825425618,4.039838593368373,4.0076955594565415,3.9757935172355965,3.9441322332725637,3.9127114475222253,3.881530873694556,3.850590199623302,3.8198890876355818,3.7894271749223734,3.7592040739098054,3.7292193726311016,3.6994726350990987,3.6699634016791993,3.64069118946268,3.6116554926402107,3.582855782875508,3.554291509679015,3.525962100781482,3.497866962507375,3.4700054801479876,3.4423770183341755,3.414980921408612,3.387816513797458,3.3608831003813715,3.3341799668657544,3.3077063801501376,3.281461588696641,3.2554448228973945,3.2296552954408497,3.2040922016769016,3.178754719980721,3.1536420121152404,3.1287532235921973,3.1040874840316675,3.079643907520009,3.0554215929661455,3.031419624456119,3.007637071605837,2.984072989911952,2.960726421100803,2.937596393475353,2.914681922260068,2.891982009943667,2.869495646619677,2.8472218103247657,2.8251594673747515,2.8033075726982752,2.7816650701680556,2.760230892929687,2.7390039637279346,2.717983195230465,2.6971674903489777,2.676555742557691,2.656146836209128,2.635939646847179,2.6159330415173914,2.596125879074436,2.57651701048674,2.557105279138223,2.5378895211271275,2.5188685655618896,2.5000412348540277,2.4814063450080317,2.4629627059081978,2.4447091216024135,2.426644390582836,2.408767306063472,2.3910766562546084,2.373571224634093,2.35624979021543,2.339111127812691,2.3221540083022023,2.305377198881008,2.2887794633220953,2.2723595622263515,2.2561162532712666,2.24004829145635,2.224154429345258,2.2084334173046285,2.192884003739614,2.177504935326096,2.1622949572395966,2.1472528133808635,2.1323772465981388,2.117666998906103,2.103120811701498,2.088737425975425,2.0745155825223254,2.06045402214564,2.0465514858601535,2.0328067150910307,2.019218451869546,2.005785439025511,1.9925064203764167,1.9793801409132843,1.966405346983247,1.9535807864688612,1.9409052089641694,1.9283773659475067,1.915996010951094,1.903759899727394,1.891667790412272,1.879718443684965,1.8679106229248668,1.856243094365162,1.8447146272433097,1.8333239939483974,1.822069970165392,1.810951335016288,1.799966871198192,1.789115365118346,1.7783956070261189,1.7678063911419808,1.7573465157834856,1.7470147834882823,1.7368100011341705,1.7267309800562325,1.7167765361610545,1.7069454900380696,1.6972366670680357,1.6876488975286834,1.678181016697546,1.6688318649520089,1.659600287866591,1.6504851363074928,1.6414852665244313,1.6325995402397893,1.6238268247351069,1.6151659929349371,1.606615923488098,1.5981755008463407,1.5898436153404705,1.5816191632539378,1.5735010468939346,1.5654881746600184,1.557579461110294,1.5497738270251853,1.542070199468814,1.5344675118480262,1.526964703969088,1.519560722092079,1.512254518983015,1.5050450539637275,1.4979312929595265,1.490912208544682,1.4839867799857427,1.4771539932827327,1.470412841208245,1.463762323344468,1.4572014461181722,1.4507292228336794,1.444344673703858,1.4380468258791597,1.4318347134747318,1.4257073775956364,1.4196638663602028,1.4137032349215413,1.4078245454872502,1.4020268673373437,1.3963092768404273,1.3906708574681523,1.3851106998079772,1.3796279015742658,1.3742215676177447,1.3688908099333588,1.363634747666542,1.3584525071179416,1.353343221746615,1.348306032171733,1.3433400861728169,1.3384445386885324,1.333618551814076,1.3288612947971707,1.3241719440327102,1.3195496830560676,1.314993702535103,1.3105032002608958,1.3060773811372226,1.3017154571688159,1.2974166474484226,1.2931801781426933,1.2890052824769245,1.2848912007186821,1.280837180160333,1.2768424751005027,1.2729063468244957,1.269028063583693,1.2652069005739601,1.261442139913081,1.2577330706172527,1.2540789885766546,1.2504791965301245,1.246933004038962,1.2434397274598794,1.2399986899171318,1.2366092212738384,1.2332706581025297,1.229982343654933,1.2267436278310277,1.2235538671473813,1.2204124247048012,1.2173186701553145,1.2142719796685013,1.2112717358972007,1.208317327942614,1.205408151318821,1.2025436079167342,1.1997231059675093,1.196946060005433,1.1942118908303057,1.191520025469343,1.18886989713861,1.1862609452040116,1.1836926151418565,1.1811643584990141,1.1786756328526795,1.1762259017697694,1.173814634765964,1.1714413072644128,1.1691054005541226,1.1668064017480435,1.1645438037408713,1.1623171051665813,1.1601258103557126,1.1579694292924154,1.1558474775712793,1.1537594763539594,1.1517049523256133,1.1496834376511644,1.147694469931408,1.1457375921589739,1.143812352674159,1.1419183051206476,1.1400550084011252,1.138222026632812,1.1364189291029176,1.134645290224035,1.1329006894894904,1.1311847114286522,1.1294969455622232,1.127836986357518,1.1262044331837417,1.1245988902672857,1.1230199666470422,1.1214672761297593,1.1199404372454391,1.1184390732027953,1.1169628118447785,1.1155112856041762,1.1140841314593068,1.112680990889806,1.1113015098325236,1.1099453386375346,1.1086121320242786,1.1073015490378317,1.1060132530053217,1.104746911492495,1.1035021962604454,1.1022787832225054,1.101076352401317,1.0998945878860829,1.0987331777900107,1.097591814207949,1.096470193174232,1.0953680146207312,1.094284982335126,1.0932208039193962,1.092175190748543,1.0911478579295455,1.090138524260557,1.0891469121903454,1.0881727477779868,1.087215760652813,1.0862756839746182,1.085352254394132,1.0844452120137638,1.0835543003486123,1.0826792662877636,1.0818198600558595,1.0809758351749588,1.08014694842668,1.079332959814639,1.0785336325271808,1.0777487329004058,1.0769780303814989,1.076221297492357,1.0754783097935263,1.0747488458484409,1.0740326871879735,1.0733296182752952,1.072639426471049,1.0719619019988365,1.0712968379110182,1.070644030054833,1.0700032770388332,1.069374380199639,1.0687571435690109,1.0681513738412451,1.067556880340885,1.0669734749907571,1.0664009722803263,1.065839189234373,1.0652879453819912,1.0647470627259075,1.0642163657121209,1.0636956811998637,1.0631848384318818,1.0626836690050356,1.062192006841217,1.0617096881585864,1.0612365514431277,1.060772437420516,1.0603171890283036,1.0598706513884175,1.0594326717799702,1.0590030996123811,1.0585817863988083,1.0581685857298868,1.0577633532477755,1.057365946620507,1.0569762255166404,1.0565940515802155,1.056219288406008,1.0558518015150773,1.0554914583306136,1.0551381281540766,1.0547916821416243,1.0544519932808305,1.0541189363676895,1.0537923879839037,1.0534722264744527,1.0531583319254427,1.0528505861422308,1.052548872627824,1.0522530765615508,1.051963084778,1.0516787857462269,1.0514000695492225,1.0511268278636439,1.0508589539398032,1.050596342581911,1.0503388901285746,1.0500864944335415,1.049839054846697,1.0495964721952993,1.0493586487654603,1.0491254882838628,1.0488968958997158,1.0486727781669392,1.0484530430265817,1.048237599789465,1.0480263591190495,1.0478192330145266,1.0476161347941237,1.0474169790786303,1.0472216817751319,1.0470301600609584,1.0468423323678346,1.0466581183662393,1.046477438949963,1.0463002162208652,1.046126373473827,1.045955835181898,1.0457885269816294,1.0456243756585994,1.045463309133121,1.04530525644613,1.0451501477452556,1.044997914271065,1.044848488343482,1.044701803348379,1.044557793724335,1.0444163949495617,1.0442775435289902,1.0441411769815232,1.0440072338274422,1.0438756535759712,1.0437463767129946,1.0436193446889277,1.0434944999067328,1.043371785710084,1.0432511463716763,1.0431325270816767,1.043015873936312,1.0429011339265997,1.0427882549272085,1.0426771856854562,1.0425678758104364,1.0424602757622747,1.0423543368415136,1.0422500111786195,1.0421472517236148,1.0420460122358317,1.041946247273784,1.0418479121851558,1.0417509630969077,1.041655356905498,1.0415610512672109,1.0414680045886007,1.0413761760170424,1.04128552543139,1.04119601343274,1.0411076013353004,1.0410202511573596,1.0409339256123604,1.0408485881000695,1.0407642026978488,1.0406807341520217,1.040598147869335,1.0405164099085156,1.040435486971923,1.040355346397286,1.0402759561495394,1.040197284812743,1.0401193015820929,1.040041976256018,1.0399652792283642,1.0398891814806615,1.039813654574478,1.0397386706438547,1.039664202387823,1.0395902230630052,1.0395167064762914,1.0394436269775995,1.0393709594527136,1.0392986793161962,1.039226762504382,1.0391551854684462,1.0390839251675463,1.039012959062042,1.0389422651067854,1.0388718217444877,1.038801607899156,1.0387316029696043,1.038661786823032,1.0385921397886777,1.0385226426515402,1.0384532766461687,1.038384023450524,1.0383148651799043,1.0382457843809438,1.0381767640256736,1.038107787505653,1.0380388386261634,1.0379699016004715,1.0379009610441556,1.037832001969495,1.0377630097799289,1.0376939702645722,1.0376248695927996,1.0375556943088895,1.0374864313267325,1.0374170679246013,1.0373475917399784,1.0372779907644516,1.0372082533386628,1.037138368147322,1.0370683242142786,1.0369981108976531,1.0369277178850251,1.0368571351886835,1.0367863531409305,1.0367153623894458,1.0366441538927076,1.0365727189154677,1.0365010490242854,1.036429136083115,1.036356972248951,1.0362845499675242,1.0362118619690546,1.0361389012640578,1.036065661139206,1.0359921351532346,1.0359183171329118,1.0358442011690523,1.0357697816125833,1.035695053070664,1.0356200104028515,1.03554464871732,1.0354689633671266,1.0353929499465244,1.0353166042873279,1.0352399224553213,1.0351629007467171,1.035085535684657,1.0350078240157616,1.0349297627067249,1.0348513489409505,1.0347725801152337,1.0346934538364874,1.0346139679185071,1.0345341203787812,1.0344539094353402,1.034373333503648,1.0342923911935302,1.0342110813061458,1.0341294028309929,1.034047354942953,1.0339649369993755,1.0338821485371947,1.0337989892700838,1.033715459085643,1.0336315580426219,1.0335472863681765,1.0334626444551571,1.033377632859428,1.0332922522972177,1.033206503642502,1.0331203879244142,1.0330339063246838,1.0329470601751043,1.0328598509550277,1.0327722802888855,1.0326843499437341,1.0325960618268273,1.0325074179832106,1.0324184205933393,1.0323290719707194,1.032239374559571,1.0321493309325094,1.0320589437882497,1.03196821594933,1.0318771503598512,1.0317857500832357,1.0316940183000045,1.0316019583055682,1.0315095735080348,1.031416867426033,1.0313238436865455,1.0312305060227631,1.0311368582719418,1.0310429043732805,1.0309486483658041,1.0308540943862599,1.0307592466670221,1.0306641095340068,1.0305686874045936,1.0304729847855585,1.0303770062710085,1.0302807565403276,1.030184240356128,1.0300874625622034,1.029990428081491,1.0298931419140356,1.0297956091349576,1.0296978348924257,1.029599824405629,1.029501582962756,1.0294031159189707,1.0293044286943935,1.0292055267720803,1.0291064156960041,1.0290071010690374,1.0289075885509296,1.0288078838562909,1.028707992752569,1.028607921058029,1.0285076746397284,1.0284072594114941,1.0283066813318937,1.028205946402209,1.0281050606644015,1.0280040301990818,1.0279028611234724,1.027801559589368,1.0277001317810963,1.0275985839134725,1.0274969222297523,1.0273951529995835,1.0272932825169525,1.0271913170981308,1.0270892630796162,1.0269871268160746,1.0268849146782761,1.0267826330510321,1.026680288331129,1.02657788692526,1.0264754352479557,1.0263729397195143,1.0262704067639297,1.0261678428068197,1.0260652542733542,1.025962647586182,1.02586002916336,1.0257574054162835,1.0256547827476161,1.0255521675492223,1.0254495662001042,1.0253469850643364,1.025244430489011,1.0251419088021805,1.0250394263108087,1.0249369892987261,1.0248346040245906,1.0247322767198537,1.0246300135867368,1.0245278207962119,1.024425704485993,1.024323670758537,1.0242217256790507,1.0241198752735148,1.024018125526712,1.0239164823802749,1.0238149517307407,1.0237135394276229,1.0236122512714976,1.023511093012104,1.0234100703464628,1.0233091889170085,1.0232084543097455,1.0231078720524178,1.0230074476127018,1.0229071863964165,1.02280709374576,1.0227071749375638,1.0226074351815744,1.0225078796187554,1.0224085133196188,1.022309341282579,1.022210368432337,1.0221115996182883,1.0220130396129667,1.0219146931105088,1.0218165647251563,1.021718658989787,1.0216209803544807,1.0215235331851125,1.0214263217619877,1.0213293502785084,1.0212326228398745,1.021136143461825,1.021039916069414,1.0209439444958277,1.0208482324812387,1.0207527836717014,1.0206576016180893,1.0205626897750706,1.0204680515001314,1.0203736900526377,1.020279608592941,1.020185810181535,1.0200922977782483,1.0199990742414906,1.0199061423275415,1.0198135046898869,1.0197211638786048,1.0196291223397977,1.0195373824150746,1.0194459463410823,1.0193548162490862,1.019263994164603,1.0191734820070801,1.0190832815896322,1.0189933946188228,1.0189038226945026,1.018814567309697,1.018725629850549,1.0186370115963088,1.0185487137193847,1.0184607372854393,1.0183730832535427,1.0182857524763786,1.0181987457005033,1.0181120635666572,1.0180257066101306,1.0179396752611833,1.0178539698455153,1.0177685905847929,1.0176835375972266,1.0175988108982008,1.0175144104009581,1.0174303359173338,1.0173465871585459,1.0172631637360299,1.0171800651623333,1.0170972908520528,1.0170148401228294,1.016932712196387,1.0168509061996243,1.016769421165753,1.0166882560354873,1.0166074096582778,1.016526880793593,1.016446668112249,1.016366770197782,1.0162871855478661,1.0162079125757768,1.0161289496118941,1.0160502949052512,1.0159719466251211,1.015893902862646,1.0158161616325048,1.0157387208746178,1.0156615784558904,1.0155847321719917,1.0155081797491685,1.015431918846092,1.0153559470557396,1.0152802619073042,1.015204860868138,1.0151297413457225,1.0150549006896656,1.0149803361937286,1.014906045097874,1.0148320245903388,1.0147582718097319,1.0146847838471489,1.0146115577483088,1.0145385905157078,1.0144658791107897,1.0143934204561327,1.0143212114376483,1.0142492489067916,1.0141775296827862,1.0141060505548534,1.0140348082844521,1.013963799607524,1.0138930212367416,1.0138224698637637,1.0137521421614857,1.0136820347862963,1.0136121443803274,1.0135424675737044,1.0134730009867887,1.0134037412324148,1.0133346849181213,1.013265828648368,1.013197169026746,1.013128702658174,1.013060426151077,1.012992336119555,1.0129244291855293,1.012856701980873,1.012789151149518,1.0127217733495448,1.012654565255244,1.0125875235591566,1.0125206449740851,1.0124539262350796,1.0123873641013927,1.012320955358405,1.012254696819518,1.0121885853280155,1.0121226177588858,1.012056791020615,1.011991102056937,1.0119255478485487,1.0118601254147834,1.0117948318152463,1.011729664151404,1.011664619568135,1.011599695255233,1.0115348884488669,1.0114701964329944,1.0114056165407268,1.0113411461556483,1.0112767827130837,1.0112125237013174,1.0111483666627616,1.0110843091950739,1.0110203489522198,1.0109564836454847,1.0108927110444326,1.0108290289778077,1.0107654353343838,1.0107019280637572,1.0106385051770839,1.0105751647477594,1.010511904912044,1.0104487238696291,1.010385619884146,1.0103225912836182,1.0102596364608554,1.0101967538737877,1.010133942045745,1.0100711995656741,1.0100085250883013,1.0099459173342324,1.0098833750899991,1.0098208972080434,1.0097584826066455,1.009696130269795,1.0096338392470017,1.0095716086530513,1.009509437667704,1.0094473255353362,1.0093852715645248,1.0093232751275771,1.009261335660007,1.009199452659953,1.0091376256875448,1.0090758543642167,1.0090141383719662,1.008952477452564,1.0088908714067077,1.0088293200931324,1.008767823427664,1.0087063813822308,1.0086449939838218,1.008583661313402,1.0085223835047812,1.0084611607434364,1.0083999932652932,1.0083388813554628,1.008277825346939,1.0082168256192536,1.0081558825970933,1.0080949967488801,1.0080341685853142,1.0079733986578805,1.0079126875573234,1.0078520359120882,1.0077914443867286,1.0077309136802914,1.0076704445246636,1.007610037682899,1.007549693947517,1.0074894141387774,1.0074291991029316,1.0073690497104544,1.0073089668542545,1.0072489514478666,1.007189004423628,1.0071291267308398,1.0070693193339113,1.0070095832104982,1.0069499193496236,1.0068903287497932,1.0068308124171041,1.006771371363343,1.0067120066040847,1.0066527191567838,1.0065935100388663,1.0065343802658218,1.0064753308492946,1.0064163627951805,1.0063574771017259,1.0062986747576335,1.0062399567401747,1.0061813240133126,1.0061227775258297,1.006064318209473,1.00600594697711,1.005947664720896,1.005889472310461,1.0058313705911084,1.0057733603820378,1.0057154424745811,1.005657617630462,1.0055998865800766,1.0055422500207973,1.0054847086152987,1.00542726298991,1.0053699137329923,1.0053126613933443,1.0052555064786348,1.0051984494538635,1.0051414907398533,1.0050846307117725,1.0050278696976866,1.0049712079771465,1.004914645779806,1.004858183284074,1.0048018206158023,1.0047455578470075,1.0046893949946276,1.004633332019317,1.0045773688242758,1.0045215052541179,1.0044657410937754,1.0044100760674421,1.0043545098375541,1.0042990420038098,1.0042436721022276,1.0041883996042436,1.004133223915848,1.0040781443767604,1.004023160259645,1.0039682707693647,1.0039134750422747,1.003858772145555,1.0038041610765833,1.0037496407623447,1.003695210058883,1.0036408677507884,1.003586612550726,1.0035324430989998,1.003478357963157,1.0034243556376272,1.0033704345434031,1.003316593027753,1.0032628293639734,1.003209141751175,1.0031555283141058,1.0031019871030091,1.0030485160935134,1.0029951131865606,1.0029417762083626,1.0028885029103933,1.0028352909694134,1.0027821379875232,1.00272904149225,1.0026759989366625,1.0026230076995166,1.0025700650854286,1.0025171683250775,1.0024643145754346,1.0024115009200176,1.0023587243691745,1.002305981860389,1.0022532702586122,1.0022005863566197,1.0021479268753868,1.002095288464492,1.0020426677025391,1.0019900610976011,1.001937465087683,1.0018848760412091,1.0018322902575223,1.0017797039674083,1.0017271133336363,1.0016745144515138,1.0016219033494622,1.0015692759896075,1.0015166282683856,1.0014639560171652,1.0014112550028837,1.0013585209286995,1.0013057494346553,1.0012529360983606,1.001200076435681,1.001147165901447,1.0010941998901717,1.0010411737367821,1.000988082717365,1.0009349220499228,1.0008816868951431,1.000828372357181,1.0007749734844515,1.000721485270439,1.0006679026545127,1.0006142205227604,1.0005604337088325,1.0005065369947992,1.00045252511202,1.0003983927420295,1.0003441345174333,1.0002897450228223,1.0002352187956975,1.0001805503274124,1.0001257340641312,1.0000707644078008,1.0000156357171428,0.9999603423086603,0.9999048784576632,0.9998492383993134,0.9997934163296882,0.9997374064068643,0.9996812027520229,0.9996247994505761,0.9995681905533172,0.9995113700775942,0.9994543320085054,0.9993970703001248,0.9993395788767505,0.9992818516341823,0.9992238824410261,0.99916566514003,0.9991071935494487,0.9990484614644402,0.9989894626584964,0.9989301908849054,0.9988706398782492,0.9988108033559386,0.9987506750197823,0.9986902485575976,0.998629517644856,0.9985684759463732,0.9985071171180364,0.9984454348085773,0.9983834226613865,0.9983210743163711,0.998258383411861,0.998195343586559,0.9981319484815374,0.9980681917422857,0.9980040670208041,0.9979395679777489,0.9978746882846288,0.9978094216260497,0.9977437617020153,0.9976777022302789,0.9976112369487471,0.9975443596179419,0.9974770640235107,0.9974093439787983,0.9973411933274692,0.997272605946188,0.9972035757473553,0.9971340966818997,0.9970641627421257,0.9969937679646189,0.9969229064332075,0.9968515722819785,0.996779759698353,0.9967074629262139,0.996634676269092,0.9965613940934069,0.9964876108317594,0.9964133209862829,0.996338519132045,0.9962631999205014,0.9961873580830046,0.9961109884343602,0.9960340858764349,0.9959566454018126,0.9958786620974986,0.9958001311486692,0.9957210478424656,0.9956414075718337,0.9955612058394028,0.9954804382614042,0.9953991005716313,0.9953171886254326,0.9952346984037398,0.9951516260171298,0.9950679677099152,0.9949837198642641,0.9948988790043433,0.9948134418004861,0.9947274050733825,0.9946407657982835,0.9945535211092233,0.9944656683032539,0.994377204844689,0.9942881283693545,0.9941984366888436,0.9941081277947712,0.9940171998630281,0.9939256512580263,0.9938334805369397,0.9937406864539273,0.9936472679643459,0.99355322422894,0.9934585546180101,0.9933632587155552,0.9932673363233846,0.9931707874651972,0.9930736123906215,0.992975811579218,0.9928773857444321,0.9927783358375022,0.9926786630513149,0.9925783688242009,0.992477454843674,0.9923759230501048,0.9922737756403254,0.9921710150711636,0.9920676440628997,0.9919636656026453,0.9918590829476369,0.991753899628443,0.9916481194520778,0.9915417465050222,0.9914347851561439,0.9913272400595141,0.9912191161571191,0.9911104186814601,0.9910011531580387,0.9908913254077255,0.9907809415490052,0.9906700080000996,0.990558531480959,0.9904465190151244,0.9903339779314516,0.990220915865699,0.9901073407619723,0.9899932608740235,0.9898786847664045,0.9897636213154659,0.9896480797102063,0.9895320694529601,0.9894156003599305,0.9892986825615564,0.9891813265027187,0.9890635429427769,0.9889453429554376,0.9888267379284521,0.9887077395631414,0.9885883598737432,0.9884686111865866,0.9883485061390833,0.9882280576785425,0.988107279060802,0.9879861838486785,0.9878647859102314,0.9877430994168458,0.9876211388411241,0.9874989189545978,0.9873764548252468,0.9872537618148352,0.9871308555760557,0.9870077520494919,0.9868844674603857,0.9867610183152242,0.9866374213981338,0.9865136937670917,0.9863898527499485,0.9862659159402671,0.9861419011929766,0.9860178266198438,0.9858937105847602,0.9857695716988515,0.9856454288154066,0.9855213010246284,0.9853972076482107,0.985273168233739,0.985149202548923,0.9850253305756574,0.9849015725039165,0.9847779487254859,0.9846544798275292,0.9845311865860024,0.9844080899589039,0.98428521107938,0.9841625712486759,0.9840401919289423,0.9839180947359001,0.9837963014313655,0.9836748339156399,0.9835537142197688,0.9834329644976725,0.9833126070181555,0.983192664156795,0.9830731583877157,0.9829541122752531,0.9828355484655128,0.982717489677827,0.9825999586961157,0.9824829783601541,0.9823665715567552,0.9822507612108713,0.982135570276614,0.9820210217282076,0.9819071385508726,0.981793943731649,0.9816814602501618,0.9815697110693392,0.9814587191260806,0.9813485073218886,0.9812390985134635,0.98113051550327,0.9810227810300812,0.9809159177595024,0.9808099482744842,0.980704895065828,0.9806007805226908,0.9804976269230944,0.9803954564244443,0.9802942910540636,0.9801941526997506,0.9800950631003609,0.9799970438364226,0.9799001163207918,0.9798043017893476,0.9797096212917412,0.9796160956821957,0.9795237456103683,0.9794325915122786,0.9793426536013053,0.9792539518592632,0.9791665060275577,0.9790803355984303,0.978995459806293,0.9789118976191616,0.9788296677301911,0.9787487885493176,0.978669278195014,0.9785911544861603,0.9785144349340384,0.9784391367344505,0.9783652767599703,0.9782928715523294,0.9782219373149424,0.9781524899055783,0.9780845448291772,0.9780181172308211,0.9779532218888617,0.9778898732082061,0.9778280852137695,0.9777678715440914,0.9777092454451273,0.9776522197642106,0.9775968069441964,0.9775430190177827,0.9774908676020175,0.9774403638929918,0.9773915186607233,0.9773443422442304,0.9772988445468036,0.9772550350314722,0.97721292271667,0.9771725161721045,0.9771338235148286,0.9770968524055159,0.9770616100449476,0.9770281031707022,0.976996338054061,0.9769663204971196,0.9769380558301177,0.9769115489089765,0.9768868041130554,0.9768638253431211,0.9768426160195344,0.9768231790806511,0.9768055169814415,0.9767896316923262,0.9767755246982284,0.9767631969978425,0.9767526491031222,0.9767438810389806,0.97673689234321,0.9767316820666146,0.9767282487733591,0.9767265905415294,0.9767267049639088,0.976728589148962,0.9767322397220332,0.9767376528267511,0.9767448241266417,0.976753748806948,0.976764421576653,0.9767768366707053,0.9767909878524464,0.9768068684162367,0.9768244711902747,0.9768437885396147,0.9768648123693736,0.9768875341281286,0.9769119448115005,0.9769380349659221,0.9769657946925892,0.9769952136515859,0.9770262810661933,0.9770589857273628,0.9770933159983659,0.9771292598196064,0.9771668047135976,0.9772059377901,0.9772466457514152,0.9772889148978338,0.9773327311332314,0.9773780799708146,0.9774249465390054,0.9774733155874675,0.9775231714932684,0.9775744982671705,0.9776272795600521,0.9776814986694521,0.9777371385462342,0.9777941818013678,0.9778526107128215,0.9779124072325632,0.9779735529936668,0.9780360293175168,0.9780998172211105,0.9781648974244522,0.9782312503580343,0.978298856170403,0.9783676947358049,0.9784377456619057,0.9785089882975845,0.9785814017407936,0.9786549648464796,0.9787296562345682,0.9788054542979984,0.978882337210813,0.9789602829362911,0.9790392692351265,0.9791192736736432,0.9792002736320453,0.9792822463126987,0.9793651687484375,0.9794490178108942,0.9795337702188476,0.9796194025465863,0.9797058912322808,0.9797932125863654,0.9798813427999201,0.9799702579530543,0.9800599340232835,0.9801503468938993,0.9802414723623273,0.9803332861484687,0.9804257639030238,0.9805188812157907,0.980612613623941,0.9807069366202628,0.9808018256613722,0.9808972561758887,0.9809932035725699,0.9810896432484039,0.9811865505966565,0.9812839010148666,0.9813816699127936,0.9814798327203049,0.9815783648952098,0.9816772419310279,0.9817764393646983,0.9818759327842178,0.9819756978362135,0.9820757102334416,0.9821759457622113,0.9822763802897344,0.9823769897713913,0.9824777502579201,0.9825786379025175,0.9826796289678561,0.982780699833012,0.9828818270003015,0.9829829871020267,0.9830841569071254,0.9831853133277241,0.983286433425594,0.9833874944185053,0.9834884736864804,0.9835893487779442,0.9836900974157681,0.9837906975032086,0.9838911271297354,0.9839913645767541,0.9840913883232135,0.9841911770511047,0.9842907096508434,0.9843899652265402,0.9844889231011554,0.9845875628215353,0.9846858641633316,0.9847838071358038,0.984881371986501,0.9849785392058228,0.9850752895314617,0.9851716039527214,0.9852674637147142,0.985362850322436,0.9854577455447173,0.9855521314180513,0.9856459902502958,0.9857393046242543,0.9858320574011284,0.9859242317238485,0.9860158110202758,0.9861067790062823,0.9861971196887039,0.9862868173681663,0.986375856641789,0.9864642224057603,0.986551899857788,0.9866388744994261,0.9867251321382744,0.9868106588900537,0.9868954411805575,0.9869794657474771,0.9870627196421051,0.9871451902309132,0.9872268651970072,0.9873077325414606,0.987387780584523,0.9874669979667106,0.98754537364977,0.9876228969175285,0.9876995573766164,0.9877753449570772,0.9878502499128539,0.9879242628221596,0.9879973745877317,0.9880695764369677,0.9881408599219468,0.9882112169193358,0.988280639630183,0.9883491205795976,0.988416652616317,0.9884832289121644,0.988548842961396,0.9886134885799378,0.9886771599045172,0.9887398513916852,0.988801557816735,0.988862274272514,0.9889219961681337,0.9889807192275771,0.9890384394882057,0.9890951532991636,0.9891508573196882,0.989205548517319,0.9892592241660116,0.9893118818441594,0.9893635194325173,0.9894141351120382,0.9894637273616159,0.9895122949557379,0.9895598369620547,0.9896063527388563,0.9896518419324702,0.9896963044745714,0.9897397405794106,0.9897821507409655,0.9898235357300087,0.9898638965911,0.9899032346395026,0.9899415514580255,0.9899788488937925,0.9900151290549392,0.9900503943072407,0.9900846472706736,0.990117890815908,0.990150128060737,0.9901813623664426,0.9902115973341014,0.990240836800827,0.9902690848359598,0.9902963457371967,0.9903226240266655,0.9903479244469513,0.990372251957066,0.9903956117283739,0.990418009140465,0.9904394497769858,0.9904599394214246,0.9904794840528569,0.9904980898416457,0.9905157631451079,0.9905325105031438,0.9905483386338267,0.9905632544289658,0.9905772649496338,0.9905903774216663,0.9906025992311346,0.9906139379197906,0.9906244011804902,0.9906339968525929,0.9906427329173433,0.9906506174932314,0.9906576588313402,0.9906638653106755,0.9906692454334861,0.9906738078205701,0.9906775612065747,0.9906805144352883,0.9906826764549268,0.9906840563134188,0.9906846631536862,0.9906845062089275,0.9906835947979034,0.9906819383202259,0.9906795462516533,0.9906764281393939,0.9906725935974194,0.9906680523017883,0.9906628139859849,0.9906568884362726,0.9906502854870637,0.9906430150163088,0.990635086940907,0.9906265112121367,0.9906172978111139,0.9906074567442734,0.9905969980388785,0.9905859317385618,0.9905742678988954,0.9905620165829929,0.9905491878571498,0.9905357917865162,0.9905218384308098,0.9905073378400674,0.9904923000504375,0.9904767350800163,0.9904606529247277,0.9904440635542492,0.9904269769079853,0.9904094028910894,0.9903913513705377,0.990372832171253,0.9903538550722842,0.990334429803038,0.9903145660395699,0.9902942734009292,0.9902735614455682,0.990252439667806,0.9902309174943572,0.990209004280924,0.9901867093088507,0.9901640417818439,0.9901410108227611,0.9901176254704643,0.9900938946767442,0.990069827303315,0.9900454321188782,0.990020717796259,0.9899956929096185,0.9899703659317353,0.9899447452313658,0.9899188390706789,0.9898926556027673,0.9898662028692359,0.9898394887978711,0.9898125212003845,0.9897853077702415,0.989757856080567,0.989730173582132,0.9897022676014258,0.9896741453388045,0.989645813866727,0.9896172801280725,0.9895885509345418,0.9895596329651413,0.9895305327647549,0.9895012567427959,0.9894718111719485,0.9894422021869906,0.9894124357837049,0.9893825178178733,0.98935245400436,0.9893222499162748,0.989291910984229,0.9892614424956712,0.989230849594312,0.9892001372796321,0.9891693104064782,0.9891383736847414,0.9891073316791212,0.9890761888089749,0.9890449493482504,0.9890136174255034,0.9889821970239963,0.9889506919818827,0.988919105992472,0.9888874426045773,0.9888557052229432,0.9888238971087552,0.9887920213802283,0.988760081013276,0.9887280788422559,0.988696017560794,0.9886638997226856,0.9886317277428717,0.9885995038984903,0.9885672303300024,0.9885349090423886,0.9885025419064217,0.9884701306600049,0.9884376769095832,0.9884051821316222,0.9883726476741544,0.9883400747583898,0.9883074644803935,0.9882748178128249,0.9882421356067409,0.9882094185934568,0.9881766673864698,0.9881438824834368,0.9881110642682122,0.9880782130129367,0.9880453288801829,0.98801241192515,0.9879794620979104,0.9879464792457037,0.9879134631152774,0.9878804133552752,0.9878473295186649,0.9878142110652122,0.9877810573639924,0.9877478676959405,0.987714641256439,0.9876813771579402,0.987648074432622,0.9876147320350736,0.9875813488450128,0.9875479236700302,0.9875144552483588,0.9874809422516688,0.9874473832878836,0.9874137769040179,0.9873801215890313,0.9873464157767038,0.9873126578485211,0.9872788461365757,0.9872449789264793,0.987211054460285,0.9871770709394145,0.9871430265275959,0.9871089193538001,0.9870747475151854,0.9870405090800369,0.9870062020907099,0.9869718245665657,0.9869373745069072,0.9869028498939038,0.9868682486955126,0.9868335688683857,0.9867988083607697,0.9867639651153901,0.9867290370723224,0.9866940221718454,0.9866589183572806,0.9866237235778069,0.9865884357912602,0.9865530529669082,0.9865175730882022,0.9864819941555035,0.9864463141887858,0.9864105312303083,0.9863746433472603,0.986338648634378,0.9863025452165273,0.9862663312512564,0.9862300049313145,0.9861935644871378,0.9861570081892972,0.9861203343509122,0.9860835413300268,0.9860466275319475,0.9860095914115427,0.9859724314755018,0.9859351462845546,0.9858977344556499,0.9858601946640907,0.9858225256456302,0.9857847261985214,0.9857467951855275,0.9857087315358839,0.9856705342472192,0.985632202387433,0.9855937350965237,0.9855551315883767,0.9855163911525044,0.9854775131557413,0.9854384970438944,0.9853993423433465,0.9853600486626148,0.9853206156938648,0.9852810432143768,0.9852413310879675,0.9852014792663675,0.9851614877905515,0.9851213567920262,0.9850810864940713,0.9850406772129379,0.9850001293590005,0.9849594434378686,0.9849186200514529,0.9848776598989893,0.9848365637780208,0.9847953325853362,0.9847539673178711,0.984712469073564,0.9846708390521746,0.9846290785560624,0.9845871889909267,0.9845451718665068,0.9845030287972465,0.9844607615029215,0.9844183718092286,0.9843758616483438,0.9843332330594406,0.9842904881891784,0.9842476292921551,0.9842046587313296,0.9841615789784106,0.9841183926142166,0.9840751023290032,0.9840317109227636,0.9839882213054998,0.9839446364974651,0.9839009596293812,0.9838571939426278,0.9838133427894078,0.9837694096328861,0.9837253980473072,0.9836813117180866,0.9836371544418819,0.9835929301266405,0.9835486427916262,0.9835042965674274,0.983459895695943,0.9834154445303481,0.9833709475350451,0.9833264092855927,0.9832818344686184,0.9832372278817156,0.9831925944333204,0.9831479391425757,0.9831032671391782,0.9830585836632086,0.9830138940649485,0.9829692038046828,0.9829245184524845,0.9828798436879893,0.9828351853001533,0.9827905491869974,0.9827459413553388,0.9827013679205077,0.9826568351060501,0.982612349243419,0.9825679167716491,0.9825235442370205,0.9824792382927054,0.9824350056984041,0.9823908533199647,0.9823467881289883,0.9823028172024216,0.9822589477221312,0.9822151869744652,0.982171542349799,0.982128021342063,0.9820846315482552,0.9820413806679364,0.9819982765027081,0.981955326955671,0.9819125400308661,0.9818699238326962,0.9818274865653255,0.981785236532062,0.9817431821347141,0.981701331872928,0.981659694343502,0.9816182782396745,0.9815770923503896,0.9815361455595375,0.9814954468451657,0.9814550052786662,0.9814148300239329,0.9813749303364893,0.981335315562587,0.9812959951382748,0.981256978588431,0.9812182755257687,0.9811798956498031,0.9811418487457848,0.9811041446835982,0.9810667934166216,0.9810298049805509,0.9809931894921825,0.9809569571481586,0.9809211182236696,0.9808856830711158,0.9808506621187267,0.9808160658691347,0.9807819048979066,0.9807481898520277,0.9807149314483398,0.9806821404719328,0.9806498277744871,0.9806180042725673,0.9805866809458653,0.980555868835395,0.9805255790416326,0.9804958227226085,0.9804666110919414,0.980437955416825,0.9804098670159557,0.9803823572574091,0.9803554375564585,0.9803291193733419,0.9803034142109686,0.9802783336125717,0.9802538891593052,0.9802300924677807,0.98020695518755,0.9801844889985284,0.9801627056083608,0.9801416167497327,0.9801212341776177,0.9801015696664742,0.9800826350073801,0.9800644420051111,0.9800470024751631,0.9800303282407159,0.9800144311295422,0.9799993229708589,0.9799850155921228,0.9799715208157728,0.9799588504559154,0.9799470163149575,0.9799360301801854,0.9799259038202913,0.9799166489818493,0.9799082773857386,0.9799008007235196,0.9798942306537577,0.9798885787983032,0.9798838567385229,0.979880076011486,0.9798772481061073,0.9798753844592466,0.9798744964517682,0.9798745954045586,0.9798756925745087,0.9798777991504578,0.979880926249102,0.9798850849108707,0.9798902860957713,0.9798965406792037,0.9799038594477469,0.9799122530949214,0.9799217322169246,0.9799323073083476,0.9799439887578699,0.9799567868439375,0.9799707117304247,0.9799857734622838,0.9800019819611824,0.980019347021132,0.9800378783041128,0.980057585335689,0.9800784775006283,0.9801005640385182,0.9801238540393874,0.9801483564393321,0.9801740800161498,0.9802010333849874,0.9802292249939966,0.9802586631200111,0.9802893558642385,0.980321311147975,0.9803545367083444,0.9803890400940604,0.9804248286612219,0.9804619095691375,0.9805002897761853,0.9805399760357087,0.9805809748919531,0.980623292676045,0.9806669355020136,0.9807119092628643,0.9807582196266982,0.980805872032887,0.9808548716883018,0.9809052235636025,0.9809569323895846,0.9810100026535913,0.9810644385959905,0.9811202442067201,0.9811774232219038,0.9812359791205414,0.9812959151212712,0.9813572341792146,0.9814199389828971,0.9814840319512543,0.9815495152307212,0.9816163906924094,0.9816846599293725,0.9817543242539628,0.9818253846952831,0.9818978419967302,0.9819716966136394,0.9820469487110259,0.9821235981614271,0.9822016445428495,0.9822810871368185,0.9823619249265351,0.9824441565951392,0.9825277805240852,0.9826127947916247,0.9826991971714045,0.9827869851311767,0.9828761558316235,0.9829667061252987,0.9830586325556874,0.9831519313563815,0.9832465984503763,0.983342629449488,0.9834400196538902,0.9835387640517725,0.9836388573191253,0.9837402938196411,0.9838430676047469,0.9839471724137543,0.9840526016741385,0.9841593485019409,0.9842674057022953,0.9843767657700826,0.984487420890707,0.9845993629410004,0.9847125834902521,0.9848270738013606,0.9849428248321139,0.9850598272365924,0.985178071366696,0.9852975472737959,0.9854182447105087,0.9855401531325929,0.9856632617009685,0.985787559283856,0.9859130344590366,0.9860396755162324,0.9861674704596026,0.9862964070103597,0.9864264726094997,0.9865576544206487,0.986689939333022,0.9868233139644965,0.986957764664792
18.25,1.0575106012689275,1.1149748263074812,1.1723799496631753,1.229714660039407,1.2869688932386654,1.3441336832738284,1.401201030022968,1.4581637819185327,1.515015532271909,1.5717505279390274,1.6283635891319432,1.6848500392751213,1.741205643893611,1.7974265576034296,1.8535092783524765,1.909450608133393,1.9652476194574213,2.020897626941815,2.0763981634219677,2.1317469600536065,2.1869419299203807,2.241981154708298,2.2968628740504724,2.351585477184314,2.406147496598509,2.460547603379251,2.5147846039942725,2.568857438279804,2.6227651784196624,2.6765070287272383,2.730082326061294,2.783490540724164,2.836731277707554,2.889804278165715,2.9427094210096256,2.9954467245282204,3.0480163479542153,3.1004185929026646,3.1526539046202715,3.2047228729925696,3.2566262332646243,3.308364866438829,3.359939799320794,3.4113522041912177,3.4626033980881044,3.513694841689628,3.5646281377935,3.615405029393743,3.6660273973604385,3.7164972577321835,3.7668167586347057,3.8169881768424343,3.8670139140026705,3.916896492544448,3.966638551296204,4.016242840838017,4.065712218615371,4.115049643842311,4.164258172222351,4.213340950515754,4.262301210981524,4.311142265722403,4.359867500960311,4.408480371268894,4.456984393788938,4.505383142451125,4.55368024222942,4.601879363446913,4.64998421615452,4.697998544601378,4.745926121814227,4.793770744301459,4.841536226895978,4.88922639774938,4.936845093488471,4.98439615454362,5.031883420656983,5.079310726577258,5.126681897946295,5.174000747381626,5.221271070757787,5.268496643688192,5.315681218208316,5.362828519659935,5.409942243775362,5.457026053959748,5.5040835787688485,5.551118409578968,5.598134098445251,5.645134156143932,5.692122050393756,5.739101204251348,5.786074994675027,5.833046751251258,5.880019755077726,5.926997237796837,5.9739823807733305,6.020978314409576,6.0679881175921135,6.115014817262933,6.162061388109046,6.209130752363886,6.2562257797142315,6.303349287306315,6.350504039844996,6.397692749779932,6.444918077572869,6.492182632040283,6.53948897076579,6.586839600576933,6.634236978081102,6.681683510255532,6.729181555086572,6.776733422253517,6.824341373852576,6.872007625156704,6.919734345407233,6.967523658633436,7.015377644496361,7.063298339153438,7.111287736140597,7.159347787268767,7.207480403531861,7.255687456023505,7.303970776859928,7.352332160106647,7.400773362706688,7.449296105408294,7.497902073690182,7.5465929186825935,7.595370258082506,7.644235677061515,7.693190729165008,7.742236937201443,7.791375794120553,7.840608763879525,7.889937282296246,7.939362757888794,7.988886572700551,8.03851008311024,8.08823462062648,8.138061492666333,8.187991983317534,8.238027354084116,8.288168844615209,8.338417673416842,8.388775038546694,8.4392421182917,8.489820071828545,8.540510039867122,8.591313145276992,8.64223049369703,8.693263174128411,8.744412259511114,8.7956788072842,8.847063859930094,8.898568445503164,8.950193578142875,9.001940258571834,9.053809474579035,9.105802201488684,9.157919402614867,9.210162029702515,9.262531023354905,9.315027313448176,9.367651819533112,9.420405451224626,9.473289108579268,9.526303682461112,9.579450054896379,9.632729099417132,9.686141681394378,9.739688658360917,9.7933708803242,9.847189190069605,9.9011444234543,9.955237409692083,10.009468971629392,10.063839926012799,10.118351083748173,10.173003250151792,10.227797225193585,10.282733803732725,10.337813775745719,10.393037926547198,10.448407037003546,10.503921883739523,10.559583239337933,10.615391872532543,10.671348548394262,10.727454028510682,10.783709071159034,10.84011443147263,10.896670861600724,10.953379110861967,11.010239925891284,11.067254050780235,11.124422227210554,11.181745194580298,11.239223690119932,11.296858449028806,11.354650204559146,11.412599688119865,11.470707629371667,11.528974756313655,11.587401795362185,11.645989471422288,11.704738507951495,11.76364962701598,11.822723549338878,11.881960994340563,11.94136268017076,12.000929323732281,12.06066164069618,12.120560345508189,12.180626151386182,12.240859770308512,12.301261912992976,12.36183328886624,12.42257460602349,12.483486571178119,12.544569889601242,12.605825265050798,12.667253399690097,12.728854993995522,12.790630746653274,12.852581354444876,12.914707512121304,12.977009912265517,13.039489245143184,13.10214619854148,13.16498145759573,13.227995704603712,13.291189618827527,13.354563876282802,13.41811914951512,13.48185610736353,13.545775414710993,13.609877732221662,13.67416371606485,13.738634017625651,13.80328928320202,13.868130153688336,13.933157264245322,13.998371243956242,14.063772715469447,14.129362294627063,14.195140590079951,14.261108202888884,14.3272657261119,14.393613744377927,14.4601528334467,14.52688355975495,14.593806479949018,14.660922140403953,14.72823107672911,14.795733813260474,14.863430862539735,14.931322724780294,14.999409887320375,15.067692824063322,15.136171994905364,15.204847845151019,15.273720804916236,15.342791288519697,15.412059693862366,15.481526401795577,15.551191775477967,15.621056159721482,15.69111988032681,15.761383243408513,15.831846534710158,15.902510018909867,15.973373938916547,16.044438515157214,16.11570394485579,16.187170401303696,16.258838033122736,16.330706963520583,16.40277728953942,16.475049081297957,16.547522381227513,16.62019720330243,16.693073532265338,16.766151322847787,16.839430498986644,16.912910953036803,16.98659254498065,17.06047510163483,17.134558415854784,17.2088422457376,17.283326313823665,17.35801030629766,17.432893872189425,17.50797662257517,17.583258129779733,17.658737926580102,17.734415505411167,17.8102903175738,17.886361772446143,17.96262923669851,18.039092033512365,18.11574944180408,18.192600695453887,18.269644982540633,18.346881444582813,18.424309175786465,18.50192722230045,18.579734581479546,18.65773020115606,18.73591297892027,18.81428176141039,18.892835343612397,18.971572468170333,19.05049182470754,19.129592049159236,19.208871723117092,19.28832937318604,19.367963470353953,19.447772429374545,19.527754608164006,19.607908307211698,19.688231769005466,19.768723177471834,19.849380657431578,19.93020227407103,20.01118603242947,20.09232987690303,20.17363169076537,20.255089295705513,20.336700451383233,20.418462855002126,20.50037414090087,20.58243188016285,20.664633580244367,20.746976684621846,20.829458572458158,20.912076558288348,20.994827891724963,21.077709757183197,21.160719273626018,21.24385349432952,21.32710940666857,21.410483931922958,21.493973925104175,21.577576174802928,21.661287403057496,21.74510426524305,21.829023349981945,21.91304117907514,21.99715420745472,22.081358823157622,22.16565134732051,22.250028034195882,22.33448507118942,22.419018578918404,22.50362461129148,22.58829915560935,22.67303813268668,22.757837396994933,22.842692736826187,22.92759987447775,23.01255446645758,23.097552103710278,23.182588311863675,23.26765855149574,23.352758218421812,23.437882644001906,23.52302709546794,23.6081867762708,23.693356826446976,23.778532323004647,23.863708280328993,23.948879650606514,24.034041324268244,24.11918813045156,24.204314837480347,24.289416153363412,24.37448672631083,24.459521145267964,24.544513940467006,24.629459583995747,24.7143524903833,24.79918701720257,24.883957465689235,24.968658081376873,25.05328305474812,25.137826521901474,25.22228256523353,25.30664521413643,25.39090844571014,25.475066185489368,25.55911230818491,25.64304063843896,25.726844951594323,25.810518974477176,25.89405638619306,25.97745081893592,26.060695858809876,26.14378504666348,26.226711878936197,26.30946980851681,26.392052245613545,26.474452558635654,26.556664075086136,26.638680082465445,26.720493829185838,26.80209852549619,26.88348734441703,26.964653422685483,27.04558986171,27.126289728534566,27.20674605681216,27.286951847787314,27.366900071287446,27.4465836667229,27.525995544095295,27.60512858501416,27.683975643721567,27.762529548124522,27.840783100835072,27.918729080217748,27.996360241444336,28.07366931755572,28.15064902053054,28.227292042360755,28.303591056133598,28.379538717120102,28.455127663869757,28.530350519311384,28.605199891859908,28.67966837652896,28.75374855604918,28.827433001992095,28.90071427589934,28.973584930417243,29.046037510436463,29.11806455423704,29.189658594637823,29.26081216015106,29.331517776141666,29.401767965991063,29.471555252265485,29.540872157888707,29.609711207319016,29.678064927730436,29.745925850197953,29.813286510886822,29.880139452245704,29.946477224203633,30.01229238537066,30.077577504242157,30.142325160406585,30.206527945756743,30.270178465704287,30.333269340397546,30.395793205942443,30.457742715626466,30.51911054114561,30.579889373834156,30.640071925897193,30.699650931645813,30.758619148734837,30.816969359402986,30.874694371715403,30.931787020808358,30.988240170136066,31.044046712719553,31.09919957239731,31.153691705077758,31.207516099993253,31.260665780955676,31.313133807613276,31.364913276708766,31.415997323338477,31.466379122212448,31.516051888915182,31.565008881167127,31.61324340008649,31.660748791451347,31.707518446961853,31.753545805502366,31.7988243544032,31.84334763070206,31.88710922240464,31.930102769744497,31.972321966441694,32.01376056096024,32.05441235776401,32.09427121857081,32.13333106360457,32.171585872845235,32.20902968727619,32.245656610129004,32.28146080812511,32.31643651271427,32.3505780213095,32.38387969851824,32.416335977369314,32.44794136053564,32.47869042155216,32.508577806028875,32.537598232858514,32.56574649541865,32.59301746276789,32.61940608083576,32.64490737360613,32.66951644429358,32.69322847651264,32.71603873543931,32.73794256896478,32.75893540884067,32.77901277181571,32.79817026076338,32.81640356580015,32.83370846539391,32.850080827462264,32.86551661046035,32.880011864457686,32.89356273220378,32.90616545018197,32.91781634965135,32.92851185767601,32.93824849814164,32.947022892758696,32.954831762052066,32.96167192633653,32.967540306677904,32.97243392583924,32.97634990921178,32.97928548573031,32.981237988772406,32.98220485704123,32.9821836354315,32.9811719758781,32.9791676381872,32.97616849084927,32.97217251183351,32.96717778936366,32.9611825226745,32.9541850227487,32.946183713033776,32.937177130138615,32.9271639245093,32.916142861083785,32.90411281992517,32.891072796833065,32.87702190393283,32.8619593702422,32.84588454221512,32.82879688426226,32.810695979248116,32.79158152896405,32.77145335457727,32.75031139705529,32.72815571756549,32.704986497849674,32.68080404057318,32.655608769648296,32.62940123053177,32.60218209049609,32.57395213887434,32.54471228727823,32.51446356978935,32.48320714312314,32.45094428676546,32.41767640308173,32.38340501739805,32.34813177805459,32.31185845643061,32.274586946941454,32.23631926700676,32.1970575569903,32.156804080111066,32.11556122232546,32.073331492180515,32.03011752063815,31.98592206087024,31.940747988024526,31.89459829896118,31.847476111960273,31.799384666399632,31.750327322403564,31.70030756046211,31.64932898102099,31.597395304042124,31.544510368534937,31.49067813205834,31.43590267019346,31.380188175987296,31.323538959367227,31.265959446526576,31.207454179281317,31.148027814397967,31.08768512289291,31.026430989303204,30.964270410929068,30.901208497048202,30.837250468102127,30.772401654854775,30.70666749752343,30.640053544882345,30.57256545333922,30.50420898598478,30.434990011615703,30.36491450373121,30.29398853950348,30.22221829872234,30.149610062714356,30.076170213236793,30.001905231346655,29.926821696245167,29.850926284098072,29.774225766832092,29.69672701090782,29.61843697606961,29.539362714072603,29.459511367387535,29.378890167883526,29.297506435489375,29.21536757683373,29.1324810838646,29.04885453244863,28.964495580950572,28.87941196879341,28.793611514999643,28.707102116714136,28.619891747709037,28.531988456871293,28.443400366673135,28.354135671626207,28.264202636719652,28.173609595842823,28.082364950193014,27.990477166668843,27.897954776249676,27.804806372361803,27.711040609231702,27.616666200227098,27.521691916186253,27.4261265837361,27.329979083599724,27.233258348893767,27.13597336341632,27.038133159925852,26.93974681841175,26.840823464356976,26.741372266993523,26.641402437551104,26.540923227499736,26.43994392678675,26.33847386206881,26.23652239493947,26.134098920152926,26.031212863844416,25.92787368174796,25.824090857411868,25.719873900412754,25.615232344568433,25.51017574615045,25.40471368209661,25.298855748224288,25.192611557444817,25.08599073797979,24.979002931579576,24.871657791744774,24.763964981951027,24.655934173877885,24.54757504564202,24.438897280035608,24.329910562770166,24.220624580726515,24.111049020211322,24.001193565220742,23.8910678957117,23.780681685881284,23.67004460245472,23.55916630298252,23.44805643414715,23.336724630079825,23.225180510687807,23.113433679992735,23.001493724480387,22.88937021146241,22.77707268745037,22.664610676542612,22.551993678824317,22.439231168781305,22.326332593727756,22.21330737224851,22.10016489265621,21.986914511463652,21.873565551871835,21.76012730227397,21.646609014775905,21.533019903733262,21.419369144305637,21.305665871028225,21.191919176401218,21.07813810949722,20.964331674587054,20.850508829784285,20.736678485708662,20.62284950416884,20.509030696864627,20.39523082410904,20.28145859357038,20.167722659034645,20.05403161918842,19.940394016422598,19.82681833565701,19.713313003186308,19.599886385547162,19.4865467884071,19.373302455475077,19.26016156743392,19.14713224089496,19.034222527374812,18.92144041229457,18.80879381400151,18.696290582813436,18.583938500085754,18.471745277301384,18.35971855518369,18.247865902832356,18.136194816882416,18.02471272068644,17.913426963519992,17.80234481981032,17.69147348838839,17.580820091764295,17.470391675426015,17.360195207161564,17.250237576404547,17.140525593603137,17.031065989612344,16.921865415109767,16.81293044003456,16.704267553049785,16.59588316102796,16.48778358855981,16.379975077486215,16.27246378645311,16.165255790489503,16.05835708060832,15.951773563430114,15.845511060829454,15.73957530960396,15.633971961165834,15.528706581255767,15.42378464967911,15.319211560064172,15.21499261964249,15.11113304905096,15.007637982155629,14.90451246589704,14.801761460156952,14.699389837646196,14.597402383813645,14.495803796775942,14.394598687267928,14.29379157861351,14.193386906716801,14.093389020073337,13.993802179801111,13.89463055969131,13.795878246278416,13.697549238929577,13.599647449952908,13.502176704724597,13.405140741834499,13.308543213250013,13.212387684498044,13.116677634864724,13.021416457612723,12.926607460215838,12.832253864610639,12.738358807464932,12.644925340462729,12.551956430605516,12.459454960529506,12.367423728838656,12.275865450453155,12.184782756973101,12.094178197057124,12.004054236815653,11.91441326021857,11.825257569516955,11.736589385678654,11.64841084883739,11.560724018755137,11.473530875297445,11.386833318921488,11.300633171176477,11.214932175216257,11.129731996323656,11.045034222446443,10.960840364744534,10.877151858148155,10.793970061926704,10.711296260268023,10.629131662867776,10.547477405528639,10.46633455076906,10.385704088441258,10.305586936358205,10.225983940929282,10.146895877804344,10.068323452525924,9.99026730118925,9.912727991109849,9.835706021498414,9.759201824142686,9.683215764096065,9.607748140372667,9.53279918664857,9.458369071968955,9.384457901460914,9.311065717051603,9.238192498191502,9.165838162582544,9.094002566910786,9.022685507583432,8.951886721469899,8.881605886646698,8.811842623145868,8.742596493706705,8.673867004530578,8.605653606038505,8.537955693631334,8.470772608452245,8.404103638151327,8.337948017652012,8.272304929919155,8.20717350672846,8.142552829437118,8.078441929755366,8.014839790518755,7.951745346460953,7.889157484986811,7.827075046945516,7.7654968274036245,7.704421576417734,7.643847999806647,7.583774759922777,7.524200476422625,7.465123727036145,7.406543048334781,7.348456936498003,7.290863848078176,7.2337622007635485,7.177150374139217,7.121026710445875,7.065389515336179,7.010237058628573,6.955567575058406,6.901379265026173,6.847670295342755,6.794438799971449,6.7416828807667075,6.689400608209385,6.6375900221383874,6.586249132478553,6.535375919964664,6.48496833686143,6.435024307679327,6.3855417298861585,6.336518474614225,6.287952387362983,6.239841288697065,6.192182974939571,6.144975218860495,6.09821577036021,6.051902357147884,6.0060326854147466,5.9606044405020935,5.9156152875639565,5.871062872224326,5.826944821228869,5.783258743091018,5.7400022287324,5.697172852117487,5.654768170882423,5.612785726957928,5.571223047186245,5.530077643932035,5.4893470156871835,5.449028647669422,5.409120012414769,5.369618570363663,5.330521770440798,5.291827050628589,5.253531838534212,5.215633551950199,5.178129599408532,5.141017380728209,5.1042942875562325,5.067957703902021,5.03200500666516,4.996433566156532,4.961240746612743,4.92642390670386,4.891980400034428,4.857907575637742,4.824202778463375,4.790863349857939,4.7578866280390635,4.725269948562606,4.6930106447830635,4.661106048307184,4.629553489440805,4.598350297628877,4.567493801888707,4.536981331236414,4.5068102151065945,4.47697778376523,4.4474813687158194,4.418318303098762,4.3894859220840114,4.360981563257,4.3328025669978585,4.304946276853955,4.2774100399057575,4.250191207126068,4.223287133732624,4.196695179534105,4.170412709269577,4.144437092941391,4.118765706141571,4.093395930371712,4.068325153356454,4.043550769350504,4.019070179439307,3.994880791833353,3.970980022156184,3.9473652937261248,3.9240340378317855,3.9009836940013707,3.8782117102658336,3.855715543415934,3.833492659253218,3.811540532834982,3.789856648713263,3.7684385011678962,3.7472835944336897,3.726389442921761,3.705753571435095,3.6853735153783496,3.665246820961988,3.645371045400761,3.6257437571066053,3.6063625358760136,3.5872249730719132,3.5683286718001166,3.5496712470804015,3.5312503260122616,3.5130635479353884,3.49510856458495,3.477383040241699,3.45988465187699,3.4426110892927424,3.425560055256423,3.4087292656310826,3.3921164495005347,3.3757193492896986,3.3595357208801975,3.343563333721245,3.3277999709358896,3.3122434294226735,3.296891519952766,3.2817420672626283,3.2667929101422604,3.2520419015191115,3.2374869085376856,3.2231258126349203,3.2089565096113932,3.1949769096984055,3.181184937621023,3.16757853265711,3.1541556486924303,3.140914254271872,3.1278523326468486,3.1149678818189455,3.102258914579864,3.0897234585477173,3.0773595561997578,3.0651652649015597,3.0531386569327528,3.0412778195093373,3.029580854802656,3.0180458799550665,3.006671027092388,2.995454443333166,2.9843942907948136,2.973488746596702,2.9627360028602343,2.952134266705978,2.941681760247897,2.931376720584758,2.921217399788743,2.9112020648913473,2.9013289978666004,2.891596495611675,2.8820028699249334,2.8725464474814673,2.863225569806184,2.8540385932444963,2.8449838889306602,2.836059842753823,2.8272648553218303,2.818597341922842,2.8100557324848094,2.8016384715328684,2.793344018144694,2.7851708459038753,2.777117442851345,2.7691823114349323,2.761363968457074,2.7536609450207385,2.7460717864736104,2.7385950523505835,2.731229316314606,2.723973166095931,2.716825203429817,2.7097840439927134,2.7028483173369993,2.6960166668242995,2.689287749557429,2.682660236311017,2.6761328114608394,2.6697041729119233,2.6633730320254445,2.6571381135444745,2.650998155518612,2.644951909227545,2.638998139103581,2.6331356226531826,2.6273631503775547,2.6216795256923184,2.6160835648463094,2.6105740968395423,2.6051499633403785,2.5998100186019233,2.5945531293777124,2.589378174836699,2.5842840464775945,2.579269648042583,2.574333895430463,2.5694757166092317,2.5646940515281558,2.5599878520293577,2.555356081758954,2.5507977160777715,2.5463117419716803,2.541897157961564,2.5375529740129705,2.5332782114454613,2.5290719028416957,2.5249330919562785,2.5208608336243916,2.5168541936702513,2.5129122488154056,2.509034086586902,2.505218805225359,2.501465513592955,2.4977733310813686,2.4941413875196936,2.490568823082349,2.487054788197013,2.483598443452598,2.4801989595072955,2.476855516996711,2.4735673064421055,2.4703335281587746,2.4671533921645756,2.4640261180886296,2.460950935080219,2.45792708171789,2.454953805918793,2.452030364848268,2.449156024829695,2.446330061254633,2.443551758493259,2.440820409805117,2.4381353172502127,2.435495791600443,2.432901152251399,2.430350727134543,2.42784385262978,2.425379873478428,2.4229581426966167,2.4205780214891135,2.4182388791635914,2.4159400930453576,2.413681048392544,2.4114611383117834,2.409279763674366,2.4071363330329048,2.4050302625385025,2.402960975858442,2.4009279040944005,2.3989304857012037,2.3969681664061246,2.3950403991287295,2.3931466439012916,2.391286367789766,2.389459044815342,2.3876641558765717,2.3859011886720887,2.3841696376239203,2.38246900380139,2.3807987948456297,2.3791585248946943,2.3775477145092907,2.3759658905991197,2.374412586349838,2.3728873411506437,2.3713897005224878,2.369919216046909,2.368475445295506,2.3670579517600383,2.3656663047831623,2.3643000794898104,2.362958856719194,2.3616422229574625,2.360349770270987,2.359081096240293,2.3578358038946323,2.3566135016471965,2.355413803230964,2.3542363276351983,2.353080699042575,2.351946546766956,2.3508335051917952,2.3497412137091853,2.3486693166595334,2.347617463271875,2.3465853076048204,2.3455725084881194,2.34457872946487,2.3436036387343333,2.342646909095386,2.3417082178905804,2.3407872469508293,2.339883682540695,2.338997215304296,2.3381275402118176,2.3372743565066236,2.3364373676529673,2.3356162812843047,2.3348108091521858,2.3340206670757504,2.333245574891792,2.3324852564054113,2.3317394393412387,2.331007855295232,2.3302902396870357,2.329586331712907,2.3288958742991888,2.3282186140563486,2.327554301233551,2.3269026896737803,2.3262635367695,2.325636603418838,2.3250216539823083,2.3244184562400503,2.3238267813495774,2.323246403804052,2.322677101391057,2.322118655151866,2.32157084934122,2.321033471387583,2.320506311853889,2.3199891643987662,2.3194818257382375,2.3189840956078887,2.3184957767254963,2.3180166747541207,2.317546598265643,2.317085358704759,2.3166327703534035,2.3161886502956217,2.3157528183828626,2.3153250971997057,2.3149053120299983,2.3144932908234175,2.314088864162433,2.3136918652296834,2.3133021297757392,2.312919496087273,2.312543804955605,2.3121748996456435,2.311812625865195,2.3114568317346507,2.311107367757041,2.3107640867884536,2.3104268440088087,2.3100954968929845,2.309769905182299,2.3094499308563243,2.309135438105051,2.308826293301376,2.308522364973929,2.308223523780216,2.3079296424800892,2.3076405959095267,2.3073562609547293,2.3070765165265215,2.3068012435350522,2.306530324864801,2.3062636453498704,2.3060010917495766,2.305742552724318,2.3054879188117314,2.3052370824031247,2.304989937720187,2.3047463807919573,2.30450630943208,2.3042696232163045,2.304036223460254,2.3038060131974474,2.3035788971575792,2.303354781745038,2.3031335750176796,2.3029151866658397,2.3026995279915843,2.3024865118881994,2.302276052819912,2.302068066801838,2.301862471380165,2.30165918561255,2.301458130048746,2.301259226711443,2.3010623990773253,2.300867572058343,2.3006746719831925,2.3004836265790085,2.300294364953255,2.300106817575826,2.2999209162613465,2.299736594151662,2.2995537856985395,2.299372426646551,2.2991924540161506,2.299013806086946,2.2988364223811506,2.298660243647229,2.2984852118437162,2.2983112701232287,2.298138362816644,2.2979664354174707,2.297795434566382,2.2976253080359306,2.297456004715436,2.2972874745960388,2.2971196687559257,2.2969525393457237,2.296786039574056,2.2966201236932666,2.2964547469853027,2.296289865747763,2.296125437280101,2.2959614198699905,2.2957977727798444,2.2956344562334894,2.2954714314029974,2.295308660395664,2.2951461062411442,2.294983732878731,2.2948215051447876,2.2946593887603264,2.29449735031873,2.2943353572736176,2.2941733779268585,2.2940113814167247,2.29384933770618,2.2936872175713163,2.2935249925899197,2.293362635130184,2.2932001183395463,2.293037416133668,2.292874503185544,2.292711354914745,2.292547947476785,2.2923842577526305,2.292220263338325,2.2920559425347444,2.2918912743374835,2.2917262384268606,2.291560815158043,2.2913949855513014,2.291228731282383,2.291062034672997,2.2908948786814296,2.2907272468932627,2.2905591235122187,2.290390493351114,2.290221341822926,2.290051654931968,2.289881419265184,2.2897106219835424,2.2895392508135384,2.289367294038808,2.289194740491838,2.2890215795457873,2.2888478011064044,2.288673395604046,2.2884983539857977,2.2883226677076864,2.288146328726994,2.287969329494661,2.2877916629477872,2.28761332250222,2.2874343020452357,2.2872545959283057,2.2870741989599517,2.28689310639869,2.2867113139460487,2.2865288177396814,2.2863456143465477,2.286161700756183,2.28597707437404,2.2857917330149107,2.285605674896415,2.285418898632572,2.2852314032274355,2.2850431880688005,2.2848542529219773,2.284664597923635,2.284474223575702,2.284283130739343,2.2840913206289817,2.283898794806393,2.283705555174852,2.283511603973337,2.2833169437707923,2.2831215774604363,2.2829255082541318,2.2827287396767963,2.2825312755608675,2.282333120040816,2.2821342775476974,2.281934752803756,2.281734550817064,2.281533676876209,2.281332136545013,2.281129935657295,2.2809270803116672,2.2807235768663667,2.2805194319341227,2.280314652377052,2.280109245301589,2.279903218053443,2.279696578212582,2.2794893335882476,2.2792814922139892,2.2790730623427304,2.2788640524418486,2.2786544711882843,2.2784443274636668,2.2782336303494573,2.278022389122118,2.2778106132482883,2.2775983123799852,2.277385496349812,2.277172175166189,2.276958359008586,2.2767440582227794,2.276529283316111,2.2763140449527626,2.276098353949039,2.2758822212686582,2.2756656580180508,2.275448675441668,2.275231284917297,2.27501349795138,2.2747953261743405,2.274576781335915,2.2743578753004914,2.274138620042448,2.2739190276414996,2.2736991102780473,2.273478880228532,2.273258349860789,2.273037531629407,2.272816438071094,2.2725950818000418,2.2723734755032936,2.272151631936118,2.271929563917385,2.2717072843249433,2.2714848060910033,2.271262142197525,2.2710393056716085,2.2708163095808875,2.2705931670289305,2.2703698911506467,2.270146495107696,2.2699229920839095,2.269699395280711,2.26947571791255,2.269251973202345,2.269028174376929,2.268804334662514,2.2685804672801546,2.2683565854412375,2.2681327023429683,2.2679088311638833,2.2676849850593688,2.267461177157201,2.2672374205530974,2.2670137283062894,2.266790113435111,2.2665665889126094,2.2663431676621775,2.266119862553206,2.2658966863967596,2.2656736519412837,2.26545077186833,2.265228058788315,2.265005525236304,2.264783183667831,2.2645610464547454,2.264339125881096,2.264117434139051,2.2638959833248498,2.2636747854347976,2.2634538523613,2.263233195888938,2.263012827690584,2.2627927593235695,2.262573002225889,2.2623535677124638,2.2621344669714456,2.2619157110605785,2.2616973109036103,2.261479277286762,2.2612616208552487,2.261044352109866,2.260827481403633,2.2606110189384894,2.260394974762075,2.260179358764551,2.259964180675509,2.259749450060933,2.2595351763202416,2.2593213686833926,2.259108036208073,2.2588951877769516,2.2586828320950154,2.258470977686984,2.2582596328947977,2.2580488058751937,2.2578385045973617,2.2576287368406827,2.257419510192552,2.257210832046298,2.257002709599175,2.2567951498504564,2.2565881595996142,2.256381745444592,2.25617591378017,2.2559706707964233,2.2557660224772813,2.2555619745991753,2.2553585327297885,2.255155702226906,2.2549534882373603,2.2547518956960793,2.2545509293252337,2.254350593633487,2.2541508929153533,2.2539518312506455,2.2537534125040413,2.253555640324745,2.253358518146256,2.2531620491862414,2.2529662364465204,2.252771082713143,2.2525765905565853,2.2523827623320467,2.25218960017985,2.251997106025954,2.2518052815825693,2.251614128348877,2.2514236476118588,2.2512338404472314,2.2510447077204794,2.250856250088003,2.250668467998365,2.2504813616936397,2.250294931210867,2.2501091763836127,2.249924096843623,2.2497396920225867,2.249555961153992,2.2493729032750864,2.249190517228932,2.2490088016665606,2.2488277550492173,2.2486473756507093,2.2484676615598382,2.2482886106829296,2.2481102207464496,2.2479324892997115,2.2477554137176714,2.247578991203805,2.2474032187930697,2.2472280933549507,2.247053611596586,2.246879770065967,2.246706565155218,2.246533993103949,2.24636205000268,2.246190731796338,2.246020034287814,2.2458499531415947,2.2456804838874502,2.2455116219241873,2.2453433625234567,2.245175700833618,2.245008631883661,2.2448421505871674,2.244676251746334,2.2445109300560326,2.244346180107915,2.2441819963945555,2.2440183733136365,2.2438553051721617,2.243692786190706,2.2435308105076905,2.243369372183688,2.2432084652057416,2.243048083491718,2.2428882208946668,2.242728871207194,2.242570028165854,2.2424116854555423,2.242253836713897,2.242096475535702,2.2419395954772887,2.241783190060934,2.2416272527792485,2.2414717770995614,2.2413167564682825,2.2411621843152605,2.2410080540581085,2.240854359106519,2.2407010928665447,2.2405482487448602,2.240395820152982,2.240243800511465,2.240092183254053,2.2399409618317985,2.2397901297171288,2.239639680407878,2.239489607431263,2.239339904347808,2.239190564755222,2.239041582292214,2.2388929506422475,2.2387446635372403,2.238596714761193,2.2384490981537537,2.2383018076137122,2.2381548371024262,2.2380081806471654,2.237861832344387,2.2377157863629287,2.2375700369471203,2.237424578419817,2.2372794051853364,2.2371345117323256,2.2369898926365233,2.236845542563438,2.236701456270935,2.236557628611725,2.23641405453576,2.2362707290925288,2.236127647433256,2.235984804812998,2.2358421965926394,2.235699818240783,2.235557665335541,2.235415733566216,2.235274018734876,2.2351325167578224,2.234991223666956,2.2348501356110235,2.23470924885676,2.2345685597899236,2.234428064916215,2.2342877608620855,2.2341476443754407,2.2340077123262243,2.2338679617068937,2.233728389632782,2.2335889933423547,2.233449770197345,2.2333107176827824,2.2331718334069146,2.233033115101008,2.2328945606190476,2.2327561679373233,2.232617935153907,2.2324798604880205,2.232341942279298,2.2322041789869416,2.2320665691887687,2.2319291115801567,2.2317918049728855,2.231654648293876,2.2315176405838275,2.2313807809957558,2.2312440687934343,2.2311075033497363,2.2309710841448855,2.230834810764613,2.230698682898217,2.230562700336542,2.2304268629698623,2.2302911707856845,2.2301556238664646,2.230020222387242,2.2298849666131977,2.2297498568971306,2.2296148936768616,2.2294800774725645,2.2293454088840257,2.2292108885878354,2.2290765173345144,2.2289422959455787,2.228808225310538,2.2286743063838466,2.228540540181784,2.228406927779298,2.2282734703067884,2.228140168946847,2.228007024930947,2.2278740395361014,2.2277412140814707,2.227608549924942,2.2274760484596707,2.227343711110593,2.22721153933091,2.227079534598545,2.226947698412581,2.2268160322896797,2.226684537760477,2.2265532163659754,2.2264220696539136,2.226291099175138,2.2261603064799624,2.2260296931145276,2.225899260617161,2.2257690105147367,2.225638944319047,2.225509063523173,2.225379369597876,2.2252498639879956,2.225120548108864,2.224991423342747,2.2248624910352928,2.224733752492018,2.2246052089748085,2.2244768616984585,2.2243487118272327,2.224220760471466,2.224093008684195,2.2239654574578323,2.2238381077208746,2.2237109603346576,2.2235840160901486,2.223457275704795,2.223330739819404,2.2232044089950915,2.223078283710265,2.2229523643576683,2.2228266512414816,2.2227011445744687,2.2225758444751924,2.2224507509652827,2.222325863966765,2.2222011832994535,2.222076708678401,2.221952439711422,2.2218283758966684,2.221704516620284,2.2215808611541124,2.2214574086534853,2.2213341581550683,2.221211108574782,2.22108825870579,2.220965607216557,2.22084315264898,2.220720893416585,2.220598827802799,2.2204769539592935,2.220355269904396,2.220233773521577,2.220112462558005,2.219991334623176,2.2198703871876138,2.21974961758164,2.2196290229942157,2.2195086004718583,2.219388346917616,2.219268259090131,2.219148333602758,2.219028566922751,2.218908955370534,2.2187894951190206,2.2186701821930113,2.218551012468658,2.218431981672987,2.2183130853834965,2.218194319027809,2.2180756778833928,2.2179571570773446,2.2178387515862346,2.2177204562360076,2.217602265701952,2.2174841745087175,2.217366177030404,2.2172482674906893,2.217130439963029,2.2170126883709056,2.2168950064881248,2.216777387939177,2.216659826199639,2.2165423145966336,2.216424846309339,2.2163074143695405,2.2161900116622406,2.2160726309263064,2.2159552647551672,2.2158379055975597,2.215720545758313,2.2156031773991818,2.215485792539718,2.215368383058187,2.2152509406925276,2.215133457041343,2.215015923564948,2.214898331586439,2.2147806722928163,2.214662936736134,2.214545115834699,2.2144272003742946,2.2143091810094573,2.214191048264776,2.2140727925362387,2.213954404092609,2.213835873076846,2.213717189507554,2.2135983432804784,2.213479324170025,2.213360121830831,2.213240725799365,2.2131211254955665,2.2130013102245245,2.2128812691781956,2.212760991437159,2.212640465972412,2.2125196816472092,2.2123986272189398,2.212277291341046,2.2121556625649865,2.2120337293422496,2.211911480026396,2.211788902875166,2.2116659860526187,2.211542717631328,2.2114190855946285,2.211295077838906,2.2111706821759465,2.2110458863353353,2.2109206779669153,2.210795044643293,2.2106689738624166,2.210542453050199,2.210415469563213,2.2102880106914444,2.210160063661109,2.210031615637542,2.2099026537281476,2.209773164985421,2.2096431364100484,2.209512554954068,2.2093814075241163,2.2092496809847493,2.2091173621618343,2.208984437846038,2.208850894796377,2.208716719743868,2.2085818993952553,2.2084464204368284,2.2083102695383263,2.2081734333569365,2.2080358985413784,2.2078976517360873,2.2077586795854893,2.207618968738377,2.2074785058523756,2.2073372775985125,2.207195270665891,2.207052471766455,2.2069088676398656,2.2067644450584774,2.206619190832417,2.2064730918147712,2.2063261349068752,2.206178307063713,2.206029595299421,2.205879986692898,2.205729468393524,2.20557802762699,2.2054256517012276,2.205272328012453,2.2051180440513125,2.204962787409141,2.204806545784321,2.2046493069887494,2.20449105895441,2.2043317897400487,2.204171487537948,2.204010140680812,2.20384773764874,2.203684267076307,2.2035197177597348,2.203354078664163,2.20318733893101,2.2030194878854212,2.20285051504381,2.202680410121482,2.2025091630403444,2.2023367639366875,2.2021632031690506,2.201988471326158,2.2018125592349267,2.2016354579685355,2.201457158854561,2.201277653483173,2.201096933715377,2.200914991691321,2.2007318198386288,2.2005474108807914,2.200361757845587,2.200174854073533,2.1999866932263634,2.199797269295533,2.199606576610732,2.1994146098484095,2.19922136404031,2.199026834582,2.198831017241392,2.198633908167258,2.1984355038977155,2.198235801368698,2.1980347979223875,2.1978324913156086,2.1976288797281827,2.1974239617712246,2.1972177364953858,2.1970102033990275,2.196801362436327,2.196591214025298,2.196379759055736,2.196166998897053,2.19595293540603,2.195737570934447,2.1955209083366065,2.1953029509767323,2.1950837027362344,2.194863168020842,2.1946413517675913,2.194418259451657,2.1941938970930273,2.193968271263015,2.193741389090589,2.1935132582685246,2.1932838870593727,2.193053284301224,2.192821459413275,2.1925884224011813,2.1923541838621974,2.1921187549900876,2.1918821475798076,2.191644374031951,2.191405447356946,2.191165381179005,2.190924189739813,2.1906818879019556,2.1904384911520745,2.1901940156037463,2.18994847800008,2.1897018957160275,2.189454286760394,2.1892056697775595,2.1889560640488868,2.188705489493824,2.1884539666706915,2.18820151677715,2.1879481616503424,2.187693923766714,2.187438826241489,2.1871828928278245,2.186926147915611,2.186668616529941,2.1864103243292226,2.1861512976029496,2.1858915632691147,2.18563114887127,2.1853700825752282,2.185108393165411,2.1848461100408274,2.1845832632106967,2.1843198832897053,2.184056001492899,2.183791649630209,2.183526860100618,2.183261665885952,2.1829961005443113,2.182730198203138,2.1824639935519174,2.182197521834512,2.18193081884114,2.181663920899988,2.181396864868471,2.1811296881241247,2.180862428555157,2.180595124550638,2.180327814990345,2.180060539234264,2.179793337111744,2.1795262489103173,2.179259315364185,2.178992577642374,2.1787260773365626,2.1784598564485953,2.178193957377675,2.1779284229072506,2.177663296191594,2.1773986207420855,2.177134440413204,2.176870799388232,2.176607742164681,2.1763453135394446,2.17608355859369,2.1758225226774845,2.1755622513941786,2.1753027905845417,2.17504418631067,2.1747864848396574,2.1745297326270583,2.174273976300134,2.1740192626409045,2.1737656385690025,2.1735131511243475,2.1732618474496435,2.1730117747727205,2.1727629803887067,2.1725155116420747,2.1722694159085307,2.172024740576799,2.1717815330302734,2.1715398406285797,2.171299710689029,2.171061190467995,2.1708243271422134,2.1705891677900206,2.1703557593725353,2.1701241487148,2.1698943824868913,2.1696665071850063,2.1694405691125405,2.169216614361167,2.1689946887919227,2.168774838016324,2.168557107377504,2.1683415419314067,2.1681281864280226,2.167917085292699,2.1677082826075216,2.1675018220927824,2.167297747088546,2.1670961005363254,2.1668969249608687,2.1667002624520872,2.1665061546471076,2.1663146427124853,2.1661257673265712,2.1659395686620475,2.1657560863686496,2.1655753595560685,2.165397426777056,2.1652223260107437,2.16505009464617,2.1648807694660426,2.164714386630734,2.164550981662525,2.1643905894300945,2.164233244133288,2.1640789792881416,2.163927827712194,2.1637798215100856,2.163634992059453,2.163493369997124,2.163354985205631,2.1632198668000346,2.1630880431150774,2.16295954169267,2.1628343892697144,2.162712611766274,2.1625942342740934,2.16247928104548,2.1623677754825446,2.1622597401268133,2.162155196649212,2.162054165840433,2.1619566676016815,2.161862720935814,2.161772343938866,2.161685553791983,2.1616023667537405,2.161522798152883,2.161446862381454,2.1613745728883513,2.1613059421732843,2.1612409817811518,2.1611797022968373,2.1611221133404226,2.1610682235628222,2.1610180406418427,2.1609715712786643,2.1609288211947457,2.16088979512916,2.1608544968363486,2.1608229290843073,2.1607950936531966,2.1607709913343727,2.1607506219298545,2.1607339842522033,2.160721076124829,2.160711894382723,2.1607064348736014,2.1607046924594764,2.160706661018637,2.160712333448044,2.160721701666141,2.160734756616069,2.1607514882692866,2.160771885629597,2.1607959367375673,2.16082362867535,2.1608549475718917,2.1608898786085278,2.160928406024965,2.160970513125639,2.1610161822864478,2.1610653949618532,2.16111813169235,2.161174372112288,2.161234094958051,2.1612972780765918,2.1613638984342938,2.1614339321261835,2.1615073543854684,2.1615841395933995,2.161664261289451,2.161747692181818,2.161834404158214,2.1619243682969675,2.1620175548784175,2.1621139333965833,2.162213472571125,2.162316140359564,2.1624219039697787,2.162530729872746,2.1626425838155403,2.1627574308345725,2.16287523526906,2.162995960774729,2.1631195703377353,2.163246026288791,2.1633752903175028,2.1635073234869004,2.163642086248159,2.163779538455497,2.1639196393812448,2.1640623477310865,2.164207621659452,2.1643554187850547,2.1645056962065787,2.164658410518489,2.164813517826975,2.164970973766004,2.165130733513487,2.1652927518075424,2.1654569829628567,2.1656233808871233,2.165791899097567,2.16596249073753,2.1661351085931213,2.16630970510992,2.166486232409727,2.16666464230735,2.1668448863274175,2.1670269157212245,2.167210681483585,2.1673961343696924,2.167583224911987,2.167771903437008,2.167962120082237,2.168153824812921,2.1683469674388567,2.1685414976311552,2.16873736493895,2.168934518806063,2.1691329085876125,2.169332483566557,2.169533192970175,2.1697349859864596,2.169937811780442,2.1701416195104173,2.1703463583440787,2.1705519774745565,2.170758426136339,2.1709656536210935,2.1711736092933585,2.1713822426061213,2.1715915031162583,2.171801340499844,2.1720117045673244,2.172222545278536,2.1724338127575833,2.1726454573075547,2.1728574294250853,2.1730696798147497,2.173282159403286,2.1734948193536505,2.1737076110788904,2.1739204862558372,2.1741333968386125,2.174346295071943,2.174559133504287,2.1747718650007544,2.174984442755835,2.1751968203059144,2.1754089515415895,2.1756207907197656,2.175832292475545,2.176043411833896,2.176254104221101,2.1764643254759877,2.176674031860923,2.1768831800725947,2.1770917272525496,2.177299630997509,2.177506849369443,2.177713340905409,2.1779190646271593,2.1781239800504966,2.1783280471943978,2.1785312265898886,2.1787334792886743,2.178934766871526,2.179135051456418,2.1793342957064152,2.1795324628373156,2.179729516625033,2.1799254214127406,2.1801201421177527,2.1803136442381565,2.1805058938591917,2.180696857659378,2.1808865029163806,2.1810747975126348,2.181261709940701,2.1814472093083803,2.1816312653435617,2.1818138483988263,2.1819949294557905,2.1821744801292007,2.1823524726707686,2.182528879972759,2.1827036755713274,2.182876833649595,2.183048329040486,2.1832181372293094,2.1833862343560884,2.1835525972176493,2.183717203269457,2.1838800306272064,2.1840410580681735,2.1842002650323145,2.1843576316231332,2.1845131386083008,2.1846667674200355,2.1848185001552545,2.1849683195754768,2.1851162091065035,2.185262152837858,2.185406135522001,2.185548142573311,2.1856881600668463,2.185826174736872,2.185962173975176,2.186096145829155,2.186228078999687,2.1863579628387892,2.186485787347054,2.1866115431708866,2.186735221599522,2.186856814561842,2.1869763146229872,2.1870937149807657,2.187209009461866,2.1873221925178714,2.1874332592210823,2.1875422052601494,2.187649026935514,2.187753721154671,2.1878562854272423,2.1879567178598784,2.1880550171509787,2.1881511825852407,2.188245214028036,2.188337111919629,2.1884268772692206,2.188514511648837,2.188600017187063,2.188683396562616,2.188764652997773,2.18884379025165,2.188920812613339,2.1889957248948955,2.1890685324242036,2.1891392410376938,2.1892078570729394,2.1892743873611202,2.1893388392193667,2.1894012204429867,2.189461539297568,2.1895198045109767,2.1895760252652434,2.1896302111883466,2.1896823723458874,2.189732519232679,2.189780662764231,2.189826814268149,2.1898709854754466,2.189913188511778,2.189953435888582,2.1899917404941665,2.190028115584707,2.1900625747751863,2.1900951320302697,2.190125801655116,2.190154598286143,2.1901815368817266,2.190206632712867,2.1902299013537996,2.190251358672573,2.1902710208215854,2.1902889042280953,2.190305025584695,2.1903194018397705,2.190332050187929,2.190342988060421,2.190352233115541,2.190359803229027,2.1903657164844446,2.190369991163584,2.190372645736847,2.1903736988536493,2.190373169332827,2.190371076153066,2.1903674384433374,2.190362275473368,2.1903556066441294,2.1903474514783534,2.190337829611092,2.1903267607803034,2.190314264817486,2.190300361638351,2.19028507123355,2.190268413659451,2.190250409028965,2.190231077502443,2.190210439278623,2.1901885145856554,2.1901653236721854,2.1901408867985195,2.1901152242278625,2.1900883562176334,2.19006030301087,2.1900310848277162,2.190000721856995,2.1899692342478874,2.189936642101689,2.189902965463686,2.189868224315113,2.1898324385652352,2.189795628043525,2.189757812491956,2.1897190115574117,2.189679244784208,2.189638531606736,2.1895968913422292,2.189554343183654,2.18951090619273,2.1894665992930737,2.189421441263488,2.1893754507313705,2.1893286461662704,2.1892810458735816,2.18923266798838,2.1891835304693954,2.189133651093145,2.1890830474481993,2.1890317369296084,2.188979736733475,2.1889270638516836,2.188873735066781,2.1888197669470197,2.188765175841554,2.188709977875798,2.188654188946948,2.1885978247196594,2.1885409006218977,2.188483431840946,2.1884254333195825,2.188366919752426,2.1883079055824433,2.1882484049976356,2.188188431927882,2.1881280000419654,2.1880671227447577,2.188005813174585,2.1879440842007605,2.187881948421289,2.1878194181607435,2.1877565054683155,2.1876932221160366,2.1876295795971727,2.187565589124788,2.1875012616304854,2.1874366077633134,2.187371637888847,2.18730636208844,2.1872407901586453,2.187174931610802,2.187108795670801,2.187042391279006,2.1869757270903496,2.1869088114745923,2.1868416525167467,2.186774258017666,2.186706635494794,2.186638792183073,2.1865707350360197,2.1865024707269476,2.186434005650358,2.186365345923474,2.1862964973879357,2.186227465611642,2.186158255890744,2.186088873251784,2.1860193224539803,2.185949607991655,2.1858797340967993,2.1858097047417826,2.185739523642194,2.185669194259818,2.185598719805741,2.1855281032435854,2.1854573472928713,2.185386454432502,2.1853154269043644,2.1852442667170555,2.1851729756497154,2.1851015552559736,2.1850300068680113,2.184958331600718,2.18488653035596,2.184814603826943,2.1847425525026734,2.1846703766725093,2.184598076430808,2.184525651681653,2.1844531021436677,2.184380427354908,2.1843076266778305,2.1842346993043367,2.1841616442608847,2.184088460413664,2.1840151464738407,2.183941701002852,2.1838681224177674,2.183794408996691,2.18372055888422,2.183646570096946,2.183572440528998,2.183498167957622,2.183423750048799,2.1833491843628865,2.183274468360298,2.183199599407198,2.183124574781221,2.183049391677207,2.1829740472129524,2.1828985384349666,2.1828228623242407,2.1827470158020184,2.182670995735563,2.182594798943927,2.182518422203712,2.1824418622548207,2.1823651158061956,2.1822881795415383,2.1822110501250194,2.1821337242069547,2.182056198429466,2.181978469432109,2.181900533857472,2.18182238835674,2.1817440295952264,2.1816654542578595,2.1815866590546356,2.1815076407260188,2.181428396048302,2.1813489218389184,2.1812692149616937,2.181189272332056,2.181109090922183,2.181028667766092,2.180947999964676,2.18086708469067,2.1807859191935552,2.1807045008044064,2.180622826940662,2.1805408951108296,2.180458702919124,2.1803762480700266,2.1802935283727827,2.180210541745809,2.1801272862210435,2.180043759948205,2.179959961198983,2.179875888371143,2.1797915399925594,2.179706914725162,2.179622011368806,2.1795368288650563,2.1794513663008965,2.1793656229123477,2.1792795980880113,2.1791932913725227,2.179106702469931,2.1790198312469817,2.1789326777363294,2.1788452421396585,2.178757524830726,2.1786695263583176,2.178581247449122,2.178492689010523,2.178403852133311,2.1783147380943078,2.1782253483589167,2.1781356845835864,2.178045748618199,2.1779555425083754,2.177865068497702,2.1777743290298814,2.1776833267508082,2.1775920645105598,2.177500545365322,2.177408772579232,2.1773167496261525,2.1772244801913727,2.1771319681732377,2.1770392176847024,2.1769462330548235,2.17685301883018,2.176759579776224,2.1766659208785697,2.1765720473442145,2.1764779646026957,2.1763836783071864,2.1762891943355283,2.1761945187912084,2.176099658004265,2.1760046185321515,2.1759094071605296,2.1758140309040126,2.1757184970068515,2.175622812943572,2.175526986419552,2.1754310253715494,2.175334937968185,2.175238732610364,2.1751424179316623,2.1750460027986516,2.1749494963111853,2.1748529078026384,2.174756246840096,2.174659523224501,2.174562746990761,2.1744659284078027,2.174369077978589,2.1742722064400968,2.174175324763244,2.1740784441527845,2.1739815760471535,2.1738847321182777,2.1737879242713447,2.173691164644527,2.1735944656086725,2.1734978397669487,2.1734012999544503,2.173304859237766,2.173208530914505,2.173112328512779,2.1730162657906504,2.1729203567355344,2.17282461556356,2.1727290567188904,2.1726336948729994,2.1725385449239076,2.17244362199537,2.1723489414360238,2.17225451881849,2.1721603699384255,2.172066510813534,2.171972957682524,2.171879727004022,2.1717868354554324,2.1716942999317497,2.1716021375443177,2.1715103656195303,2.171419001697489,2.171328063530592,2.1712375690820758,2.1711475365244928,2.1710579842381312,2.1709689308093743,2.1708803950289925,2.170792395890376,2.170704952587702,2.1706180845140266,2.17053181125932,2.1704461526084176,2.1703611285389095,2.1702767592189507,2.170193065004998,2.170110066439467,2.1700277842483136,2.1699462393385316,2.169865452795571,2.169785445880674,2.1697062400281153,2.169627856842372,2.1695503180951894,2.1694736457225656,2.169397861821643,2.1693229886475014,2.1692490486098643,2.1691760642697013,2.1691040583357397,2.169033053660871,2.168963073238461,2.1688941401985566,2.1688262778039924,2.1687595094463856,2.168693858642039,2.168629349027723,2.1685660043563604,2.1685038484926027,2.16844290540829,2.168383199177809,2.168324753973339,2.168267594059983,2.168211743790793,2.168157227601677,2.1681040700062018,2.168052295590275,2.1680019290067176,2.1679529949697303,2.1679055182492326,2.167859523665104,2.1678150360813047,2.167772080399886,2.1677306815548905,2.167690864506138,2.1676526542329078,2.167616075727501,2.167581153988707,2.167547914015148,2.1675163807985327,2.167486579316789,2.167458534527107,2.167432271358866,2.167407814706472,2.167385189422091,2.167364420308283,2.167345532110544,2.1673285495097545,2.1673134971145327,2.167300399453503,2.167289280967477,2.1672801660015475,2.167273078797106,2.167268043483777,2.1672650840712775,2.167264224441206,2.1672654883387574,2.1672688993643745,2.1672744809653364,2.167282256427281,2.16729224886568,2.167304481217253,2.167318976231337,2.1673357564612066,2.1673548442553576,2.1673762617487466,2.1674000308540005,2.167426173252597,2.1674547103860182,2.1674856634468824,2.1675190533700603,2.1675549008237813,2.167593226200725,2.167634049609116,2.1676773908638176,2.167723269477433,2.1677717046514147,2.167822715267189,2.1678763198773074,2.167932536696614,2.16799138359345,2.168052878080892,2.168117037308027,2.1681838780512774,2.1682534167057734,2.168325669276782,2.168400651371192,2.168478378189076,2.168558864515306,2.1686421247112597,2.1687281727066003,2.168817021991144,2.1689086856068136,2.1690031761396997,2.1691005057122106,2.169200685975332,2.1693037281010037,2.1694096427746037,2.1695184401875593,2.1696301300300798,2.169744721484023,2.1698622232158957,2.1699826433699942,2.170105989561692,2.1702322688708717,2.1703614878355157,2.170493652445458,2.170628768136287,2.1707668397834308,2.170907871696403,2.17105186761323,2.1711988306950545,2.171348763520926,2.1715016680827763,2.171657545780589,2.1718163974177607,2.1719782231966684,2.1721430227144287,2.17231079495887,2.172481538304714,2.172655250509965,2.172831928712519,2.173011569426985,2.173194168541735,2.173379721316171,2.173568222378222,2.1737596657220672,2.1739540447060923,2.1741513520510765,2.174351579838615,2.1745547195097816,2.174760761864024,2.174969697058305,2.1751815146064812,2.175396203378928,2.175613751602406,2.1758341468601725,2.176057376092344,2.1762834255964987,2.1765122810285287,2.1767439274037423,2.176978349098212,2.177215529850372,2.177455452762863
18.75,1.0521197010328307,1.1074237202681791,1.165792550225596,1.227109898386279,1.291262694931761,1.358141085453268,1.4276384107817703,1.4996511758675006,1.5740790094347117,1.6508246159514988,1.7297937212845729,1.8108950132538182,1.894040078160326,1.9791433342333429,2.0661219628253034,2.1548958380789163,2.24538745569529,2.3375218613465027,2.4312265791991283,2.5264315409462133,2.6230690156834884,2.7210735409104565,2.82038185488792,2.9209328305398574,3.022667411048923,3.1255285472606227,3.229461136981127,3.3344119662271674,3.4403296524633036,3.547164589841602,3.6548688964412013,3.7633963634900836,3.8727024065383393,3.9827440185411427,4.093479724800289,4.2048695397054265,4.316874925209712,4.429458750969607,4.542585256074597,4.656220012289787,4.770329888732378,4.88488301790206,4.999848762985017,5.115197686351711,5.2309015191696435,5.346933132053947,5.463266506680703,5.579876708290473,5.696739859012414,5.813833111942554,5.931134625913316,6.04862354089502,6.166279953973974,6.284084895855674,6.402020307845685,6.520069019264779,6.638214725258946,6.756441964968856,6.874736100027253,6.9930832933565155,7.111470488242269,7.2298853876624545,7.348316433854514,7.466752788106525,7.585184310761032,7.703601541423001,7.821995679365882,7.940358564132044,8.058682656325843,8.176961018599574,8.295187296834072,8.41335570151728,8.531460989325247,8.64949844491116,8.767463862908844,8.885353530157861,9.00316420815791,9.12089311576061,9.238537912106986,9.356096679819164,9.473567908454708,9.59095047823203,9.708243644035054,9.82544701970509,9.942560562627484,10.059584558620287,10.176519607131626,10.293366606752034,10.410126741047424,10.526801464717838,10.643392490086471,10.7599017739229,10.876331504603822,10.992684089613968,11.108962143389238,11.225168475503486,11.341306079199805,11.457378120266478,11.573387926257286,11.689338976055238,11.805234889778202,11.92107941902454,12.036876437456138,12.152629931715962,12.268343992676664,12.384022807016422,12.499670649117755,12.615291873284761,12.730890906273759,12.846472240132154,12.962040425339925,13.077600064247953,13.193155804807162,13.30871233458221,13.424274375043302,13.539846676129555,13.655434011077178,13.771041171505633,13.886672962754838,14.002334199466446,14.118029701402119,14.23376428949171,14.349542782104304,14.46536999153495,14.581250720700059,14.69718976003441,14.813191884582741,14.929261851279012,15.04540439640645,15.161624233231587,15.277926049805592,15.394314506926317,15.510794236254513,15.62736983857793,15.744045882216952,15.860826901565725,15.977717395762745,16.09472182748508,16.211844621860507,16.32909016549204,16.44646280558936,16.56396684920201,16.681606562549128,16.79938617044087,16.91730985578664,17.035381759185555,17.15360597859464,17.271986569070375,17.390527542579523,17.5092328678751,17.62810647043366,17.747152232450237,17.86637399288723,17.985775547573915,18.105360649353248,18.225133008272802,18.345096291816862,18.465254125176717,18.585610091556507,18.706167732511936,18.82693054831933,18.947901998372743,19.069085501606764,19.19048443694296,19.312102143757794,19.43394192237025,19.556007034547168,19.678300704024686,19.800826117044046,19.923586422900303,20.046584734502417,20.169824128943354,20.293307648078965,20.417038299114296,20.54101905519629,20.665252856011772,20.789742608389645,20.914491186906407,21.039501434494063,21.16477616304963,21.290318154045337,21.416130159138927,21.542214900783257,21.668575072834585,21.795213341158945,21.922132344235983,22.049334693759768,22.176822975236046,22.304599748575455,22.432667548682247,22.561028886038063,22.689686247280434,22.818642095775527,22.9478988721848,23.077458995025246,23.20732486122282,23.337498846658786,23.467983306708597,23.598780576772928,23.729892972800293,23.86132279180341,23.99307231236474,24.125143795133546,24.257539483313856,24.39026160314305,24.52331236436067,24.656693960667198,24.790408570172467,24.924458355833465,25.058845465881173,25.193572034236244,25.328640180913094,25.464052012412235,25.599809622100384,25.73591509057823,25.872370486035337,26.009177864591987,26.14633927062759,26.283856737095316,26.421732285822646,26.559967927797405,26.69856566343901,26.83752748285455,26.976855366079292,27.116551283301277,27.25661719506965,27.397055052486262,27.537866797380286,27.679054362465322,27.820619671478713,27.9625646393026,28.104891172066385,28.247601167230155,28.390696513648674,28.534179091615616,28.678050772887534,28.82231342068724,28.966968889686196,29.112019025965516,29.257465666955177,29.40331064135108,29.549555769009583,29.696202860819092,29.84325371854843,29.9907101346715,30.13857389216802,30.28684676429991,30.435530514363027,30.58462689541387,30.73413764997109,30.88406450969128,31.034409195019,31.185173414810606,31.336358865931622,31.48796723282756,31.64000018706777,31.792459386862234,31.945346476551077,32.09866308606661,32.25241083036775,32.406591308846686,32.56120610470762,32.71625678431764,32.87174489652944,33.02767197197591,33.18403952233671,33.34084903957653,33.498101995155324,33.655799839210346,33.813943999710176,33.97253588158078,34.13157686580363,34.291068308486196,34.451011539904755,34.61140786351987,34.77225855496466,34.93356486100603,35.09532799847938,35.257549153196656,35.42022947882853,35.58337009576063,35.74697208992441,35.91103651160307,36.07556437421274,36.240556653059556,36.40601428407305,36.571938162516275,36.73832914167324,36.90518803151418,37.07251559733922,37.24031255840106,37.408579586507194,37.57731730460243,37.74652628533223,37.916207049587726,38.0863600650329,38.256985744614845,38.428084445057756,38.599656465341376,38.771702045164844,38.94422136339655,39.11721453651102,39.29068161701345,39.46462259185295,39.63903738082526,39.813925834965886,39.98928773493452,40.16512278939161,40.34143063336826,40.51821082663001,40.69546285203577,40.873186113892835,41.05137993630879,41.23004356154144,41.40917614834774,41.588776770332636,41.76884441429898,41.94937797859942,42.13037627149124,42.3118380094953,42.493761815760045,42.676146218431576,42.85898964903082,43.042290440838855,43.22604682729145,43.41025694038366,43.594918809085755,43.7800303577713,43.96558940465849,44.15159366026568,44.338040725882216,44.52492809205543,44.71225313709486,44.90001312559463,45.088205206975054,45.2768264140442,45.4658736615806,45.65534374493787,45.84523333867224,46.035538995193775,46.22625714344243,46.41738408758944,46.60891600576525,46.800848948814654,46.99317883907984,47.18590146921252,47.379012501015495,47.57250746431475,47.766381755862604,47.96063063827279,48.15524923898812,48.35023254928136,48.54557542329006,48.741272577085944,48.9373185877795,49.13370789266029,49.33043478837365,49.52749343013432,49.724877830977434,49.92258186104747,50.12059924692559,50.31892357099589,50.517548270850845,50.716466638736534,50.91567182103794,51.11515681780461,51.31491448231719,51.51493752069494,51.71521849154472,51.91574980565142,52.11652372571051,52.31753236610242,52.51876769270929,52.72022152277419,52.92188552480279,53.12375121850782,53.32580997479623,53.52805301579927,53.73047141494547,53.93305609707642,54.13579783860572,54.33868726772067,54.54171486462691,54.744870961835865,54.94814574449497,55.151529250760575,55.35501137221331,55.55858185431594,55.762230296913444,55.965946154775146,56.16971873817876,56.37353721353618,56.577390604060625,56.78126779047514,56.98515751176196,57.189048365952665,57.392928810958736,57.59678716544226,57.80061160972644,58.00439018674563,58.208110803034565,58.41176122975637,58.61532910376915,58.818801928730565,59.02216707624022,59.22541178701951,59.42852317212822,59.6314882142179,59.83429376882132,60.03692656567765,60.239373210093106,60.44162018433636,60.64365384906855,60.845460444807294,61.04702609342435,61.24833679967641,61.44937845276875,61.65013682795096,61.850597588144794,62.050746285603125,62.25056836360014,62.450049158151764,62.64917389976632,62.84792771522473,63.046295629389824,63.24426256704445,63.441813354757684,63.63893272277903,63.835605306959856,64.0318156507018,64.22754820693171,64.42278734010254,64.61751732821998,64.81172236489421,65.00538656141647,65.19849394885992,65.39102848020453,65.5829740324854,65.77431440896429,65.96503334132372,66.15511449188357,66.34454145583948,66.5332977635228,66.72136688268164,66.90873222078281,67.09537712733412,67.28128489622652,67.4664387680962,67.65082193270572,67.83441753134424,68.01720865924628,68.1991783680286,68.38030966814533,68.56058553136027,68.73998889323654,68.91850265564334,69.09610968927888,69.27279283620989,69.44853491242694,69.62331871041525,69.79712700174103,69.96994253965258,70.1417480616961,70.31252629234604,70.48225994564926,70.65093172788312,70.81852434022687,70.98502048144645,71.15040285059175,71.3146541497068,71.47775708655186,71.63969437733783,71.80044874947191,71.96000294431492,72.1183397199494,72.27544185395863,72.43129214621598,72.58587342168433,72.73916853322541,72.89116036441841,73.041831832388,73.19116589064095,73.33914553191138,73.48575379101422,73.63097374770629,73.77478852955514,73.91718131481474,74.05813533530832,74.19763387931725,74.33566029447614,74.47219799067372,74.6072304429589,74.74074119445166,74.8727138592587,75.003132125393,75.13197975769698,75.25924060076933,75.38489858189426,75.50893771397341,75.6313420984595,75.75209592829178,75.8711834908323,75.98858917080265,76.1042974532211,76.21829292633886,76.33056028457584,76.44108433145465,76.54984998253283,76.65684226833233,76.7620463372661,76.86544745856105,76.96703102517662,77.06678255671885,77.16468770234884,77.26073224368537,77.35490209770084,77.44718331961015,77.53756210575145,77.62602479645884,77.71255787892535,77.79714799005677,77.87978191931434,77.9604466115468,78.03912916981028,78.11581685817566,78.19049710452272,78.26315750332022,78.33378581839136,78.4023699856635,78.46889811590188,78.53335849742635,78.59573959881024,78.6560300715606,78.71421875277949,78.77029466780478,78.82424703283036,78.87606525750446,78.92573894750556,78.97325790709493,79.01861214164524,79.06179186014386,79.10278747767083,79.14158961784983,79.17818911527195,79.21257701789118,79.24474458939068,79.27468331151914,79.30238488639651,79.32784123878784,79.35104451834482,79.37198710181399,79.39066159521079,79.40706083595852,79.42117789499162,79.43300607882222,79.44253893156908,79.44977023694838,79.45469402022528,79.4573045501254,79.45759634070569,79.45556415318354,79.45120299772356,79.44450813518108,79.43547507880187,79.42409959587668,79.41037770935068,79.39430569938622,79.37588010487875,79.35509772492472,79.33195562024123,79.30645111453606,79.27858179582793,79.24834551771598,79.21574040059804,79.18076483283654,79.14341747187214,79.1036972452836,79.06160335179396,79.01713526222211,78.97029272037898,78.9210757439081,78.86948462507002,78.81551993146942,78.75918250672525,78.70047347108269,78.63939422196682,78.57594643447739,78.51013206182425,78.44195333570306,78.37141276661082,78.29851314410075,78.22325753697649,78.14564929342464,78.06569204108607,77.98338968706511,77.89874641787661,77.81176669933055,77.72245527635398,77.63081717275007,77.53685769089398,77.4405824113657,77.34199719251927,77.24110816998869,77.13792175613001,77.03244463940007,76.92468378367117,76.81464642748237,76.70234008322686,76.58777253627568,76.47095184403783,76.35188633495693,76.2305846074443,76.10705552874884,75.98130823376376,75.85335212377032,75.72319686511891,75.5908523878474,75.45632888423769,75.31963680730973,75.18078686925436,75.03979003980461,74.89665754454604,74.75140086316667,74.60403172764654,74.45456212038779,74.30300427228524,74.14937066073833,73.99367400760485,73.83592727709676,73.67614367361894,73.51433663955127,73.35051985297487,73.18470722534275,73.01691289909573,72.84715124522455,72.67543686077828,72.50178456632028,72.32620940333217,72.14872663156652,71.96935172634934,71.78810037583271,71.6049884781988,71.42003213881586,71.23324766734704,71.04465157481305,70.85426057060931,70.6620915594789,70.46816163844163,70.27248809368082,70.07508839738824,69.87598020456844,69.67518134980337,69.47270984397832,69.26858387097023,69.06282178429916,68.85544210374435,68.64646351192565,68.4359048508513,68.22378511843364,68.01012346497296,67.79493918961167,67.57825173675892,67.36008069248732,67.14044578090284,66.91936686048889,66.69686392042571,66.47295707688635,66.24766656931031,66.02101275665609,65.79301611363357,65.56369722691764,65.33307679134421,65.10117560608971,64.86801457083533,64.63361468191687,64.3979970284622,64.16118278851638,63.923193225156595,63.684049682597596,63.4437735822889,63.20238641900511,62.95990975693028,62.71636522573781,62.47177451666663,62.226159378595455,61.97954161411556,61.731943075603965,61.48338566129754,61.2338913113697,60.98348200401068,60.73217975151232,60.480006596358756,60.22698460732421,59.973135875578656,59.718482510802936,59.46304663731399,59.20685039020169,58.94991591147808,58.692265346240255,58.433920838847975,58.17490452911693,57.91523854852887,57.65494501645949,57.3940460364253,57.13256369235019,56.87052004485308,56.60793712755722,56.344836943422564,56.08124146110173,55.81717261132089,55.552652283286236,55.28770232111714,55.022344520306724,54.756600624210996,54.490492320567085,54.224041238041735,53.957268942810735,53.690196935170185,53.4228466461803,53.15523943434272,52.88739658231192,52.61933929364163,52.351088689566836,52.08266580582232,51.81409158949818,51.54538689593323,51.276572485646795,51.00766902130968,50.73869706475489,50.4696770740286,50.200629400482256,49.93157428590602,49.66253185970445,49.39352213611475,49.12456501146807,48.855680261494676,48.58688753867299,48.31820636962338,48.049656152546916,47.78125615470963,47.51302550997253,47.24498321636792,46.97714813372238,46.709538981326546,46.44217433565231,46.175072628117526,45.90825214289854,45.64173101479106,45.375527227119136,45.10965860969299,44.84414283681557,44.57899742533816,44.314239732765145,44.049886955408205,43.78595612658998,43.5224641148973,43.25942762248417,42.99686318342456,42.73478716211505,42.473215751727324,42.21216497271071,41.951650671344545,41.691688518340605,41.432294007495344,41.173482454392094,40.915268995153035,40.657668585240955,40.400695998310624,40.14436582510975,39.888692472429426,39.63369016210371,39.37937293005854,39.125754625409414,38.872848909608145,38.62066925563785,38.36922894725663,38.1185410782892,37.86861855196652,37.61947408031308,37.37112018358152,37.12356918973439,36.876833233972704,36.63092425831096,36.385854011198454,36.14163404718624,35.89827572663979,35.65579021549668,35.414188485069076,35.17348131189061,34.933679277607276,34.69479276891189,34.45683197752182,34.219806900199366,33.9837273388146,33.748602900450024,33.514442997546695,33.28125684809132,33.04905347584395,32.81784171060561,32.58763018852558,32.35842735244765,32.13024145229507,31.903080545493424,31.676952497431174,31.451864981957176,31.22782548191468,31.004841289711372,30.782919507924763,30.562067049942534,30.34229064063721,30.123596817074596,29.905991929255467,29.6894821408899,29.47407343020376,29.25977159077663,29.046582232410785,28.834510782030485,28.623562484611075,28.413742404137334,28.205055424590412,27.99750625096282,27.791099410300884,27.585839252774033,27.381729952770407,27.17877551001805,26.976979750731275,26.776346328781433,26.57687872689161,26.378580257854612,26.181454065773607,25.98550312732491,25.79073025304222,25.597138088621787,25.404729116247882,25.213505655937986,25.023469866907075,24.834623748950477,24.64696914384466,24.46050773676533,24.275241057722376,24.091170483010934,23.908297236678106,23.72662239200467,23.54614687300129,23.36687145591855,23.188796770770356,23.011923302870052,22.83625139437875,22.661781245865253,22.488512917877106,22.316446332522098,22.145581275059815,21.975917395502588,21.807454210225348,21.640191103583852,21.474127329540732,21.309262013298877,21.14559415294162,20.98312262107916,20.821846166500812,20.6617634158325,20.502872875199028,20.345172931890627,20.188661856033328,20.033337802262597,19.879198811399863,19.726242812131378,19.574467622689003,19.423870952532436,19.274450404032457,19.126203474154696,18.97912755614354,18.8332199412057,18.688477820193103,18.544898285284503,18.40247833166563,18.26121485920728,18.12110467414109,17.982144490732477,17.84433093295043,17.7076605361338,17.572129748653616,17.43773493357117,17.304472370291418,17.17233825621141,17.041328708363388,16.911439765052172,16.78266738748657,16.655007461404406,16.528455798690942,16.40300813899029,16.278660151309577,16.155407435615494,16.033245524423037,15.912169884376079,15.792175917819476,15.673258964362548,15.555414302433526,15.438637150824846,15.322922670228905,15.208265964764164,15.094662083491269,14.98210602191899,14.870592723499769,14.760117081114636,14.650673938547298,14.542258091947183,14.43486429128124,14.328487241774356,14.223121605338104,14.11876200198774,14.015403011247233,13.913039173542158,13.811664991580303,13.711274931719855,13.61186342532496,13.513424870108606,13.415953631462596,13.319444043774547,13.223890411731785,13.129287011611975,13.03562809256044,12.942907877854001,12.851120566151273,12.760260332729326,12.670321330706587,12.581297692251947,12.493183529779952,12.405972937132015,12.319659990743617,12.234238750797374,12.149703262361962,12.066047556516828,11.98326565146263,11.90135155361738,11.820299258698242,11.74010275278897,11.660756013392907,11.582253010471607,11.50458770746896,11.42775406232089,11.35174602845055,11.276557555749083,11.202182591541836,11.128615081540163,11.055848970778701,10.98387820453821,10.912696729253952,10.842298493409652,10.772677448417019,10.703827549480918,10.63574275645015,10.568417034653931,10.50184435572407,10.43601869840291,10.370934049337032,10.306584403856842,10.24296376674199,10.18006615297278,10.117885588467534,10.05641611080603,9.995651769939036,9.935586628884039,9.876214764407184,9.817530267691556,9.759527244991823,9.70219981827534,9.645542125849776,9.589548322977379,9.534212582475885,9.479529095306246,9.425492071147193,9.372095738956755,9.319334347520801,9.267202165988731,9.215693484396379,9.164802614176214,9.114523888654983,9.064851663538851,9.015780317386152,8.96730425206787,8.919417893215899,8.872115690659268,8.82539211884838,8.779241677267372,8.733658890834738,8.688638310292298,8.64417451258264,8.60026210121513,8.556895706620635,8.514069986495018,8.47177962613159,8.430019338742593,8.388783865769808,8.348067977184485,8.307866471776629,8.268174177433817,8.228985951409637,8.190296680581882,8.152101281700636,8.114394701626315,8.077171917557871,8.040427937251215,8.004157799228002,7.96835657297492,7.933019359133569,7.898141289681095,7.863717528101672,7.829743269548977,7.796213740999766,7.76312420139869,7.73046994179446,7.698246285467512,7.666448588049261,7.635072237633106,7.604112654877277,7.573565293099666,7.543425638364778,7.513689209562896,7.484351558481609,7.45540826986982,7.426854961494347,7.398687284189257,7.370900921898047,7.343491591708788,7.316455043882376,7.289787061873981,7.263483462347838,7.237540095185501,7.211952843487663,7.186717623569675,7.161830384950887,7.137287110337919,7.113083815601977,7.089216549750351,7.065681394892196,7.0424744661987075,7.019591911857831,6.9970299130235905,6.9747846837601655,6.952852470980847,6.9312295543819396,6.90991224637177,6.888896891994882,6.868179868851541,6.847757587012655,6.827626488930219,6.807783049343391,6.788223775180318,6.768945205455783,6.749943911164834,6.731216495172449,6.712759592099355,6.694569868204125,6.676644021261621,6.6589787804379155,6.641570906161754,6.6244171899927,6.607514454486024,6.590859553054456,6.574449369826877,6.558280819504073,6.542350847211606,6.526656428349936,6.511194568441854,6.495962302977326,6.480956697255853,6.466174846226399,6.4516138743250195,6.43727093531024,6.423143212096285,6.409227916584246,6.395522289491255,6.382023600177761,6.368729146472994,6.355636254498663,6.342742278491013,6.330044600621286,6.317540630814668,6.305227806567812,6.293103592764982,6.281165481492933,6.269410991854552,6.257837669781367,6.2464430878449715,6.235224845067452,6.224180566730862,6.213307904185831,6.202604534659358,6.192068161061874,6.181696511793597,6.171487340550291,6.161438426128451,6.151547572229995,6.141812607266503,6.132231384163088,6.122801780161923,6.113521696625505,6.104389058839691,6.095401815816572,6.086557940097239,6.0778554275544705,6.069292297195416,6.060866590964309,6.0525763735452704,6.044419732165225,6.036394776397008,6.028499637962679,6.020732470537097,6.013091449551807,6.005574771999267,5.998180656237458,5.9909073417949195,5.983753089176249,5.976716179668102,5.96979491514573,5.962987617880072,5.956292630345482,5.949708315028069,5.943233054234718,5.936865249902816,5.930603323410701,5.924445715388889,5.918390885532071,5.912437312411944,5.906583493290883,5.900827943936483,5.895169198436994,5.889605809017678,5.884136345858115,5.87875939691046,5.873473567718701,5.868277481238918,5.863169777660571,5.858149114228828,5.853214165067972,5.848363621005871,5.8435961893995625,5.838910593961946,5.834305574589598,5.829779887191747,5.825332303520393,5.820961611001601,5.81666661256798,5.812446126492346,5.808298986222609,5.804224040217853,5.8002201517856555,5.796286198920637,5.792421074144245,5.788623684345796,5.784892950624773,5.781227808134372,5.777627205926338,5.774090106797051,5.770615487134914,5.767202336768995,5.763849658818978,5.760556469546389,5.757321798207118,5.754144686905234,5.751024190448081,5.747959376202691,5.7449493239534695,5.741993125761195,5.739089885823298,5.736238720335444,5.7334387573544054,5.730689136662222,5.727989009631655,5.725337539092919,5.722733899201712,5.7201772753085045,5.717666863829123,5.715201872116596,5.712781518334274,5.710405031330205,5.708071650512776,5.70578062572761,5.7035312171356916,5.701322695092761,5.69915434002993,5.697025442335521,5.694935302238144,5.69288322969098,5.6908685442572775,5.688890574997044,5.686948660354942,5.685042148049366,5.683170394962698,5.681332767032733,5.679528639145276,5.677757395027878,5.676018427144732,5.674311136592698,5.6726349329984584,5.670989234416793,5.669373467229969,5.6677870660482235,5.666229473611344,5.664700140691335,5.663198525996143,5.6617240960744715,5.66027632522162,5.658854695386397,5.657458696079043,5.6560878242801955,5.654741584350868,5.653419487943429,5.652121053913576,5.650845808233311,5.64959328390487,5.648363020875641,5.6471545659540245,5.64596747272625,5.644801301474121,5.643655619093694,5.642529999014883,5.641424021121949,5.6403372716749125,5.639269343231841,5.638219834572019,5.6371883506199865,5.636174502370442,5.6351779068139844,5.634198186863717,5.633234971282653,5.632287894611973,5.631356597100078,5.6304407246324475,5.629539928662303,5.628653866142042,5.627782199455461,5.6269245963507375,5.62608072987418,5.625250278304718,5.624432925089144,5.623628358778076,5.622836272962665,5.622056366211991,5.621288342011192,5.6205319087002765,5.619786779413639,5.619052672020253,5.618329309064537,5.617616417707896,5.616913729670921,5.616220981176241,5.615537912892012,5.614864269876058,5.614199801520642,5.6135442614978395,5.612897407705555,5.612259002214135,5.611628811213582,5.611006604961368,5.610392157730835,5.60978524776018,5.6091856572020165,5.608593172073501,5.608007582207027,5.607428681201471,5.606856266373998,5.606290138712404,5.605730102827999,5.605175966909022,5.604627542674596,5.604084645329176,5.6035470935175455,5.603014709280302,5.6024873180098576,5.601964748406933,5.601446832437549,5.600933405290511,5.600424305335367,5.599919374080858,5.599418456133833,5.598921399158639,5.598428053836965,5.597938273828163,5.597451915730007,5.596968839039913,5.5964889061165985,5.5960119821421905,5.595537935084755,5.595066635661281,5.5945979573010725,5.594131776109575,5.593667970832617,5.5932064228210665,5.5927470159959,5.592289636813679,5.591834174232426,5.5913805196779025,5.5909285670102715,5.5904782124911705,5.59002935475115,5.589581894757503,5.589135735782478,5.58869078337186,5.588246945313919,5.587804131608737,5.587362254437885,5.5869212281344725,5.5864809691535395,5.586041396042809,5.585602429413782,5.58516399191318,5.5847260081947265,5.584288404891265,5.583851110587209,5.583414055791325,5.582977172909831,5.582540396219831,5.582103661843054,5.581666907719913,5.581230073583879,5.580793100936149,5.580355933020631,5.5799185147992185,5.579480792927362,5.57904271572994,5.578604233177404,5.57816529686222,5.577725859975587,5.577285877284425,5.5768453051086535,5.576404101298711,5.575962225213374,5.575519637697808,5.575076301061895,5.574632179058803,5.57418723686382,5.573741441053418,5.573294759584568,5.572847161774299,5.57239861827948,5.571949101076843,5.571498583443228,5.571047039936058,5.570594446374022,5.570140779817987,5.5696860185521135,5.569230142065183,5.568773131032129,5.568314967295771,5.567855633848735,5.567395114815588,5.5669333954351385,5.566470462042938,5.566006302053958,5.565540903945446,5.565074257239956,5.56460635248855,5.564137181254168,5.56366673609515,5.563195010548941,5.5627219991159205,5.562247697243414,5.561772101309832,5.561295208608966,5.560817017334416,5.560337526564165,5.559856736245284,5.559374647178769,5.558891261004499,5.558406580186331,5.5579206079973,5.5574333485049525,5.55694480655678,5.556454987765773,5.555963898496078,5.5554715458487625,5.554977937647677,5.554483082425419,5.553986989409391,5.5534896685079564,5.5529911302966735,5.55249138600463,5.551990447500851,5.551488327280795,5.550985038452934,5.55048059472539,5.549975010392667,5.549468300322447,5.548960479942453,5.548451565227385,5.54794157268591,5.547430519347727,5.54691842275069,5.546405300927983,5.545891172395361,5.545376056138441,5.544859971600046,5.544342938667612,5.543824977660625,5.543306109318133,5.542786354786276,5.542265735605898,5.541744273700169,5.54122199136228,5.540698911243162,5.540175056339258,5.539650449980343,5.539125115817361,5.538599077810335,5.538072360216285,5.537544987577218,5.537016984708131,5.53648837668507,5.535959188833217,5.53542944671503,5.534899176118408,5.5343684030449065,5.533837153697984,5.5333054544713045,5.53277333193706,5.532240812834353,5.531707924057609,5.53117469264504,5.530641145767146,5.530107310715271,5.529573214890193,5.529038885790765,5.528504351002617,5.527969638186886,5.527434775069017,5.526899789427606,5.526364709083299,5.525829561887748,5.525294375712632,5.524759178438723,5.524223997945028,5.523688862097987,5.523153798740736,5.522618835682448,5.522084000687729,5.521549321466102,5.52101482566155,5.520480540842155,5.519946494489802,5.519412713989967,5.518879226621597,5.5183460595470795,5.517813239802284,5.517280794286723,5.516748749753785,5.516217132801084,5.5156859698609,5.515155287190727,5.514625110863935,5.514095466760528,5.513566380558034,5.513037877722491,5.512509983499576,5.5119827229058345,5.511456120720051,5.51093020147474,5.510404989447776,5.509880508654151,5.509356782837875,5.508833835464022,5.508311689710906,5.507790368462422,5.507269894300525,5.5067502894978695,5.506231576010604,5.505713775471318,5.505196909182171,5.504680998108159,5.50416606287058,5.503652123740643,5.5031392006332736,5.502627313101082,5.502116480328516,5.5016067211261985,5.50109805392545,5.500590496772989,5.500084067325838,5.499578782846412,5.4990746601978024,5.4985717158392635,5.49806996582189,5.497569425784507,5.497070110949752,5.4965720361203765,5.496075215675736,5.495579663568511,5.495085393321619,5.494592418025354,5.494100750334733,5.493610402467061,5.493121386199707,5.4926337128681055,5.492147393363971,5.491662438133736,5.491178857177214,5.4906966600464715,5.490215855844929,5.489736453226695,5.489258460396102,5.488781885107483,5.488306734665165,5.487833015923684,5.487360735288227,5.486889898715297,5.486420511713595,5.485952579345127,5.48548610622654,5.485021096530667,5.484557553988293,5.484095481890151,5.4836348830891195,5.4831757600026485,5.482718114615393,5.482261948482061,5.481807262730474,5.481354058064835,5.480902334769203,5.48045209271118,5.480003331345784,5.479556049719543,5.479110246474772,5.478665919854049,5.478223067704886,5.477781687484585,5.4773417762652805,5.476903330739173,5.476466347223928,5.476030821668261,5.475596749657697,5.475164126420484,5.4747329468336945,5.474303205429463,5.473874896401399,5.473448013611146,5.473022550595089,5.472598500571198,5.472175856446033,5.471754610821857,5.471334756003899,5.470916284007733,5.470499186566777,5.470083455139919,5.469669080919233,5.469256054837816,5.4688443675777245,5.468434009577998,5.468024971042777,5.4676172419494975,5.46721081205718,5.466805670914772,5.4664018078695715,5.465999212075705,5.465597872502658,5.46519777794387,5.4647989170253535,5.464401278214369,5.464004849828121,5.46360962004248,5.46321557690074,5.462822708322361,5.462431002111759,5.462040445967058,5.461651027488876,5.461262734189063,5.460875553499459,5.460489472780612,5.460104479330469,5.459720560393035,5.459337703166996,5.458955894814299,5.458575122468662,5.458195373244056,5.457816634243106,5.4574388925654205,5.457062135315859,5.4566863496127125,5.456311522595801,5.455937641434475,5.455564693335529,5.455192665551007,5.454821545385903,5.454451320205744,5.454081977444071,5.453713504609776,5.45334588929433,5.452979119178867,5.452613182041134,5.452248065762304,5.4518837583336435,5.451520247863012,5.451157522581233,5.450795570848284,5.450434381159335,5.450073942150617,5.44971424260512,5.449355271458116,5.448997017802497,5.44863947089395,5.448282620155925,5.4479264551844295,5.447570965752629,5.447216141815251,5.446861973512795,5.446508451175543,5.446155565327372,5.445803306689353,5.445451666183162,5.445100634934264,5.444750204274902,5.444400365746869,5.444051111104073,5.443702432314882,5.44335432156426,5.4430067712556855,5.442659774012859,5.442313322681185,5.4419674103290445,5.441622030248849,5.441277175957877,5.440932841198892,5.440589019940545,5.440245706377568,5.439902894930737,5.439560580246629,5.439218757197172,5.43887742087897,5.43853656661242,5.438196189940629,5.437856286628106,5.437516852659257,5.437177884236685,5.436839377779259,5.436501329920021,5.436163737503858,5.435826597585002,5.4354899074243335,5.435153664486488,5.434817866436778,5.4344825111379365,5.434147596646677,5.433813121210071,5.433479083261754,5.43314548141797,5.432812314473436,5.432479581397055,5.432147281327457,5.4318154135684,5.4314839775840165,5.431152972993901,5.43082239956807,5.430492257221781,5.430162546010215,5.429833266123031,5.429504417878801,5.429176001719318,5.4288480182038,5.428520468002973,5.428193351893061,5.427866670749668,5.427540425541563,5.427214617324395,5.426889247234294,5.426564316481419,5.426239826343416,5.425915778158816,5.425592173320364,5.4252690132682915,5.424946299483537,5.42462403348092,5.424302216802264,5.423980851009496,5.423659937677698,5.4233394783881455,5.4230194747213165,5.4226999282498864,5.422380840531704,5.4220622131027785,5.421744047470247,5.42142634510535,5.421109107436429,5.420792335841912,5.420476031643343,5.420160196098419,5.419844830394061,5.419529935639509,5.4192155128594655,5.418901562987278,5.418588086858155,5.418275085202448,5.417962558638977,5.4176505076684185,5.417338932666757,5.417027833878804,5.4167172114117745,5.416407065228956,5.4160973951434395,5.415788200811947,5.41547948172872,5.415171237219522,5.414863466435711,5.414556168348416,5.414249341742809,5.413942985212474,5.413637097153879,5.413331675760952,5.413026719019768,5.412722224703334,5.412418190366504,5.412114613340987,5.411811490730488,5.411508819405958,5.4112065960009526,5.410904816907135,5.410603478269884,5.410302575984026,5.410002105689698,5.409702062768329,5.409402442338756,5.409103239253455,5.408804448094919,5.408506063172146,5.408208078517259,5.407910487882271,5.407613284735962,5.407316462260897,5.407020013350566,5.40672393060666,5.40642820633648,5.406132832550467,5.405837800959867,5.405543102974531,5.405248729700828,5.4049546719397075,5.404660920184872,5.4043674646210915,5.404074295122631,5.403781401251817,5.403488772257724,5.4031963970749795,5.40290426432271,5.402612362303589,5.402320679003023,5.402029202088454,5.401737918908779,5.401446816493896,5.401155881554357,5.400865100481157,5.400574459345622,5.400283943899418,5.399993539574683,5.39970323148426,5.3994130044220565,5.399122842863503,5.398832730966133,5.398542652570269,5.398252591199816,5.397962530063177,5.397672452054257,5.397382339753591,5.397092175429574,5.396801941039795,5.396511618232485,5.396221188348061,5.3959306324207885,5.3956399311805345,5.395349065054643,5.3950580141699,5.394766758354617,5.394475277140812,5.3941835497665025,5.393891555178096,5.393599272032898,5.393306678701723,5.393013753271608,5.392720473548639,5.392426817060894,5.392132761061482,5.391838282531703,5.391543358184316,5.391247964466928,5.390952077565484,5.390655673407887,5.390358727667727,5.390061215768135,5.3897631128857535,5.389464393954829,5.38916503367144,5.388865006497832,5.3885642866669015,5.388262848186798,5.387960664845659,5.387657710216488,5.387353957662166,5.3870493803405965,5.386743951210007,5.38643764303438,5.386130428389042,5.3858222796664,5.3855131690818245,5.385203068679703,5.384891950339634,5.384579785782789,5.384266546578449,5.383952204150691,5.3836367297852465,5.3833200946365505,5.383002269734936,5.382683225994031,5.382362934218323,5.382041365110912,5.381718489281448,5.381394277254252,5.381068699476639,5.380741726327427,5.380413328125639,5.380083475139416,5.37975213759511,5.379419285686609,5.379084889584836,5.37874891944748,5.378411345428919,5.378072137690365,5.377731266410214,5.377388701794608,5.3770444140882265,5.376698373585275,5.3763505506407006,5.376000915681628,5.3756494392190035,5.375296091859474,5.37494084431747,5.374583667427513,5.374224532156743,5.373863409617666,5.373500271081121,5.37313508798945,5.372767831969904,5.372398474848253,5.372026988662605,5.371653345677443,5.371277518397876,5.370899479584078,5.370519202265952,5.37013665975798,5.36975182567428,5.369364673943843,5.368975178825986,5.368583314925963,5.368189057210775,5.367792381025148,5.367393262107694,5.366991676607224,5.366587601099236,5.366181012602547,5.365771888596079,5.365360207035792,5.364945946371741,5.3645290855652705,5.364109604106328,5.363687482030887,5.363262699938479,5.362835239009822,5.362405081024534,5.361972208378925,5.361536604103868,5.361098251882715,5.360657136069279,5.360213241705843,5.359766554541211,5.359317061048765,5.358864748444551,5.358409604705335,5.357951618586669,5.357490779640917,5.3570270782352525,5.3565605055696,5.356091053694519,5.355618715529014,5.355143484878247,5.35466535645117,5.3541843258780295,5.353700389727746,5.353213545525159,5.352723791768121,5.352231127944419,5.351735554548514,5.3512370730981,5.350735686150434,5.350231397318465,5.349724211286711,5.349214133826895,5.348701171813314,5.348185333237919,5.3476666272251245,5.347145064046287,5.346620655133874,5.346093413095295,5.345563351726384,5.34503048602451,5.344494832201319,5.343956407695077,5.343415231182609,5.3428713225908115,5.342324703107745,5.341775395193265,5.341223422589195,5.340668810329031,5.340111584747151,5.33955177348753,5.338989405511938,5.338424511107613,5.337857121894399,5.337287270831329,5.336714992222653,5.336140321723284,5.335563296343668,5.334983954454059,5.334402335788176,5.33381848144626,5.333232433897495,5.332644236981795,5.332053935910951,5.33146157726912,5.330867209012646,5.330270880469227,5.3296726423363925,5.329072546679291,5.328470646927803,5.32786699787294,5.327261655662546,5.326654677796287,5.326046123119931,5.325436051818901,5.324824525411107,5.324211606739061,5.323597359961243,5.322981850542752,5.322365145245212,5.32174731211594,5.321128420476392,5.320508540909848,5.319887745248378,5.319266106559059,5.318643699129464,5.318020598452401,5.317396881209938,5.316772625256687,5.316147909602352,5.3155228143935735,5.314897420895038,5.314271811469876,5.313646069559347,5.313020279661835,5.312394527311123,5.311768899053997,5.3111434824271555,5.310518365933448,5.30989363901744,5.309269392040329,5.308645716254204,5.308022703775665,5.307400447558822,5.306779041367667,5.306158579747844,5.30553915799782,5.3049208721394825,5.3043038188881555,5.303688095622071,5.303073800351283,5.302461031686068,5.3018498888048,5.301240471421335,5.300632879751898,5.300027214481518,5.29942357673,5.29882206801746,5.298222790229447,5.297625845581665,5.297031336584297,5.296439366005978,5.2958500368374075,5.295263452254639,5.29467971558206,5.294098930255064,5.293521199782469,5.292946627708672,5.292375317575566,5.2918073728842465,5.291242897056533,5.29068199339629,5.290124765050627,5.289571314970939,5.28902174587385,5.288476160202053,5.287934660085093,5.287397347300086,5.286864323232417,5.28633568883643,5.28581154459613,5.285291990485917,5.284777125931381,5.28426704977017,5.283761860212956,5.283261654804528,5.28276653038501,5.282276583051258,5.281791908118425,5.281312600081737,5.280838752578495,5.2803704583503075,5.279907809205614,5.2794508959824595,5.278999808511606,5.27855463557995,5.278115464894297,5.27768238304549,5.277255475472927,5.276834826429484,5.276420518946864,5.276012634801368,5.275611254480146,5.275216457147914,5.274828320614169,5.274446921300915,5.274072334210917,5.2737046328965045,5.27334388942893,5.272990174368316,5.272643556734191,5.272304103976629,5.271971881948023,5.271646954875495,5.271329385333953,5.271019234219824,5.270716560725453,5.270421422314215,5.2701338746963176,5.2698539718053174,5.269581765775381,5.269317306919275,5.269060643707109,5.268811822745838,5.26857088875954,5.268337884570471,5.268112851080901,5.267895827255769,5.267686850106112,5.267485954673331,5.2672931740142666,5.267108539187099,5.266932079238078,5.266763821189099,5.266603790026103,5.266452008688345,5.26630849805849,5.266173276953577,5.26604636211683,5.265927768210333,5.265817507808565,5.26571559139279,5.265622027346316,5.265536821950615,5.265459979382306,5.265391501710998,5.265331388898,5.26527963879588,5.265236247148895,5.265201207594267,5.265174511664313,5.265156148789428,5.265146106301904,5.265144369440606,5.265150921356467,5.265165743118822,5.2651888137225695,5.265220110096151,5.265259607110336,5.265307277587828,5.265363092313654,5.265427020046361,5.265499027529977,5.265579079506766,5.265667138730741,5.265763165981928,5.26586712008139,5.265978957906977,5.266098634409814,5.2662261026315,5.266361313722018,5.266504216958329,5.26665475976367,5.2668128877275,5.2669785446261335,5.267151672443994,5.267332211395524,5.267520099947707,5.267715274843207,5.26791767112409,5.268127222156152,5.268343859653791,5.268567513705454,5.268798112799614,5.269035583851282,5.269279852229019,5.269530841782469,5.2697884748703485,5.270052672388925,5.270323353800942,5.270600437164976,5.270883839165231,5.271173475141732,5.271469259120908,5.2717711038465564,5.272078920811176,5.272392620287632,5.272712111361156,5.273037301961673,5.273368098896401,5.2737044078827635,5.274046133581543,5.274393179630306,5.274745448677047,5.275102842414062,5.275465261612028,5.2758326061542595,5.276204775071149,5.276581666574755,5.276963178093542,5.277349206307229,5.2777396471817735,5.27813439600442,5.2785333474188505,5.278936395460396,5.279343433591284,5.2797543547359345,5.280169051316267,5.280587415287016,5.2810093381710335,5.2814347110945645,5.281863424822492,5.282295369793515,5.282730436155272,5.283168513799373,5.283609492396341,5.284053261430444,5.2844997102344005,5.284948728023958,5.285400203932311,5.28585402704436,5.286310086430806,5.286768271182046,5.287228470441873,5.287690573440962,5.288154469530137,5.2886200482134,5.289087199180708,5.289555812340501,5.290025777851948,5.290496986156931,5.290969328011717,5.291442694518341,5.291916977155671,5.292392067810161,5.2928678588062565,5.293344242936474,5.293821113491115,5.294298364287635,5.294775889699634,5.295253584685472,5.295731344816497,5.296209066304883,5.296686646031062,5.29716398157075,5.297640971221555,5.2981175140291485,5.298593509813033,5.2990688591918405,5.299543463608205,5.300017225353177,5.300490047590188,5.300961834378538,5.301432490696427,5.301901922463508,5.3023700365629605,5.3028367408630785,5.303301944238374,5.303765556590177,5.304227488866756,5.304687653082917,5.305145962339109,5.305602330840019,5.306056673912653,5.306508908023895,5.306958950797571,5.307406721030958,5.307852138710796,5.308295125028768,5.3087356023964425,5.3091734944596976,5.309608726112616,5.3100412235108285,5.310470914084354,5.31089772654987,5.311321590922482,5.31174243852693,5.31216020200827,5.312574815342025,5.312986213843781,5.313394334178271,5.313799114367896,5.314200493800736,5.314598413238007,5.3149928148209975,5.315383642077464,5.315770839927499,5.316154354688869,5.316534134081823,5.316910127233376,5.3172822846810694,5.317650558376207,5.318014901686574,5.318375269398635,5.31873161771922,5.319083904276706,5.319432088121671,5.319776129727066,5.3201159909878655,5.320451635220233,5.320783027160186,5.321110132961766,5.32143292019473,5.32175135784175,5.322065416295146,5.3223750673531285,5.322680284215581,5.32298104147938,5.3232773151332475,5.323569082552143,5.323856322491221,5.324139015079335,5.3244171418120905,5.324690685544481,5.324959630483084,5.325223962177838,5.325483667513399,5.325738734700081,5.325989153264406,5.326234914039235,5.326476009153514,5.32671243202164,5.326944177332433,5.327171241037742,5.327393620340675,5.327611313683487,5.327824320735086,5.328032642378218,5.328236280696291,5.328435238959883,5.32862952161291,5.328819134258485,5.329004083644462,5.329184377648672,5.329360025263872,5.329531036582395,5.3296974227805265,5.329859196102599,5.330016369844835,5.330168958338914,5.330316976935301,5.330460441986332,5.330599370829062,5.330733781767886,5.330863694056952,5.330989127882345,5.331110104344094,5.33122664543796,5.33133877403706,5.3314465138733045,5.331549889518666,5.331648926366289,5.33174365061145,5.331834089232379,5.331920269970928,5.332002221313135,5.3320799724696615,5.3321535533561155,5.332222994573286,5.332288327387268,5.332349583709528,5.332406796076868,5.332459997631349,5.332509222100132,5.3325545037752855,5.332595877493555,5.332633378616081,5.33266704300812,5.332696907018723,5.33272300746043,5.332745381588952,5.332764067082867,5.33277910202334,5.332790524873858,5.332798374460015,5.332802689949325,5.332803510831101,5.3328008768963855,5.332794828217946,5.33278540513036,5.33277264821017,5.33275659825614,5.332737296269601,5.332714783434923,5.332689101100085,5.332660290757376,5.332628394024226,5.33259345262418,5.332555508368005,5.332514603134969,5.332470778854272,5.332424077486631,5.332374541006072,5.332322211381871,5.33226713056071,5.332209340449013,5.3321488828954875,5.3320857996738855,5.332020132465969,5.331951922844697,5.331881212257652,5.331808042010698,5.331732453251863,5.331654486955498,5.331574183906657,5.331491584685763,5.331406729653517,5.331319658936083,5.331230412410556,5.331139029690698,5.331045550112957,5.330950012722789,5.33085245626126,5.330752919151953,5.330651439488179,5.330548055020487,5.330442803144502,5.330335720889051,5.330226844904639,5.330116211452222,5.33000385639232,5.329889815174452,5.329774122826909,5.3296568139468565,5.329537922690777,5.329417482765252,5.329295527418091,5.329172089429797,5.329047201105383,5.3289208942665445,5.328793200244167,5.328664149871205,5.328533773475887,5.328402100875309,5.328269161369349,5.328134983734971,5.327999596220852,5.327863026542396,5.327725301877082,5.327586448860181,5.327446493580837,5.327305461578484,5.327163377839639,5.327020266795037,5.326876152317133,5.326731057717945,5.326585005747254,5.3264380185911655,5.326290117871001,5.32614132464255,5.325991659395663,5.325841142054188,5.325689791976253,5.325537627954879,5.3253846682189305,5.3252309304344045,5.325076431706043,5.324921188579274,5.324765217042479,5.324608532529577,5.324451149922923,5.3242930835565225,5.324134347219554,5.323974954160193,5.323814917089739,5.323654248187032,5.323492959103171,5.3233310609665025,5.323168564387914,5.3230054794663735,5.322841815794764,5.3226775824659756,5.322512788079261,5.32234744074684,5.322181548100753,5.322015117299977,5.321848155037749,5.321680667549147,5.3215126606188905,5.321344139589351,5.321175109368787,5.321005574439787,5.320835538867906,5.320665006310502,5.320493980025767,5.320322462881925,5.3201504573666165,5.319977965596453,5.319804989326724,5.31963152996127,5.319457588562491,5.319283165861518,5.31910826226849,5.318932877882992,5.3187570125045855,5.318580665643468,5.318403836531245,5.318226524131789,5.318048727152193,5.317870444053834,5.317691673063486,5.317512412184521,5.317332659208184,5.317152411724911,5.316971667135714,5.316790422663606,5.316608675365066,5.316426422141545,5.316243659750985,5.316060384819374,5.3158765938523,5.315692283246531,5.315507449301575,5.315322088231254,5.315136196175261,5.314949769210695,5.314762803363586,5.314575294620378,5.314387238939392,5.314198632262236,5.314009470525182,5.313819749670491,5.313629465657674,5.313438614474708,5.313247192149169,5.313055194759312,5.312862618445066,5.31266945941895,5.312475713976914,5.312281378509084,5.312086449510411,5.311890923591236,5.311694797487754,5.311498068072358,5.3113007323638906,5.311102787537789,5.3109042309360985,5.310705060077385,5.310505272666517,5.310304866604331,5.31010383999717,5.309902191166289,5.3096999186571345,5.309497021248494,5.309293497961499,5.309089348068502,5.308884571101814,5.308679166862289,5.308473135427785,5.308266477161467,5.308059192719971,5.307851283061418,5.30764274945329,5.307433593480143,5.307223817051191,5.307013422407719,5.306802412130364,5.306590789146235,5.30637855673589,5.3061657185401545,5.305952278566791,5.305738241197028,5.30552361119192,5.305308393698575,5.305092594256218,5.304876218802114,5.304659273677341,5.304441765632404,5.304223701832716,5.304005089863923,5.3037859377370795,5.303566253893687,5.303346047210588,5.303125327004697,5.302904103037616,5.302682385520092,5.302460185116336,5.302237512948199,5.302014380599225,5.301790800118537,5.301566784024623,5.301342345308956,5.301117497439496,5.300892254364055,5.300666630513534,5.30044064080502,5.300214300644761,5.299987625931015,5.299760633056766,5.29953333891231,5.299305760887731,5.299077916875236,5.298849825271376,5.298621504979144,5.298392975409948,5.298164256485469,5.29793536863939,5.297706332819014,5.297477170486764,5.297247903621556,5.297018554720062,5.296789146797854,5.296559703390434,5.296330248554134,5.2961008068669235,5.295871403429076,5.295642063863736,5.295412814317357,5.295183681460042,5.29495469248574,5.29472587511235,5.294497257581691,5.294268868659364,5.294040737634491,5.2938128943193306,5.293585369048779,5.293358192679752,5.293131396590431,5.292905012679407,5.292679073364673,5.2924536115825225,5.292228660786288,5.29200425494497,5.29178042854174,5.291557216572294,5.291334654543085,5.291112778469412,5.290891624873381,5.290671230781721,5.290451633723455,5.290232871727432,5.290014983319714,5.2897980075208135,5.289581983842775,5.2893669522861195,5.28915295333661,5.288940027961883,5.288728217607906,5.288517564195276,5.288308110115351,5.288099898226216,5.28789297184848,5.287687374760893,5.287483151195794,5.2872803458343745,5.287079003801769,5.286879170661954,5.286680892412457,5.2864842154788905,5.286289186709277,5.286095853368197,5.285904263130716,5.285714464076137,5.2855265046815365,5.285340433815094,5.285156300729223,5.28497415505348,5.284794046787279,5.284616026292372,5.284440144285128,5.284266451828584,5.284095000324281,5.283925841503873,5.283759027420517,5.283594610440032,5.283432643231831,5.28327317875963,5.2831162702719165,5.282961971292191,5.282810335608978,5.282661417265607,5.282515270549738,5.282371949982682,5.282231510308466,5.282094006482659,5.2819594936609775,5.281828027187645,5.281699662583513,5.281574455533953,5.2814524618765075,5.2813337375883105,5.281218338773269,5.281106321649018,5.280997742533641,5.280892657832154,5.280791124022778,5.280693197642965,5.280598935275213,5.280508393532653,5.280421629044419,5.280338698440794,5.280259658338159,5.280184565323702,5.2801134759399515,5.280046446669083,5.2799835339170285,5.279924793997405,5.279870283115219,5.279820057350422,5.279774172641254,5.279732684767408,5.279695649333048,5.279663121749623,5.279635157218542,5.279611810713686,5.2795931369637605,5.279579190434516,5.279570025310813,5.279565695478569,5.279566254506569,5.279571755628161,5.279582251722837,5.279597795297716,5.279618438468909,5.279644232942824,5.279675229997358,5.279711480463034,5.279753034704063,5.279799942599354,5.279852253523459,5.279910016327498,5.279973279320032,5.280042090247918,5.280116496277158,5.28019654397372,5.280282279284387,5.2803737475176025,5.280470993324333,5.280574060678982,5.280682992860321,5.280797832432488,5.280918621226035,5.281045400319049,5.281178210018356,5.281317089840806,5.281462078494666,5.281613213861113,5.28177053297586,5.281934072010892,5.28210386625636,5.282279950102617,5.282462357022406,5.282651119553234,5.282846269279912,5.28304783681729,5.283255851793192,5.283470342831559,5.283691337535815,5.283918862472462,5.284152943154905,5.2843936040275485,5.28464086845012,5.284894758682299,5.285155295868585,5.285422500023493,5.285696390017008,5.285976983560375,5.286264297192186,5.286558346264797,5.286859144931082,5.287166706131522,5.287481041581645,5.287802161759827,5.288130075895459,5.288464791957486,5.28880631664333,5.28915465536821,5.289509812254841,5.289871790123563,5.290240590482857,5.290616213520302,5.290998658093941,5.2913879217240885,5.291784000585571
